<Contour name="/scratch2/projects/20_22_project_too/clipped_fixed_mesh/a007.mesh" hidden="false" closed="true" simplified="true" border="0 0 1" fill="1 1 0.501961" mode="9"
 points="5684.39111328125 5372.04150390625,
5686.9423828125 5345.94482421875,
5681.6650390625 5298.87744140625,
5678.3037109375 5289.2890625,
5659.94775390625 5224.857421875,
5657.4814453125 5217.69873046875,
5654.10009765625 5200,
5600 5200,
5600 5414.6943359375,
5600.728515625 5414.849609375,
5635.6103515625 5410.4697265625,
5641.1630859375 5409.34326171875,
5647.6630859375 5406.5400390625,
5649.69140625 5405.6650390625,
5675.54541015625 5389.22607421875,
"/>
<Contour name="/scratch2/projects/20_22_project_too/clipped_fixed_mesh/a043.mesh" hidden="false" closed="true" simplified="true" border="0 0 1" fill="1 1 0.501961" mode="9"
 points="5893.0322265625 5789.26171875,
5892.81005859375 5808.52099609375,
5884.73876953125 5817.53173828125,
5871.15234375 5837.94482421875,
5851.66259765625 5860.2900390625,
5847.84765625 5865.35498046875,
5842.041015625 5871.37841796875,
5820.0517578125 5888.9921875,
5795.63134765625 5904.4384765625,
5787.31640625 5910.0185546875,
5780.04150390625 5915.0712890625,
5766.6748046875 5922.25830078125,
5752.64599609375 5929.8017578125,
5740.0849609375 5936.06103515625,
5715.048828125 5949.77587890625,
5708.7412109375 5952.72607421875,
5692.478515625 5960.37255859375,
5679.4912109375 5966.31591796875,
5678.15380859375 5966.90673828125,
5675.82861328125 5967.767578125,
5642.6064453125 5973.1640625,
5638.64501953125 5972.69091796875,
5632.763671875 5971.1025390625,
5608.1513671875 5965.7470703125,
5600 5960.47021484375,
5600 5802.27685546875,
5600.55712890625 5802.01171875,
5626.13525390625 5781.21923828125,
5632.5283203125 5780.798828125,
5666.83544921875 5774.001953125,
5701.84521484375 5771.38720703125,
5716.26806640625 5769.84765625,
5725.01123046875 5769.12109375,
5731.1611328125 5768.36572265625,
5773.828125 5763.1259765625,
5811.05859375 5763.091796875,
5820.1416015625 5762.4208984375,
5858.501953125 5761.44921875,
5869.32861328125 5764.26123046875,
5893.37109375 5769.47412109375,
5900 5777.796875,
5900 5778.3623046875,
"/>
<Contour name="/scratch2/projects/20_22_project_too/clipped_fixed_mesh/a079.mesh" hidden="false" closed="true" simplified="true" border="0 0 1" fill="1 1 0.501961" mode="9"
 points="5884.43896484375 6500,
5882.78125 6495.287109375,
5877.30712890625 6469.5869140625,
5875.2373046875 6455.62158203125,
5871.197265625 6438.796875,
5858.78271484375 6417.75732421875,
5836.38720703125 6402.41162109375,
5808.21484375 6390.05517578125,
5792.43994140625 6387.83984375,
5779.7158203125 6391.01318359375,
5733.28564453125 6394.4384765625,
5681.2646484375 6432.26220703125,
5667.42578125 6442.7587890625,
5662.9638671875 6452.0576171875,
5666.1630859375 6475.35693359375,
5664.9892578125 6500,
"/>
<Contour name="/scratch2/projects/20_22_project_too/clipped_fixed_mesh/a090.mesh" hidden="false" closed="true" simplified="true" border="0 0 1" fill="1 1 0.501961" mode="9"
 points="5851.04736328125 5287.22314453125,
5848.1708984375 5264.66796875,
5845.703125 5249.07470703125,
5830.52587890625 5216.859375,
5820.525390625 5200,
5671.86767578125 5200,
5673.6396484375 5209.4482421875,
5688.71923828125 5264.0302734375,
5688.77099609375 5264.2568359375,
5688.79541015625 5264.4072265625,
5688.84619140625 5264.61279296875,
5708.42919921875 5316.89990234375,
5712.9599609375 5324.41845703125,
5740.3134765625 5337.5537109375,
5749.1484375 5339.49365234375,
5771.20166015625 5337.19775390625,
5793.44677734375 5336.82958984375,
5813.95654296875 5328.97265625,
5818.06787109375 5326.84130859375,
5832.23291015625 5316.14892578125,
5839.90283203125 5310.44140625,
5841.4619140625 5307.744140625,
"/>
<Contour name="/scratch2/projects/20_22_project_too/clipped_fixed_mesh/a110.mesh" hidden="false" closed="true" simplified="true" border="0 0 1" fill="1 1 0.501961" mode="9"
 points="5892.6298828125 5739.0703125,
5900 5740.16748046875,
5900 5288.75,
5872.08544921875 5310.564453125,
5831.0048828125 5342.076171875,
5828.21630859375 5344.82861328125,
5826.4853515625 5345.69091796875,
5822.0810546875 5346.8447265625,
5781.8662109375 5360.00146484375,
5755.88037109375 5362.26171875,
5754.3349609375 5362.525390625,
5753.16943359375 5362.9228515625,
5733.416015625 5371.6845703125,
5730.6455078125 5374.2333984375,
5719.80517578125 5387.42626953125,
5716.1728515625 5395.701171875,
5713.37451171875 5406.4736328125,
5712.12353515625 5420.91357421875,
5713.7353515625 5431.4814453125,
5717.10693359375 5451.25537109375,
5718.68896484375 5456.5791015625,
5726.18017578125 5480.89306640625,
5733.41259765625 5525.6982421875,
5733.77001953125 5527.4306640625,
5733.7685546875 5529.0517578125,
5732.3251953125 5577.0400390625,
5721.83349609375 5599.435546875,
5703.80126953125 5641.65478515625,
5702.59619140625 5644.58349609375,
5700.6748046875 5649.25244140625,
5690.962890625 5669.9013671875,
5683.2548828125 5687.91845703125,
5678.78466796875 5691.47412109375,
5664.4853515625 5713.50634765625,
5673.28173828125 5729.65625,
5673.4482421875 5740.8203125,
5707.38330078125 5742.216796875,
5723.72314453125 5743.39794921875,
5725.3759765625 5743.294921875,
5750 5741.75634765625,
5759.4208984375 5740.39501953125,
5773.18896484375 5738.69775390625,
5801.82568359375 5737.2939453125,
5824.998046875 5735.06591796875,
5855.22265625 5735.892578125,
5871.09375 5737.49658203125,
5886.04296875 5738.73828125,
"/>
<Contour name="/scratch2/projects/20_22_project_too/clipped_fixed_mesh/a217.mesh" hidden="false" closed="true" simplified="true" border="0 0 1" fill="1 1 0.501961" mode="9"
 points="5893.02490234375 5975.1474609375,
5900 5972.41796875,
5900 5834.390625,
5891.7421875 5844.31640625,
5881.52197265625 5856.833984375,
5863.14892578125 5879.76953125,
5862.60595703125 5880.4619140625,
5862.47705078125 5880.58447265625,
5837.6328125 5900.12255859375,
5831.64990234375 5905.41259765625,
5815.400390625 5917.8095703125,
5785.8076171875 5939.203125,
5782.5869140625 5940.87646484375,
5772.42626953125 5947.1806640625,
5744.513671875 5964.50048828125,
5739.53125 5966.43212890625,
5722.8125 5975.3701171875,
5706.6923828125 5986.8388671875,
5685.69482421875 6003.37158203125,
5678.724609375 6014.9697265625,
5671.16845703125 6028.09521484375,
5670.8642578125 6029.75,
5670.52783203125 6032.16650390625,
5678.4765625 6058.0126953125,
5685.2431640625 6066.83740234375,
5695.62158203125 6065.0615234375,
5707.97705078125 6060.5751953125,
5735.4130859375 6054.9296875,
5755.7568359375 6054.1259765625,
5771.98876953125 6046.27392578125,
5793.1796875 6037.111328125,
5801.92529296875 6033.32958984375,
5808.6865234375 6028.84130859375,
5825.00634765625 6018.0869140625,
5836.11083984375 6006.57958984375,
5841.388671875 6004.34326171875,
5851.61083984375 6000.44873046875,
5869.875 5988.66748046875,
5882.361328125 5981.53369140625,
"/>
<Contour name="/scratch2/projects/20_22_project_too/clipped_fixed_mesh/a218.mesh" hidden="false" closed="true" simplified="true" border="0 0 1" fill="1 1 0.501961" mode="9"
 points="5889.39990234375 6373.44921875,
5900 6380.54736328125,
5900 5995.4033203125,
5888.11865234375 6001.947265625,
5871.71630859375 6013.17138671875,
5831.1455078125 6041.77978515625,
5825.17822265625 6045.50927734375,
5799.2421875 6063.3828125,
5798.599609375 6063.826171875,
5779.9599609375 6073.55419921875,
5764.6259765625 6088.5654296875,
5748.06982421875 6093.02783203125,
5724.591796875 6102.298828125,
5716.8701171875 6106.99560546875,
5696.61474609375 6111.75146484375,
5693.3203125 6112.28466796875,
5686.203125 6115.89892578125,
5673.8916015625 6123.68798828125,
5667.34326171875 6128.4404296875,
5659.416015625 6137.9853515625,
5652.4296875 6146.9453125,
5651.71923828125 6155.6064453125,
5646.91845703125 6162.3916015625,
5630.90771484375 6178.26123046875,
5623.98779296875 6187.853515625,
5600.88818359375 6223.140625,
5600 6223.31982421875,
5600 6403.0068359375,
5642.24169921875 6392.4853515625,
5653.26708984375 6389.70751953125,
5661.6943359375 6383.353515625,
5692.38818359375 6373.44580078125,
5703.1044921875 6364.03076171875,
5739.904296875 6357.30224609375,
5747.1005859375 6356.23486328125,
5775.1298828125 6359.32666015625,
5796.3427734375 6357.57666015625,
5806.7958984375 6358.443359375,
5847.7509765625 6362.32763671875,
5858.56103515625 6366.0673828125,
5869.70849609375 6368.73583984375,
"/>
<Contour name="/scratch2/projects/20_22_project_too/clipped_fixed_mesh/d000.mesh" hidden="false" closed="true" simplified="true" border="0 0 1" fill="1 1 0.501961" mode="9"
 points="5711.67236328125 5557.8779296875,
5711.68359375 5538.13720703125,
5711.677734375 5510.58203125,
5705.5380859375 5496.138671875,
5694.869140625 5463.0810546875,
5666.23193359375 5443.984375,
5660.7060546875 5439.6865234375,
5657.28759765625 5439.505859375,
5655.2255859375 5439.31005859375,
5614.75927734375 5435.458984375,
5608.92333984375 5436.88720703125,
5604.59765625 5438.3466796875,
5600 5437.875,
5600 5747.1708984375,
5600.712890625 5746.2421875,
5608.30908203125 5735.5966796875,
5630.603515625 5710.9609375,
5647.56689453125 5690.86962890625,
5658.541015625 5679.3076171875,
5681.04443359375 5647.9091796875,
5695.2734375 5614.955078125,
5695.60693359375 5614.296875,
5699.8125 5606.0029296875,
5702.16552734375 5598.80419921875,
"/>
<Contour name="/scratch2/projects/20_22_project_too/clipped_fixed_mesh/d000.mesh" hidden="false" closed="true" simplified="true" border="0 0 1" fill="1 1 0.501961" mode="9"
 points="5629.6982421875 6082.56591796875,
5629.64404296875 6082.2626953125,
5627.35107421875 6054.453125,
5627.841796875 6043.419921875,
5628.1728515625 6028.20556640625,
5623.01904296875 6016.49072265625,
5619.46240234375 6007.6201171875,
5606.171875 5997.640625,
5603.33447265625 5993.04296875,
5600 5990.18115234375,
5600 6154.025390625,
5611.25927734375 6140.83544921875,
5617.19873046875 6118.37939453125,
5629.69384765625 6083.06201171875,
"/>
<Contour name="/scratch2/projects/20_22_project_too/clipped_fixed_mesh/d000.mesh" hidden="false" closed="true" simplified="true" border="0 0 1" fill="1 1 0.501961" mode="9"
 points="5634.8037109375 6500,
5623.84033203125 6474.3291015625,
5618.1865234375 6462.27490234375,
5609.93115234375 6455.564453125,
5600 6448.7529296875,
5600 6500,
"/>
<Contour name="/scratch2/projects/20_22_project_too/clipped_fixed_mesh/g.mesh" hidden="false" closed="true" simplified="true" border="0 0 1" fill="1 1 0.501961" mode="9"
 points="5889.91162109375 5267.7626953125,
5900 5261.74462890625,
5900 5200,
5859.7783203125 5200,
5859.70654296875 5210.18115234375,
5861.39111328125 5217.19921875,
5863.88671875 5231,
5864.5595703125 5235.71826171875,
5865.17529296875 5238.1328125,
5871.70556640625 5253.7548828125,
5880.20751953125 5261.6396484375,
5886.8583984375 5267.9951171875,
"/>
