<?xml version="1.0"?>
<!DOCTYPE Section SYSTEM "section.dtd">

<Section index="681" thickness="0.00164" alignLocked="true">
<Transform dim="0"
 xcoef=" 0 1 0 0 0 0"
 ycoef=" 0 0 1 0 0 0">
<Contour name="OuterMembrane" hidden="false" closed="true" simplified="true" border="1 0 0" fill="1 0 0" mode="11"
points="2.00644 0.560619,
2.00383 0.557872,
2.00388 0.557974,
2.00728 0.562364,
2.01098 0.568611,
2.01471 0.574856,
2.01891 0.581588,
2.02894 0.590051,
2.03352 0.592404,
2.03842 0.594198,
2.04618 0.595495,
2.05587 0.596739,
2.06555 0.597982,
2.07547 0.59655,
2.08085 0.59541,
2.08915 0.593029,
2.09659 0.590359,
2.10404 0.587689,
2.11229 0.583942,
2.12052 0.580193,
2.12524 0.57728,
2.13246 0.571579,
2.13795 0.566269,
2.14471 0.559479,
2.15147 0.55269,
2.15604 0.544785,
2.15878 0.541049,
2.16362 0.53045,
2.16562 0.523655,
2.16611 0.514086,
2.16562 0.506583,
2.16493 0.498991,
2.16459 0.491921,
2.16595 0.483515,
2.16933 0.474816,
2.17272 0.466118,
2.17421 0.460952,
2.17623 0.449576,
2.17598 0.43623,
2.17446 0.429065,
2.17088 0.421419,
2.16741 0.413729,
2.16437 0.408726,
2.15852 0.402589,
2.15275 0.396367,
2.14817 0.392824,
2.14035 0.389085,
2.13251 0.385346,
2.12544 0.381926,
2.11998 0.380331,
2.11196 0.37831,
2.10763 0.377525,
2.09923 0.3775,
2.09095 0.377359,
2.07837 0.377261,
2.07394 0.377746,
2.0641 0.380129,
2.05723 0.381954,
2.05034 0.38378,
2.0415 0.386581,
2.03704 0.388204,
2.03088 0.391586,
2.02471 0.394966,
2.01681 0.399074,
2.01305 0.401815,
2.0061 0.408504,
1.99672 0.418371,
1.99068 0.428863,
1.98743 0.43913,
1.98612 0.443435,
1.98517 0.451612,
1.98451 0.459236,
1.98425 0.468241,
1.98406 0.475418,
1.98386 0.482596,
1.98425 0.488371,
1.98627 0.495829,
1.98837 0.50285,
1.99048 0.509873,
1.99368 0.519398,
1.99483 0.526424,
1.99596 0.533448,
1.99665 0.538756,
2.00006 0.550799,
"/>
<Contour name="InnerMembrane" hidden="false" closed="true" simplified="true" border="1 0 0" fill="1 0 0" mode="11"
points="2.04784 0.561287,
2.04441 0.561187,
2.05417 0.562248,
2.05964 0.562999,
2.06522 0.563343,
2.0708 0.563689,
2.07427 0.563097,
2.08228 0.56301,
2.08769 0.561994,
2.09279 0.5612,
2.09776 0.560349,
2.10271 0.559378,
2.10765 0.558409,
2.11266 0.556565,
2.11749 0.554135,
2.12223 0.551314,
2.12697 0.548495,
2.131 0.544603,
2.13471 0.540447,
2.138 0.535545,
2.14099 0.530711,
2.14374 0.525896,
2.14566 0.520738,
2.14738 0.515621,
2.14884 0.510391,
2.15025 0.504926,
2.15165 0.499326,
2.15278 0.493435,
2.15378 0.487918,
2.15488 0.482216,
2.15609 0.476499,
2.1575 0.470777,
2.15842 0.465352,
2.15891 0.46005,
2.15913 0.454734,
2.15934 0.449203,
2.15954 0.443669,
2.15909 0.437878,
2.15732 0.43319,
2.15553 0.429075,
2.15268 0.424394,
2.14981 0.419715,
2.14576 0.415568,
2.14171 0.411419,
2.13764 0.408144,
2.13129 0.40557,
2.12554 0.403684,
2.12024 0.402349,
2.11537 0.401351,
2.11058 0.40034,
2.10573 0.399153,
2.10068 0.398049,
2.09521 0.397295,
2.08951 0.396873,
2.08367 0.396654,
2.07758 0.396526,
2.07121 0.396759,
2.06484 0.396992,
2.06055 0.398487,
2.05584 0.400176,
2.05113 0.401864,
2.04611 0.403899,
2.04165 0.405793,
2.03742 0.407853,
2.03322 0.409892,
2.02922 0.411988,
2.0252 0.414085,
2.0205 0.418213,
2.01641 0.422239,
2.01262 0.426208,
2.00884 0.430177,
2.00582 0.43592,
2.00282 0.441665,
2.00154 0.446839,
2.00059 0.451909,
1.99983 0.45733,
1.999 0.462339,
1.99857 0.467013,
1.99826 0.471777,
1.99806 0.476618,
1.99791 0.484938,
1.99873 0.490463,
1.99959 0.495493,
2.00046 0.500523,
2.00134 0.505102,
2.00356 0.511203,
2.00569 0.516228,
2.00775 0.521382,
2.0098 0.526701,
2.01161 0.530914,
2.0134 0.535127,
2.01712 0.540798,
2.02084 0.546468,
2.02584 0.550996,
2.03084 0.555522,
2.03591 0.558714,
2.04214 0.560821,
"/>
</Transform>

</Section>
