<?xml version="1.0"?>
<!DOCTYPE Section SYSTEM "section.dtd">

<Section index="658" thickness="0.00164" alignLocked="true">
<Transform dim="0"
 xcoef=" 0 1 0 0 0 0"
 ycoef=" 0 0 1 0 0 0">
<Contour name="OuterMembrane" hidden="false" closed="true" simplified="true" border="1 0 0" fill="1 0 0" mode="11"
points="2.05213 0.620504,
2.058 0.622815,
2.06483 0.623815,
2.07165 0.624815,
2.07796 0.623892,
2.08428 0.622969,
2.08972 0.62216,
2.09635 0.62097,
2.10297 0.619779,
2.1095 0.617955,
2.11596 0.614875,
2.12278 0.612332,
2.12847 0.608904,
2.13416 0.605475,
2.14486 0.59942,
2.15373 0.591486,
2.1618 0.58417,
2.16947 0.575397,
2.17523 0.569213,
2.18082 0.562863,
2.18496 0.558138,
2.1891 0.553415,
2.19288 0.548575,
2.19509 0.542897,
2.19732 0.537221,
2.19894 0.52941,
2.20052 0.522327,
2.20132 0.516023,
2.20213 0.50972,
2.20278 0.504395,
2.20314 0.498704,
2.20337 0.492856,
2.20349 0.48585,
2.20355 0.479856,
2.20359 0.474093,
2.2036 0.466816,
2.20359 0.460402,
2.20359 0.453986,
2.20265 0.447669,
2.20255 0.441068,
2.20252 0.434444,
2.20249 0.427819,
2.20144 0.420995,
2.19908 0.413851,
2.19673 0.406709,
2.19376 0.400888,
2.19079 0.395068,
2.18766 0.389831,
2.18445 0.384546,
2.18187 0.379949,
2.17771 0.373007,
2.17354 0.366063,
2.16915 0.360787,
2.16472 0.355449,
2.16029 0.350112,
2.15696 0.346698,
2.15245 0.343532,
2.14728 0.340377,
2.14214 0.337222,
2.13725 0.334991,
2.13238 0.332761,
2.12816 0.33128,
2.12164 0.330388,
2.11578 0.329881,
2.11009 0.32956,
2.10443 0.329328,
2.09708 0.329214,
2.0909 0.329256,
2.08478 0.329942,
2.07842 0.331164,
2.07207 0.332385,
2.06563 0.333597,
2.0592 0.334808,
2.05315 0.336702,
2.04706 0.339031,
2.04073 0.341596,
2.03511 0.344387,
2.02963 0.347099,
2.02373 0.350591,
2.01891 0.352992,
2.014 0.355454,
2.0089 0.358027,
2.00318 0.361441,
1.99745 0.364854,
1.98978 0.370289,
1.98563 0.374779,
1.98109 0.379599,
1.97725 0.384265,
1.97395 0.388992,
1.97061 0.393818,
1.96736 0.399191,
1.96411 0.404563,
1.96177 0.41051,
1.95955 0.416837,
1.95783 0.422715,
1.95622 0.428435,
1.95472 0.434056,
1.95317 0.439695,
1.95193 0.445273,
1.95083 0.452138,
1.95006 0.458865,
1.94947 0.465614,
1.94939 0.472397,
1.94978 0.477796,
1.95019 0.483193,
1.95165 0.489012,
1.95335 0.495193,
1.95524 0.501327,
1.95691 0.507359,
1.95908 0.513381,
1.96149 0.519465,
1.9636 0.524346,
1.96662 0.531244,
1.96948 0.537384,
1.97261 0.543124,
1.97576 0.548864,
1.9794 0.554825,
1.98306 0.560787,
1.98568 0.566879,
1.98932 0.571205,
1.99286 0.575501,
1.99654 0.579807,
2.00021 0.584114,
2.00377 0.587294,
2.00884 0.592584,
2.01335 0.597931,
2.01786 0.603277,
2.02279 0.60783,
2.02771 0.612381,
2.03534 0.615253,
2.04303 0.617922,
2.04682 0.619453,
2.05082 0.620479,
"/>
<Contour name="InnerMembrane" hidden="false" closed="true" simplified="true" border="1 0 0" fill="1 0 0" mode="11"
points="2.05656 0.6026,
2.05558 0.602767,
2.05481 0.602795,
2.05525 0.6028,
2.06576 0.602267,
2.07129 0.602046,
2.07716 0.601683,
2.08305 0.601322,
2.091 0.599915,
2.09953 0.598369,
2.10319 0.597688,
2.11073 0.596265,
2.11521 0.594984,
2.11968 0.593703,
2.12514 0.590508,
2.13061 0.587315,
2.13353 0.585362,
2.13731 0.581654,
2.1411 0.577947,
2.14525 0.572075,
2.14874 0.568411,
2.15184 0.564691,
2.15493 0.560716,
2.15803 0.556741,
2.1605 0.552032,
2.16296 0.547324,
2.16537 0.542696,
2.16785 0.538256,
2.17051 0.533868,
2.17323 0.529325,
2.17603 0.5243,
2.17859 0.518926,
2.18127 0.51329,
2.18315 0.508267,
2.18448 0.503418,
2.18566 0.498376,
2.18683 0.493335,
2.1875 0.489876,
2.18753 0.484654,
2.18758 0.479498,
2.18756 0.474119,
2.18761 0.468619,
2.18763 0.463164,
2.18766 0.457714,
2.18768 0.452219,
2.18769 0.446723,
2.18769 0.438838,
2.1864 0.433003,
2.18497 0.427389,
2.18325 0.422077,
2.18089 0.416821,
2.17851 0.411565,
2.17444 0.406495,
2.17036 0.401424,
2.16664 0.398177,
2.16318 0.394956,
2.15973 0.391737,
2.15614 0.388933,
2.15211 0.386266,
2.14786 0.383394,
2.14314 0.380793,
2.138 0.378356,
2.13277 0.376373,
2.12733 0.374799,
2.12214 0.373725,
2.11727 0.373105,
2.11257 0.372721,
2.10732 0.372578,
2.10199 0.372464,
2.09712 0.372492,
2.09228 0.372977,
2.08724 0.373749,
2.08175 0.374161,
2.07626 0.374573,
2.07084 0.375096,
2.06543 0.375617,
2.06061 0.37647,
2.05549 0.377136,
2.04993 0.377618,
2.04392 0.3784,
2.03788 0.379183,
2.03165 0.381238,
2.02532 0.383161,
2.01969 0.385567,
2.01443 0.38828,
2.00959 0.391289,
2.00475 0.394299,
2.00003 0.397748,
1.99531 0.401198,
1.9924 0.405974,
1.98957 0.410795,
1.98671 0.415617,
1.98479 0.419996,
1.98128 0.4276,
1.979 0.434257,
1.9773 0.439866,
1.97559 0.445476,
1.97482 0.450741,
1.97425 0.455808,
1.97394 0.460683,
1.9734 0.465752,
1.97297 0.471072,
1.97282 0.476474,
1.97262 0.481901,
1.97243 0.487326,
1.97299 0.493082,
1.97471 0.499626,
1.97522 0.503118,
1.97718 0.507405,
1.97915 0.511693,
1.98135 0.515652,
1.98652 0.521156,
1.99024 0.525668,
1.99326 0.530289,
1.99627 0.534909,
1.99885 0.539594,
2.0016 0.544308,
2.00436 0.549021,
2.00677 0.553311,
2.00946 0.557854,
2.01236 0.562717,
2.01543 0.567809,
2.01881 0.572883,
2.02235 0.577941,
2.0253 0.582982,
2.02824 0.588024,
2.03603 0.59705,
2.04124 0.600324,
2.04674 0.602236,
2.05192 0.602907,
"/>
<Contour name="CristaeMembrane" hidden="false" closed="true" simplified="true" border="1 0 0" fill="1 0 0" mode="11"
points="2.07606 0.570945,
2.07493 0.570746,
2.07378 0.5706,
2.07265 0.570456,
2.0716 0.569987,
2.07022 0.569695,
2.06858 0.569657,
2.06771 0.569246,
2.06668 0.56895,
2.06548 0.568906,
2.0643 0.56886,
2.06323 0.568857,
2.06202 0.568873,
2.06004 0.568659,
2.0591 0.568285,
2.05771 0.568158,
2.0563 0.568034,
2.055 0.567465,
2.05423 0.567287,
2.05236 0.567255,
2.05136 0.567292,
2.05038 0.56733,
2.04874 0.567222,
2.04752 0.567224,
2.04647 0.567222,
2.04547 0.567219,
2.04447 0.567214,
2.04355 0.567251,
2.04265 0.567432,
2.04169 0.567793,
2.04078 0.568329,
2.03996 0.569034,
2.03923 0.569977,
2.03863 0.571117,
2.03804 0.572257,
2.03762 0.573515,
2.0375 0.574253,
2.03749 0.575414,
2.03749 0.576667,
2.03747 0.577918,
2.03726 0.578945,
2.0365 0.579691,
2.03576 0.580435,
2.03499 0.580637,
2.03424 0.580947,
2.03321 0.581473,
2.03219 0.582,
2.03098 0.582251,
2.02911 0.582805,
2.02825 0.582805,
2.02714 0.582992,
2.02615 0.583304,
2.02517 0.583615,
2.02433 0.583707,
2.02324 0.584096,
2.02214 0.584485,
2.02133 0.584649,
2.01953 0.585327,
2.01835 0.585646,
2.01674 0.586453,
2.01558 0.587013,
2.01458 0.58753,
2.01358 0.588048,
2.01246 0.588585,
2.01133 0.589119,
2.01057 0.58956,
2.0098 0.590172,
2.00903 0.591043,
2.00828 0.591914,
2.00734 0.592629,
2.00667 0.593388,
2.00605 0.594543,
2.00542 0.595697,
2.00467 0.597209,
2.00423 0.598139,
2.00393 0.599259,
2.00388 0.600311,
2.00382 0.601363,
2.00351 0.602014,
2.00321 0.602887,
2.00305 0.603919,
2.00306 0.604955,
2.00308 0.60599,
2.00303 0.606754,
2.00308 0.608447,
2.0031 0.609624,
2.0031 0.610803,
2.00303 0.611627,
2.00308 0.612507,
2.00349 0.613698,
2.0039 0.61489,
2.00405 0.615708,
2.00434 0.616551,
2.00497 0.617581,
2.00561 0.618613,
2.00652 0.620004,
2.00721 0.620814,
2.0079 0.621626,
2.00867 0.622701,
2.00939 0.623774,
2.01013 0.624847,
2.01071 0.625775,
2.01128 0.626705,
2.01194 0.627672,
2.01259 0.62864,
2.01317 0.629235,
2.01417 0.630457,
2.01458 0.631238,
2.01525 0.632135,
2.01627 0.633025,
2.01705 0.633491,
2.01795 0.63384,
2.0191 0.634057,
2.02025 0.634272,
2.02146 0.634726,
2.02278 0.635459,
2.02366 0.635974,
2.02481 0.636381,
2.0262 0.636835,
2.02709 0.637153,
2.02809 0.637342,
2.02942 0.637379,
2.03073 0.637417,
2.0326 0.637904,
2.03391 0.638168,
2.03476 0.63818,
2.03672 0.638188,
2.03778 0.638178,
2.03883 0.638168,
2.03985 0.638142,
2.04087 0.638114,
2.04198 0.638147,
2.04311 0.63818,
2.04431 0.638176,
2.04534 0.638126,
2.04638 0.638075,
2.04746 0.638114,
2.04852 0.638154,
2.05016 0.638154,
2.05141 0.638155,
2.05266 0.638157,
2.05459 0.638078,
2.05566 0.638116,
2.05672 0.638154,
2.05782 0.638137,
2.05894 0.638122,
2.05974 0.638188,
2.06077 0.638185,
2.06182 0.63818,
2.06328 0.638154,
2.06443 0.638172,
2.06545 0.638157,
2.06647 0.638142,
2.06753 0.638154,
2.06858 0.638165,
2.06996 0.63787,
2.07099 0.637524,
2.07201 0.637176,
2.07326 0.636699,
2.07398 0.636246,
2.07509 0.635185,
2.07613 0.634191,
2.07714 0.633199,
2.07765 0.63263,
2.07809 0.631984,
2.07888 0.630408,
2.07936 0.629471,
2.07983 0.628533,
2.08032 0.627379,
2.08057 0.625922,
2.08105 0.624361,
2.08132 0.623307,
2.08136 0.62207,
2.08137 0.620763,
2.08137 0.619456,
2.08139 0.618018,
2.08139 0.61663,
2.08139 0.615544,
2.08139 0.614075,
2.08139 0.612604,
2.08129 0.611428,
2.08109 0.610672,
2.0808 0.609949,
2.08036 0.609171,
2.07977 0.608351,
2.07918 0.60753,
2.0786 0.606562,
2.07783 0.605744,
2.07685 0.604737,
2.07585 0.603728,
2.07499 0.602874,
2.07414 0.602019,
2.07298 0.600834,
2.07189 0.599541,
2.07184 0.598518,
2.07263 0.597882,
2.07342 0.597245,
2.07437 0.596566,
2.07531 0.595889,
2.07621 0.595409,
2.07713 0.594767,
2.07816 0.594141,
2.07919 0.593516,
2.08045 0.592853,
2.08123 0.592209,
2.08206 0.591387,
2.08341 0.590006,
2.08439 0.588929,
2.08482 0.58824,
2.08515 0.587499,
2.08537 0.586641,
2.08542 0.58556,
2.08546 0.584224,
2.08547 0.583117,
2.08547 0.582102,
2.08547 0.581065,
2.08549 0.580016,
2.08549 0.578966,
2.08542 0.578072,
2.08524 0.577196,
2.08488 0.576289,
2.08437 0.575453,
2.08311 0.574087,
2.08241 0.573418,
2.08155 0.572854,
2.08082 0.572517,
2.08003 0.572278,
2.07909 0.572144,
2.07754 0.571973,
2.07699 0.571561,
"/>
<Contour name="CristaeMembrane" hidden="false" closed="true" simplified="true" border="1 0 0" fill="1 0 0" mode="11"
points="2.13002 0.517305,
2.1289 0.517645,
2.12787 0.518151,
2.12678 0.518573,
2.1257 0.518993,
2.12467 0.519362,
2.12364 0.519731,
2.12275 0.519951,
2.1219 0.520305,
2.12082 0.521058,
2.11973 0.521809,
2.11796 0.522371,
2.1169 0.522812,
2.11599 0.523293,
2.11509 0.523772,
2.11432 0.523888,
2.11357 0.52411,
2.11209 0.524869,
2.11037 0.52572,
2.10906 0.526356,
2.10745 0.527162,
2.10642 0.527977,
2.10538 0.52879,
2.10451 0.529036,
2.10364 0.529441,
2.10256 0.53022,
2.10164 0.531147,
2.10081 0.531826,
2.09997 0.532506,
2.09907 0.533023,
2.09838 0.533577,
2.09777 0.534255,
2.09718 0.535221,
2.09659 0.536187,
2.09607 0.536803,
2.09562 0.537485,
2.0948 0.538548,
2.09398 0.539612,
2.09335 0.540449,
2.09277 0.541623,
2.09225 0.542973,
2.09152 0.544118,
2.09077 0.545074,
2.09003 0.54603,
2.08931 0.546917,
2.08864 0.547932,
2.08798 0.548946,
2.08726 0.550074,
2.08692 0.551007,
2.08675 0.552052,
2.08641 0.553131,
2.08608 0.554212,
2.08556 0.555165,
2.08516 0.556339,
2.0851 0.557474,
2.08506 0.558751,
2.08505 0.560081,
2.08505 0.561492,
2.08505 0.562902,
2.08529 0.56426,
2.08583 0.565523,
2.08626 0.566158,
2.08677 0.566733,
2.08802 0.567684,
2.0897 0.568536,
2.09105 0.569095,
2.09187 0.569259,
2.09287 0.569278,
2.09398 0.569293,
2.09513 0.569296,
2.09651 0.569293,
2.09789 0.56929,
2.09956 0.569293,
2.10079 0.569293,
2.10187 0.569296,
2.10294 0.569298,
2.10407 0.56926,
2.10535 0.568947,
2.10663 0.568708,
2.10791 0.568468,
2.10907 0.568249,
2.10983 0.567975,
2.11055 0.567596,
2.11183 0.566786,
2.11312 0.565975,
2.11424 0.565713,
2.11532 0.5652,
2.11639 0.564645,
2.11747 0.564089,
2.11822 0.563786,
2.11891 0.563383,
2.1198 0.562766,
2.12086 0.56213,
2.12195 0.561493,
2.12287 0.561039,
2.12388 0.560614,
2.12488 0.56019,
2.12565 0.559996,
2.12706 0.559415,
2.12801 0.559207,
2.1299 0.558638,
2.13087 0.558499,
2.13182 0.558195,
2.13262 0.557797,
2.13336 0.557272,
2.13439 0.556242,
2.13525 0.555397,
2.13603 0.554615,
2.13682 0.553821,
2.13769 0.552957,
2.13856 0.552093,
2.13943 0.551058,
2.13984 0.550359,
2.14084 0.548977,
2.14166 0.548113,
2.14238 0.546889,
2.14281 0.545461,
2.14307 0.544391,
2.14332 0.543322,
2.14355 0.542574,
2.14361 0.541451,
2.14364 0.540267,
2.14369 0.538305,
2.14369 0.537046,
2.14371 0.535885,
2.14371 0.534699,
2.14369 0.533676,
2.14371 0.532111,
2.14371 0.530775,
2.14371 0.529545,
2.14371 0.528349,
2.14371 0.527153,
2.14358 0.525999,
2.14335 0.525212,
2.143 0.524449,
2.14253 0.523691,
2.14146 0.522576,
2.13931 0.519954,
2.13856 0.519058,
2.13789 0.518473,
2.1371 0.51795,
2.13625 0.517536,
2.13536 0.517243,
2.13444 0.517072,
2.13271 0.51709,
"/>
</Transform>

</Section>
