<?xml version="1.0"?>
<!DOCTYPE Section SYSTEM "section.dtd">

<Section index="688" thickness="0.00164" alignLocked="true">
<Transform dim="0"
 xcoef=" 0 1 0 0 0 0"
 ycoef=" 0 0 1 0 0 0">
<Contour name="OuterMembrane" hidden="false" closed="true" simplified="true" border="1 0 0" fill="1 0 0" mode="11"
points="2.07609 0.573797,
2.08216 0.574344,
2.08815 0.574285,
2.09394 0.573024,
2.09974 0.571228,
2.10505 0.569083,
2.11034 0.566138,
2.11549 0.562563,
2.11957 0.559192,
2.12401 0.553685,
2.12787 0.548398,
2.13105 0.543563,
2.13384 0.538845,
2.13605 0.533876,
2.13785 0.529015,
2.13949 0.524226,
2.14135 0.519281,
2.14294 0.51422,
2.14479 0.508572,
2.14594 0.503213,
2.14699 0.497678,
2.14802 0.492143,
2.14932 0.487162,
2.15029 0.479953,
2.15127 0.472743,
2.15199 0.467095,
2.1527 0.461448,
2.15332 0.455784,
2.15473 0.45019,
2.15555 0.445001,
2.15639 0.439812,
2.15585 0.431571,
2.15347 0.426206,
2.15102 0.421119,
2.1486 0.41603,
2.14604 0.410977,
2.1434 0.40571,
2.14043 0.400893,
2.13708 0.396452,
2.13269 0.39296,
2.12779 0.38993,
2.12211 0.388444,
2.11629 0.387598,
2.11048 0.38651,
2.10433 0.386023,
2.09823 0.385247,
2.09225 0.384572,
2.08629 0.384386,
2.08031 0.384798,
2.07447 0.385635,
2.06855 0.386261,
2.06238 0.386496,
2.05649 0.386837,
2.05121 0.387539,
2.04623 0.388915,
2.04142 0.390892,
2.03675 0.39342,
2.03221 0.397441,
2.02765 0.401461,
2.02488 0.404508,
2.02137 0.410525,
2.01774 0.416524,
2.01436 0.422097,
2.0112 0.427869,
2.00857 0.433385,
2.0062 0.439061,
2.00421 0.444366,
2.00277 0.449398,
2.00132 0.454431,
2.00044 0.460112,
1.99967 0.465893,
1.99895 0.47199,
1.99841 0.478304,
1.99813 0.483518,
1.99804 0.490598,
1.99795 0.497551,
1.9979 0.502922,
1.99785 0.508295,
1.99906 0.517007,
2.00028 0.522402,
2.00192 0.527811,
2.00503 0.532567,
2.00867 0.537666,
2.01231 0.542765,
2.01633 0.54789,
2.02043 0.552314,
2.02453 0.556739,
2.02984 0.55983,
2.0344 0.562384,
2.03916 0.564867,
2.04436 0.567019,
2.04897 0.568767,
2.05384 0.57022,
2.05913 0.571468,
2.06465 0.572627,
2.07037 0.573211,
"/>
</Transform>

</Section>
