<?xml version="1.0"?>
<!DOCTYPE Section SYSTEM "section.dtd">

<Section index="596" thickness="0.00164" alignLocked="true">
<Transform dim="0"
 xcoef=" 0 1 0 0 0 0"
 ycoef=" 0 0 1 0 0 0">
<Contour name="OuterMembrane" hidden="false" closed="true" simplified="true" border="1 0 0" fill="1 0 0" mode="11"
points="2.03166 0.564413,
2.03125 0.56447,
2.0415 0.565149,
2.04631 0.565226,
2.05149 0.566007,
2.05597 0.569139,
2.05943 0.572229,
2.06238 0.575825,
2.06535 0.579309,
2.06832 0.582792,
2.07232 0.587104,
2.07604 0.590528,
2.07977 0.593952,
2.08337 0.597395,
2.08765 0.599359,
2.09212 0.601071,
2.09658 0.602784,
2.1014 0.603509,
2.10625 0.604087,
2.11111 0.604665,
2.1146 0.604461,
2.11886 0.603253,
2.12311 0.602046,
2.12902 0.599471,
2.13282 0.596988,
2.13671 0.593855,
2.14068 0.590329,
2.14464 0.586802,
2.14809 0.582651,
2.15081 0.578441,
2.15358 0.574192,
2.15598 0.569956,
2.15839 0.565718,
2.16001 0.561743,
2.16163 0.557718,
2.16341 0.553698,
2.16516 0.54968,
2.16618 0.546407,
2.16741 0.541047,
2.16857 0.536351,
2.16974 0.531654,
2.17111 0.527209,
2.17249 0.522507,
2.17377 0.517997,
2.17508 0.513745,
2.17623 0.509702,
2.17736 0.50566,
2.17843 0.501419,
2.17953 0.49743,
2.18064 0.493442,
2.18141 0.489328,
2.18189 0.483218,
2.18305 0.475562,
2.18338 0.471246,
2.18359 0.466637,
2.18379 0.46186,
2.18389 0.457809,
2.18387 0.452017,
2.18392 0.446313,
2.18396 0.441816,
2.18394 0.437808,
2.18389 0.433421,
2.18394 0.428914,
2.18399 0.424407,
2.18317 0.418877,
2.18276 0.413772,
2.18235 0.408668,
2.18153 0.404024,
2.18066 0.399332,
2.17977 0.394641,
2.17817 0.390187,
2.17613 0.385908,
2.1741 0.381628,
2.17185 0.377366,
2.16815 0.373694,
2.16432 0.37046,
2.1605 0.367227,
2.15668 0.365072,
2.15284 0.362919,
2.14855 0.362281,
2.14407 0.361508,
2.1394 0.360715,
2.13472 0.360278,
2.13026 0.359967,
2.12582 0.359655,
2.12239 0.359854,
2.11657 0.361407,
2.11089 0.363134,
2.10522 0.364859,
2.10132 0.366981,
2.09749 0.3691,
2.09367 0.371219,
2.08988 0.373494,
2.08623 0.376218,
2.08257 0.379409,
2.07968 0.382069,
2.07462 0.386897,
2.0723 0.390033,
2.06999 0.393167,
2.06745 0.39669,
2.06466 0.400678,
2.06186 0.404667,
2.05935 0.408916,
2.05686 0.413165,
2.05438 0.417541,
2.05169 0.421698,
2.04898 0.425856,
2.04631 0.430097,
2.04283 0.433268,
2.03914 0.435456,
2.03544 0.437418,
2.03175 0.439379,
2.02768 0.441498,
2.02369 0.443725,
2.01971 0.445952,
2.01608 0.449235,
2.01228 0.452407,
2.00918 0.455146,
2.00293 0.459649,
1.99973 0.463138,
1.99688 0.466555,
1.99393 0.469768,
1.99096 0.47334,
1.98798 0.476912,
1.9857 0.48154,
1.98356 0.486408,
1.98143 0.491277,
1.98069 0.495959,
1.98014 0.500754,
1.97973 0.505746,
1.97946 0.510794,
1.97991 0.515764,
1.98035 0.520733,
1.98194 0.524933,
1.98483 0.5318,
1.98711 0.535001,
1.98945 0.538366,
1.9918 0.541763,
1.99435 0.544933,
1.99693 0.548104,
2.00005 0.550887,
2.00354 0.552778,
2.00702 0.554669,
2.01077 0.556857,
2.01454 0.559043,
2.01828 0.561608,
2.0233 0.563648,
"/>
<Contour name="InnerMembrane" hidden="false" closed="true" simplified="true" border="1 0 0" fill="1 0 0" mode="11"
points="2.14558 0.384936,
2.14273 0.38325,
2.13986 0.381564,
2.13672 0.380106,
2.1332 0.379289,
2.12961 0.379078,
2.126 0.378868,
2.11858 0.379878,
2.11404 0.38111,
2.10961 0.381917,
2.10519 0.382724,
2.10109 0.384865,
2.09713 0.387238,
2.09454 0.389151,
2.09203 0.391232,
2.08954 0.393311,
2.08757 0.39577,
2.08556 0.399261,
2.08385 0.40221,
2.08201 0.405139,
2.08024 0.408198,
2.07844 0.411547,
2.07663 0.414897,
2.07394 0.418838,
2.07199 0.421705,
2.06993 0.424583,
2.06776 0.427491,
2.06581 0.430218,
2.06376 0.43267,
2.06023 0.435061,
2.05669 0.437454,
2.05307 0.439236,
2.04943 0.441019,
2.04615 0.443269,
2.04275 0.445083,
2.03947 0.446969,
2.03617 0.448957,
2.03296 0.450959,
2.02996 0.453166,
2.02696 0.455305,
2.02396 0.457442,
2.02112 0.459805,
2.01854 0.462223,
2.01597 0.464638,
2.01354 0.4669,
2.01171 0.469588,
2.0098 0.472284,
2.0078 0.475075,
2.00559 0.477868,
2.00357 0.480878,
2.00157 0.483889,
2.00059 0.487206,
1.99955 0.490539,
1.99878 0.49416,
1.99832 0.497925,
1.99788 0.501692,
1.99793 0.506701,
1.99837 0.509291,
1.99923 0.511796,
2.00132 0.515391,
2.00393 0.518084,
2.00643 0.520626,
2.00898 0.523227,
2.0118 0.52564,
2.01461 0.528054,
2.01774 0.529928,
2.02087 0.531803,
2.02392 0.533918,
2.02679 0.535326,
2.0297 0.536949,
2.03262 0.538929,
2.03554 0.540908,
2.03972 0.542779,
2.04372 0.545044,
2.04638 0.546171,
2.04928 0.547309,
2.0523 0.548662,
2.05526 0.550168,
2.05823 0.551671,
2.06187 0.553388,
2.06489 0.555056,
2.06793 0.556726,
2.07099 0.558266,
2.07404 0.559886,
2.07729 0.561575,
2.08059 0.563356,
2.08316 0.564891,
2.08572 0.566426,
2.08857 0.567661,
2.09143 0.568898,
2.09461 0.569506,
2.09779 0.570115,
2.10209 0.570202,
2.10587 0.570297,
2.10966 0.57023,
2.11317 0.569615,
2.11668 0.56856,
2.12019 0.567507,
2.12342 0.565948,
2.12667 0.56439,
2.12928 0.562574,
2.13189 0.560377,
2.13451 0.558177,
2.13728 0.555558,
2.14005 0.552939,
2.14184 0.550489,
2.14373 0.547665,
2.14563 0.544841,
2.14722 0.54221,
2.14945 0.538591,
2.15083 0.536847,
2.15263 0.532995,
2.15442 0.529143,
2.15578 0.521996,
2.15671 0.517495,
2.15734 0.512946,
2.15798 0.508397,
2.15854 0.503756,
2.15936 0.498934,
2.15955 0.493755,
2.16004 0.488531,
2.16088 0.484071,
2.16113 0.479098,
2.16086 0.474088,
2.16045 0.469007,
2.16018 0.464031,
2.1597 0.459134,
2.15911 0.454493,
2.15865 0.449813,
2.15831 0.444763,
2.15785 0.439741,
2.15757 0.434695,
2.15726 0.430221,
2.15696 0.425749,
2.15644 0.421252,
2.15553 0.414562,
2.15378 0.408112,
2.15214 0.401644,
2.1512 0.398354,
2.14806 0.391104,
"/>
</Transform>

</Section>
