<?xml version="1.0"?>
<!DOCTYPE Section SYSTEM "section.dtd">

<Section index="584" thickness="0.00164" alignLocked="true">
<Transform dim="0"
 xcoef=" 0 1 0 0 0 0"
 ycoef=" 0 0 1 0 0 0">
<Contour name="OuterMembrane" hidden="false" closed="true" simplified="true" border="1 0 0" fill="1 0 0" mode="11"
points="2.05121 0.565997,
2.05093 0.565971,
2.05149 0.566121,
2.05779 0.567456,
2.06409 0.56879,
2.06938 0.569559,
2.0749 0.570067,
2.08042 0.570504,
2.08695 0.57072,
2.09359 0.570577,
2.10023 0.570435,
2.10401 0.569459,
2.11048 0.566384,
2.11642 0.563735,
2.12254 0.560819,
2.12865 0.557902,
2.13443 0.553951,
2.14007 0.550076,
2.14578 0.54631,
2.15096 0.542192,
2.15616 0.538073,
2.15949 0.533272,
2.16221 0.52841,
2.16493 0.523547,
2.16667 0.518199,
2.16839 0.512851,
2.16964 0.507365,
2.17284 0.502411,
2.17687 0.497494,
2.18058 0.49386,
2.18582 0.488536,
2.19089 0.484033,
2.19494 0.479613,
2.19899 0.475193,
2.20185 0.4706,
2.204 0.463995,
2.20542 0.457826,
2.20611 0.45164,
2.20647 0.446203,
2.20675 0.44047,
2.20701 0.434736,
2.2069 0.428857,
2.20528 0.422203,
2.20208 0.416014,
2.1965 0.4103,
2.19104 0.40444,
2.18597 0.401488,
2.1809 0.398538,
2.17408 0.395986,
2.1681 0.393807,
2.16209 0.391629,
2.15614 0.391088,
2.15007 0.390604,
2.14514 0.390354,
2.13841 0.39023,
2.13249 0.390174,
2.12677 0.390177,
2.12096 0.390143,
2.11417 0.390187,
2.1074 0.39023,
2.10232 0.391498,
2.09723 0.392765,
2.09144 0.395015,
2.08665 0.3971,
2.08187 0.399183,
2.07544 0.403409,
2.07063 0.406968,
2.06583 0.410526,
2.05872 0.416298,
2.05433 0.422384,
2.04992 0.42847,
2.04713 0.433239,
2.04451 0.437796,
2.04187 0.442356,
2.03949 0.446698,
2.03718 0.451689,
2.03485 0.456681,
2.03217 0.462462,
2.03106 0.467989,
2.02912 0.474944,
2.02719 0.481899,
2.02614 0.487829,
2.0251 0.493886,
2.02409 0.499943,
2.02355 0.50503,
2.02327 0.511683,
2.02322 0.517459,
2.0231 0.523258,
2.02301 0.529059,
2.02392 0.535952,
2.02665 0.541954,
2.02935 0.547955,
2.03478 0.555507,
2.04124 0.562228,
2.04454 0.563975,
"/>
</Transform>

</Section>
