<?xml version="1.0"?>
<!DOCTYPE Section SYSTEM "section.dtd">

<Section index="598" thickness="0.00164" alignLocked="true">
<Transform dim="0"
 xcoef=" 0 1 0 0 0 0"
 ycoef=" 0 0 1 0 0 0">
<Contour name="OuterMembrane" hidden="false" closed="true" simplified="true" border="1 0 0" fill="1 0 0" mode="11"
points="2.00219 0.547814,
2.00557 0.549228,
2.00972 0.550817,
2.01389 0.552865,
2.01658 0.554048,
2.02066 0.554924,
2.02479 0.55578,
2.02939 0.556629,
2.0337 0.557662,
2.03793 0.559009,
2.04229 0.560247,
2.04675 0.561585,
2.051 0.563253,
2.0553 0.565454,
2.059 0.567948,
2.06245 0.570784,
2.06625 0.573864,
2.06963 0.57689,
2.07301 0.579915,
2.07634 0.582384,
2.08011 0.584708,
2.08408 0.587113,
2.08816 0.589168,
2.09246 0.590913,
2.09681 0.592591,
2.10127 0.594054,
2.10594 0.594894,
2.11081 0.595569,
2.11567 0.596247,
2.12083 0.596386,
2.1257 0.595322,
2.13028 0.594131,
2.13487 0.59294,
2.13933 0.590861,
2.14378 0.588781,
2.14742 0.586367,
2.15142 0.583774,
2.15517 0.580883,
2.15872 0.577877,
2.16214 0.574799,
2.16557 0.57172,
2.16772 0.569283,
2.16942 0.566728,
2.17161 0.561959,
2.17361 0.557684,
2.17574 0.55338,
2.17807 0.548683,
2.18004 0.544331,
2.182 0.53998,
2.18397 0.534791,
2.18607 0.529887,
2.18797 0.52542,
2.18973 0.521054,
2.19148 0.516689,
2.1927 0.512208,
2.19384 0.50758,
2.1953 0.502872,
2.19698 0.498653,
2.19862 0.494508,
2.20078 0.490529,
2.20309 0.487019,
2.20588 0.483629,
2.20887 0.480333,
2.21272 0.476756,
2.21589 0.473716,
2.21876 0.470888,
2.22123 0.46762,
2.22373 0.46435,
2.22589 0.460612,
2.22766 0.456141,
2.22965 0.451731,
2.2313 0.447323,
2.23276 0.443074,
2.23422 0.438826,
2.23506 0.434789,
2.23568 0.430725,
2.23601 0.426592,
2.23624 0.422428,
2.23647 0.418264,
2.23555 0.413177,
2.23396 0.408027,
2.23245 0.404019,
2.23053 0.398876,
2.2283 0.394361,
2.22592 0.389792,
2.2233 0.385062,
2.22063 0.380946,
2.21795 0.376831,
2.21482 0.373326,
2.21167 0.369822,
2.20929 0.367727,
2.20591 0.365613,
2.20227 0.363317,
2.19827 0.360816,
2.19425 0.358315,
2.19014 0.356357,
2.18617 0.354852,
2.1822 0.353345,
2.17754 0.352033,
2.17377 0.351024,
2.17 0.350017,
2.16613 0.348859,
2.16193 0.347805,
2.15785 0.346983,
2.15275 0.346534,
2.14778 0.34625,
2.14271 0.346007,
2.13764 0.345763,
2.13244 0.346001,
2.12831 0.347095,
2.12378 0.348872,
2.11913 0.350407,
2.11485 0.351873,
2.11058 0.35334,
2.10673 0.35457,
2.10284 0.356264,
2.09895 0.357958,
2.09541 0.360308,
2.09185 0.362656,
2.08582 0.367506,
2.08226 0.37189,
2.07872 0.376272,
2.07576 0.380457,
2.07283 0.384642,
2.07099 0.388805,
2.06848 0.392595,
2.06561 0.396373,
2.06274 0.400152,
2.05995 0.403537,
2.05699 0.406602,
2.05356 0.409592,
2.05015 0.412675,
2.04679 0.415542,
2.04341 0.418507,
2.04005 0.421513,
2.03654 0.424507,
2.03263 0.427387,
2.02829 0.429826,
2.02404 0.431573,
2.01986 0.433265,
2.01559 0.434803,
2.01118 0.436739,
2.00692 0.438831,
2.00265 0.440924,
1.99883 0.443331,
1.99504 0.446055,
1.99155 0.448907,
1.98804 0.451758,
1.98283 0.456684,
1.98019 0.461329,
1.97804 0.465278,
1.9759 0.469225,
1.97469 0.473716,
1.97379 0.47815,
1.97328 0.48234,
1.973 0.486391,
1.97271 0.490444,
1.97307 0.496095,
1.97367 0.501025,
1.9743 0.505956,
1.97538 0.510209,
1.97671 0.514616,
1.97792 0.519032,
1.97912 0.523447,
1.98114 0.527603,
1.98342 0.531329,
1.98586 0.534896,
1.99178 0.54129,
1.99506 0.544268,
1.99883 0.546573,
2.00159 0.547696,
"/>
<Contour name="InnerMembrane" hidden="false" closed="true" simplified="true" border="1 0 0" fill="1 0 0" mode="11"
points="2.05526 0.433319,
2.05223 0.434769,
2.04921 0.436219,
2.04646 0.437818,
2.0437 0.439417,
2.04121 0.441286,
2.03855 0.443158,
2.03586 0.444991,
2.03316 0.446926,
2.03045 0.448861,
2.02799 0.450292,
2.02574 0.452179,
2.02248 0.456337,
2.02055 0.459623,
2.01859 0.46291,
2.01764 0.465143,
2.01697 0.467684,
2.01649 0.471805,
2.01627 0.475887,
2.01608 0.479987,
2.01599 0.483205,
2.01597 0.486081,
2.01595 0.489087,
2.01592 0.492161,
2.01589 0.497532,
2.01677 0.501592,
2.01772 0.505402,
2.01866 0.509212,
2.01989 0.512407,
2.0211 0.515601,
2.02233 0.518724,
2.02363 0.521705,
2.02512 0.524502,
2.02663 0.527296,
2.02893 0.530248,
2.03099 0.532618,
2.03332 0.534674,
2.03563 0.536729,
2.04018 0.539575,
2.04441 0.540998,
2.04849 0.542337,
2.05236 0.543503,
2.05569 0.544614,
2.05884 0.546109,
2.06207 0.547685,
2.06553 0.549407,
2.0683 0.550784,
2.07101 0.552022,
2.07373 0.553261,
2.07672 0.554735,
2.0797 0.556211,
2.08249 0.558036,
2.08521 0.559701,
2.08795 0.561247,
2.09066 0.562486,
2.09338 0.563583,
2.09613 0.564616,
2.09902 0.565483,
2.10191 0.566351,
2.10519 0.567173,
2.10847 0.567994,
2.11199 0.568927,
2.11516 0.569524,
2.11814 0.569907,
2.12131 0.570136,
2.12459 0.570253,
2.12792 0.570323,
2.13125 0.570392,
2.13471 0.57002,
2.13799 0.567852,
2.14125 0.565684,
2.14396 0.563624,
2.14666 0.561566,
2.14919 0.55937,
2.15097 0.556209,
2.15222 0.552673,
2.15376 0.549485,
2.1553 0.546297,
2.15652 0.543107,
2.15706 0.539795,
2.15717 0.536098,
2.15729 0.532403,
2.1575 0.528636,
2.15793 0.524864,
2.1589 0.521313,
2.16031 0.517943,
2.16145 0.514548,
2.16241 0.511113,
2.16344 0.507705,
2.16432 0.5042,
2.16528 0.500715,
2.16629 0.497255,
2.16711 0.493911,
2.16839 0.491129,
2.16969 0.488348,
2.17123 0.485619,
2.17352 0.482376,
2.17582 0.479133,
2.17741 0.476579,
2.17912 0.473922,
2.18087 0.471502,
2.18287 0.468925,
2.18537 0.466731,
2.18786 0.464537,
2.1905 0.462396,
2.19325 0.460458,
2.19578 0.458574,
2.19837 0.456581,
2.20011 0.453668,
2.20185 0.450754,
2.20267 0.447672,
2.20349 0.444589,
2.20364 0.441086,
2.2037 0.437516,
2.20377 0.433947,
2.20313 0.430592,
2.20196 0.427989,
2.20078 0.425385,
2.19901 0.422918,
2.19706 0.420268,
2.19501 0.417559,
2.19281 0.414854,
2.19033 0.412084,
2.18778 0.409306,
2.18504 0.406869,
2.18236 0.40436,
2.17971 0.40177,
2.17702 0.399553,
2.17444 0.397616,
2.17185 0.395678,
2.16929 0.394026,
2.16672 0.392375,
2.16395 0.390686,
2.15996 0.388915,
2.15632 0.387611,
2.15266 0.386061,
2.14902 0.384513,
2.1452 0.382779,
2.14173 0.381134,
2.13818 0.379814,
2.13464 0.378492,
2.13133 0.377882,
2.12803 0.377271,
2.12442 0.376693,
2.12055 0.376295,
2.11668 0.375898,
2.11381 0.376239,
2.11148 0.376897,
2.10747 0.37865,
2.10387 0.380539,
2.10091 0.382273,
2.09794 0.384008,
2.09566 0.38593,
2.09346 0.38796,
2.09121 0.390126,
2.08905 0.392703,
2.08688 0.395279,
2.08513 0.398369,
2.08369 0.401438,
2.08226 0.404367,
2.08085 0.407389,
2.07937 0.410346,
2.07788 0.413305,
2.07637 0.416347,
2.07449 0.41932,
2.07225 0.421741,
2.06993 0.423938,
2.0676 0.426136,
2.06509 0.428168,
2.06141 0.43001,
2.05833 0.431664,
"/>
<Contour name="CristaeMembrane" hidden="false" closed="true" simplified="true" border="1 0 0" fill="1 0 0" mode="11"
points="2.10286 0.525397,
2.10058 0.524111,
2.09971 0.52388,
2.10007 0.525592,
2.10073 0.526561,
2.10169 0.527208,
2.10266 0.527783,
2.10364 0.528357,
2.10476 0.528805,
2.10589 0.529253,
2.10701 0.530046,
2.10856 0.530822,
2.10963 0.531288,
2.11098 0.531567,
2.11248 0.53195,
2.11347 0.532262,
2.11544 0.532408,
2.11678 0.532408,
2.11808 0.532405,
2.11945 0.532396,
2.12083 0.532388,
2.1228 0.532324,
2.12382 0.532365,
2.12526 0.532382,
2.12672 0.532398,
2.12798 0.532341,
2.12882 0.532152,
2.12964 0.531834,
2.13054 0.531304,
2.13143 0.530478,
2.1323 0.529653,
2.13313 0.528497,
2.13346 0.527778,
2.13371 0.527021,
2.13384 0.526191,
2.13421 0.52468,
2.13451 0.523811,
2.13467 0.521846,
2.13469 0.520738,
2.13469 0.519547,
2.13469 0.517607,
2.13466 0.516853,
2.13436 0.515475,
2.13403 0.514714,
2.13361 0.513992,
2.13249 0.512451,
2.13193 0.511482,
2.1311 0.510601,
2.13028 0.50972,
2.1292 0.508941,
2.12851 0.50861,
2.12751 0.508103,
2.12651 0.507595,
2.12588 0.507014,
2.12492 0.506493,
2.12395 0.505973,
2.12265 0.505284,
2.12111 0.504671,
2.12022 0.504049,
2.11898 0.503508,
2.11717 0.502936,
2.11594 0.502521,
2.1147 0.502106,
2.11371 0.501835,
2.11273 0.501563,
2.1116 0.501261,
2.11045 0.500961,
2.10934 0.500728,
2.1082 0.500495,
2.10743 0.500211,
2.10637 0.500097,
2.1053 0.49998,
2.10409 0.499982,
2.10287 0.499984,
2.10164 0.500029,
2.10046 0.500325,
2.09974 0.500635,
2.09877 0.501415,
2.09781 0.502196,
2.09646 0.503526,
2.09587 0.504459,
2.0953 0.505463,
2.09472 0.506468,
2.09425 0.507677,
2.09415 0.508828,
2.0941 0.509835,
2.0941 0.510837,
2.09408 0.511837,
2.09407 0.513022,
2.09407 0.514401,
2.09405 0.51578,
2.09413 0.516785,
2.09443 0.517853,
2.09495 0.518962,
2.09549 0.52007,
2.09615 0.521117,
2.09685 0.521853,
2.09758 0.522589,
2.09849 0.523306,
2.09981 0.52376,
2.10099 0.524249,
"/>
</Transform>

</Section>
