<?xml version="1.0"?>
<!DOCTYPE Section SYSTEM "section.dtd">

<Section index="666" thickness="0.00164" alignLocked="true">
<Transform dim="0"
 xcoef=" 0 1 0 0 0 0"
 ycoef=" 0 0 1 0 0 0">
<Contour name="OuterMembrane" hidden="false" closed="true" simplified="true" border="1 0 0" fill="1 0 0" mode="11"
points="2.02186 0.592496,
2.02191 0.592529,
2.02381 0.593665,
2.0317 0.598652,
2.03567 0.601483,
2.03985 0.603887,
2.04852 0.608174,
2.05753 0.611094,
2.06655 0.614013,
2.07253 0.615264,
2.08536 0.615743,
2.09212 0.615071,
2.09649 0.614113,
2.10584 0.611075,
2.11519 0.608038,
2.12398 0.603668,
2.13292 0.598398,
2.13746 0.595154,
2.14419 0.589136,
2.15089 0.583115,
2.15717 0.575774,
2.15991 0.572488,
2.16239 0.568934,
2.16736 0.56208,
2.177 0.550059,
2.18092 0.54426,
2.18656 0.533749,
2.19232 0.521408,
2.19539 0.513527,
2.19845 0.505643,
2.19991 0.499316,
2.20134 0.489914,
2.20227 0.485043,
2.2025 0.475444,
2.20259 0.466872,
2.20252 0.451846,
2.20142 0.445183,
2.19863 0.435269,
2.19607 0.426436,
2.19352 0.417603,
2.19053 0.409323,
2.18848 0.402676,
2.18433 0.394691,
2.18018 0.386704,
2.17464 0.377805,
2.16746 0.36634,
2.15998 0.356239,
2.15737 0.352849,
2.14888 0.342998,
2.14555 0.339995,
2.14182 0.337227,
2.13349 0.332036,
2.12485 0.327188,
2.12041 0.325302,
2.11578 0.323864,
2.11106 0.32289,
2.10107 0.322675,
2.09107 0.322317,
2.07644 0.322316,
2.07152 0.322544,
2.06569 0.323465,
2.05576 0.325676,
2.04749 0.328308,
2.03698 0.332394,
2.02945 0.337048,
2.02656 0.340185,
2.02343 0.343058,
2.01671 0.348585,
2.01102 0.355176,
2.00647 0.36223,
2.00324 0.366522,
1.99581 0.376537,
1.99247 0.380724,
1.98543 0.388677,
1.9784 0.396629,
1.97271 0.404088,
1.96985 0.413344,
1.96677 0.423907,
1.96528 0.434247,
1.96433 0.43954,
1.96341 0.448132,
1.96329 0.460009,
1.96308 0.468156,
1.963 0.477053,
1.96303 0.487088,
1.96308 0.497123,
1.96602 0.509892,
1.96884 0.518079,
1.97413 0.53288,
1.97845 0.541513,
1.98265 0.550197,
1.98558 0.555073,
1.99493 0.566728,
1.99831 0.569756,
2.00569 0.577557,
2.01289 0.585756,
2.01781 0.58989,
"/>
<Contour name="InnerMembrane" hidden="false" closed="true" simplified="true" border="1 0 0" fill="1 0 0" mode="11"
points="2.02018 0.562896,
2.01894 0.562356,
2.02517 0.565178,
2.03084 0.568855,
2.03611 0.572021,
2.04139 0.575186,
2.04639 0.576977,
2.0511 0.578581,
2.05581 0.580183,
2.0605 0.581603,
2.06565 0.581872,
2.07173 0.582008,
2.07699 0.582066,
2.0829 0.58146,
2.08836 0.580565,
2.09361 0.579281,
2.09886 0.577995,
2.10376 0.575945,
2.10879 0.574403,
2.11371 0.572906,
2.11863 0.571368,
2.12339 0.569464,
2.12816 0.567438,
2.13257 0.56541,
2.13697 0.563383,
2.14107 0.560686,
2.14517 0.557989,
2.14868 0.554294,
2.1522 0.550597,
2.15489 0.547576,
2.15786 0.542056,
2.16045 0.537098,
2.16291 0.53229,
2.16521 0.52777,
2.16742 0.523437,
2.16965 0.519104,
2.17169 0.513322,
2.17371 0.507539,
2.17453 0.503022,
2.17503 0.498329,
2.17574 0.49342,
2.17618 0.488116,
2.17659 0.483029,
2.17746 0.477255,
2.17835 0.471479,
2.17853 0.465448,
2.17874 0.45939,
2.17882 0.454533,
2.17889 0.449675,
2.17835 0.445837,
2.17689 0.441221,
2.17538 0.436771,
2.17389 0.432324,
2.17146 0.425956,
2.17036 0.422717,
2.16823 0.417921,
2.16608 0.413126,
2.16321 0.408411,
2.16016 0.403348,
2.15686 0.398415,
2.15327 0.393879,
2.14968 0.389344,
2.14579 0.386804,
2.14031 0.383293,
2.13562 0.380482,
2.13092 0.377672,
2.12665 0.375809,
2.12239 0.373946,
2.11747 0.372416,
2.11186 0.371285,
2.10637 0.370353,
2.10095 0.369756,
2.09531 0.369441,
2.08974 0.369333,
2.08428 0.369194,
2.07883 0.369315,
2.0735 0.3699,
2.06819 0.370484,
2.06323 0.371998,
2.0583 0.37351,
2.05276 0.374848,
2.04723 0.376188,
2.04282 0.377954,
2.03839 0.37995,
2.03375 0.381918,
2.02925 0.383911,
2.02481 0.386048,
2.02037 0.388183,
2.01687 0.391174,
2.0131 0.394163,
2.00939 0.397418,
2.00582 0.400754,
2.00226 0.404089,
1.99936 0.40746,
1.99696 0.411371,
1.99455 0.415694,
1.99194 0.420201,
1.98934 0.424708,
1.98745 0.429423,
1.98591 0.434105,
1.9846 0.438718,
1.98314 0.443313,
1.98184 0.447841,
1.98045 0.452356,
1.97905 0.456871,
1.97815 0.460974,
1.97814 0.467666,
1.97802 0.474331,
1.97799 0.47959,
1.97794 0.484848,
1.97989 0.493446,
1.98205 0.498826,
1.98456 0.504223,
1.98668 0.508966,
1.98881 0.513709,
1.99078 0.51814,
1.99293 0.522555,
1.99508 0.527042,
1.99747 0.531862,
1.99987 0.537246,
2.0027 0.542666,
2.00552 0.548088,
2.01435 0.55912,
2.01879 0.562274,
"/>
<Contour name="CristaeMembrane" hidden="false" closed="true" simplified="true" border="1 0 0" fill="1 0 0" mode="11"
points="2.08925 0.554943,
2.08943 0.555352,
2.08843 0.557124,
2.08877 0.558245,
2.08931 0.559276,
2.09007 0.560181,
2.09097 0.560924,
2.092 0.561475,
2.09313 0.561674,
2.09428 0.561874,
2.09548 0.561877,
2.09669 0.561898,
2.09784 0.561898,
2.09897 0.5619,
2.10012 0.561674,
2.1014 0.56108,
2.10255 0.560677,
2.10369 0.560275,
2.10499 0.560226,
2.10586 0.560032,
2.10689 0.55974,
2.10792 0.559447,
2.10919 0.559197,
2.11093 0.558341,
2.11188 0.558012,
2.11283 0.55768,
2.11398 0.557174,
2.11514 0.556667,
2.11585 0.556365,
2.1174 0.555581,
2.11832 0.555007,
2.11922 0.554435,
2.12022 0.554141,
2.12116 0.553682,
2.12211 0.553224,
2.12337 0.55247,
2.12492 0.551412,
2.126 0.550687,
2.12657 0.550141,
2.12706 0.549525,
2.12823 0.548419,
2.12939 0.547316,
2.13043 0.546279,
2.13148 0.545243,
2.13225 0.544183,
2.13297 0.543112,
2.13369 0.542043,
2.13416 0.54119,
2.13453 0.540059,
2.13489 0.538929,
2.1352 0.538186,
2.13539 0.537408,
2.13546 0.536129,
2.13548 0.535098,
2.13549 0.5337,
2.13548 0.532483,
2.13549 0.531299,
2.13549 0.530015,
2.13551 0.528934,
2.13549 0.527909,
2.13551 0.526766,
2.13549 0.525487,
2.13548 0.524208,
2.13525 0.523055,
2.13471 0.521822,
2.13402 0.520994,
2.13318 0.520083,
2.13243 0.519303,
2.13167 0.518522,
2.13095 0.517789,
2.12969 0.517074,
2.12844 0.516361,
2.12774 0.51601,
2.12693 0.515739,
2.1261 0.515586,
2.12496 0.515568,
2.1237 0.515564,
2.12267 0.51556,
2.12129 0.515557,
2.12014 0.515554,
2.11899 0.515552,
2.11793 0.515627,
2.11678 0.515929,
2.11606 0.516256,
2.11512 0.516807,
2.11419 0.517359,
2.11342 0.517602,
2.11191 0.518374,
2.11093 0.518704,
2.10996 0.519034,
2.10876 0.519495,
2.10781 0.520269,
2.10683 0.521023,
2.10586 0.521779,
2.10479 0.522415,
2.10373 0.523053,
2.10248 0.52346,
2.10163 0.523931,
2.10086 0.524547,
2.1 0.525538,
2.09922 0.526671,
2.09841 0.527803,
2.09787 0.528388,
2.09738 0.52908,
2.09689 0.530043,
2.09638 0.531107,
2.09585 0.532172,
2.09531 0.533041,
2.09477 0.53391,
2.0943 0.534522,
2.09385 0.535275,
2.09348 0.53626,
2.09308 0.537244,
2.09238 0.538237,
2.09167 0.539688,
2.09118 0.540662,
2.0908 0.541818,
2.09043 0.542976,
2.09002 0.544211,
2.08959 0.545448,
2.08921 0.546784,
2.08918 0.548355,
2.08916 0.549807,
2.08916 0.550881,
2.08916 0.551929,
2.08915 0.554026,
2.08934 0.555102,
"/>
</Transform>

</Section>
