<?xml version="1.0"?>
<!DOCTYPE Section SYSTEM "section.dtd">

<Section index="605" thickness="0.00164" alignLocked="true">
<Transform dim="0"
 xcoef=" 0 1 0 0 0 0"
 ycoef=" 0 0 1 0 0 0">
<Contour name="OuterMembrane" hidden="false" closed="true" simplified="true" border="1 0 0" fill="1 0 0" mode="11"
points="2.03765 0.586205,
2.04113 0.588844,
2.04534 0.590641,
2.04954 0.59258,
2.05403 0.594329,
2.05856 0.595943,
2.06299 0.597421,
2.06737 0.599044,
2.07163 0.60068,
2.07591 0.602315,
2.07995 0.603768,
2.08398 0.604896,
2.08802 0.605982,
2.09221 0.606754,
2.09671 0.607199,
2.10158 0.607448,
2.10612 0.607631,
2.11063 0.607774,
2.11516 0.607917,
2.11955 0.606618,
2.12395 0.605052,
2.12838 0.603131,
2.13289 0.600842,
2.1371 0.598725,
2.14097 0.596566,
2.14486 0.59441,
2.14861 0.591814,
2.15239 0.589216,
2.15637 0.585528,
2.1596 0.581998,
2.16273 0.578359,
2.16629 0.574935,
2.16993 0.571378,
2.17336 0.567524,
2.1768 0.563668,
2.17895 0.560083,
2.18131 0.556237,
2.18366 0.552391,
2.18578 0.548842,
2.18888 0.54184,
2.19053 0.537617,
2.19219 0.533059,
2.19394 0.528524,
2.1958 0.523937,
2.19753 0.519198,
2.19894 0.514416,
2.20017 0.509701,
2.20145 0.504958,
2.2027 0.499926,
2.204 0.495378,
2.2049 0.49115,
2.20578 0.486923,
2.20624 0.48297,
2.20655 0.478693,
2.20675 0.474216,
2.20682 0.469242,
2.20685 0.464535,
2.20647 0.459954,
2.20585 0.45531,
2.20508 0.450539,
2.20432 0.44577,
2.20308 0.441145,
2.20183 0.436522,
2.2004 0.431691,
2.19896 0.426971,
2.19722 0.422403,
2.1954 0.418159,
2.19317 0.413395,
2.19137 0.409654,
2.18965 0.406113,
2.18794 0.402574,
2.18569 0.398938,
2.1832 0.39523,
2.18046 0.391543,
2.17748 0.387931,
2.17433 0.384877,
2.1712 0.3818,
2.16805 0.378722,
2.16518 0.376521,
2.15965 0.373382,
2.15486 0.370899,
2.15065 0.368944,
2.14676 0.367135,
2.14284 0.365438,
2.13892 0.363742,
2.134 0.36307,
2.12944 0.362671,
2.12531 0.362448,
2.12127 0.362281,
2.11568 0.362197,
2.11079 0.362261,
2.10624 0.363121,
2.10168 0.36416,
2.09704 0.365285,
2.09239 0.366409,
2.08708 0.36879,
2.08255 0.371029,
2.07845 0.373479,
2.0745 0.376362,
2.07086 0.379342,
2.06722 0.382322,
2.06445 0.385515,
2.06202 0.388831,
2.05966 0.392094,
2.05738 0.395332,
2.05497 0.398468,
2.05256 0.401602,
2.05036 0.404967,
2.04836 0.408467,
2.04595 0.411989,
2.04269 0.415484,
2.03916 0.417872,
2.03519 0.419829,
2.03062 0.421595,
2.02633 0.423084,
2.02205 0.424575,
2.01843 0.426595,
2.01484 0.428706,
2.0113 0.431044,
2.00774 0.433383,
2.00419 0.436063,
2.00041 0.439153,
1.99662 0.442244,
1.99347 0.446121,
1.9904 0.450027,
1.98732 0.453936,
1.98533 0.45696,
1.98238 0.462044,
1.97981 0.466765,
1.97774 0.471241,
1.97622 0.475643,
1.97499 0.479734,
1.97377 0.483826,
1.97363 0.489409,
1.97353 0.495067,
1.97348 0.499432,
1.97346 0.505127,
1.97346 0.510822,
1.97405 0.514671,
1.9753 0.519621,
1.97663 0.524342,
1.97817 0.528943,
1.98002 0.533538,
1.98187 0.538133,
1.98447 0.542658,
1.9872 0.546842,
1.98953 0.550717,
1.99209 0.554712,
1.99465 0.558707,
1.99819 0.562386,
2.00216 0.565547,
2.00597 0.568924,
2.00998 0.571889,
2.0139 0.574576,
2.01789 0.576963,
2.02187 0.579353,
2.02588 0.581823,
2.02993 0.583348,
2.03378 0.584776,
"/>
<Contour name="InnerMembrane" hidden="false" closed="true" simplified="true" border="1 0 0" fill="1 0 0" mode="11"
points="2.04523 0.441893,
2.04152 0.439138,
2.0378 0.440001,
2.03347 0.441723,
2.02976 0.443423,
2.02606 0.445122,
2.02276 0.446472,
2.01964 0.448286,
2.01654 0.450441,
2.01346 0.452596,
2.01046 0.455193,
2.00762 0.459958,
2.00608 0.462792,
2.00459 0.465644,
2.00308 0.46863,
2.00159 0.471616,
2.00108 0.474749,
2.00055 0.477881,
2.00005 0.48106,
1.99952 0.484238,
1.99918 0.48741,
1.99891 0.490419,
1.99885 0.494289,
1.99877 0.498073,
1.99872 0.501542,
1.9987 0.504926,
1.99868 0.508311,
1.99939 0.511391,
2.00008 0.514471,
2.00132 0.51773,
2.00259 0.520661,
2.00387 0.523591,
2.00544 0.526068,
2.00764 0.527957,
2.00982 0.529945,
2.0123 0.531945,
2.01472 0.53373,
2.01717 0.535514,
2.01941 0.537284,
2.02194 0.538806,
2.02447 0.540326,
2.02745 0.5416,
2.03043 0.542876,
2.03373 0.543719,
2.03683 0.544736,
2.03995 0.545753,
2.04298 0.547199,
2.04582 0.548908,
2.04867 0.550797,
2.05149 0.552931,
2.05449 0.554953,
2.05746 0.557034,
2.06038 0.559106,
2.06335 0.561226,
2.06632 0.563371,
2.06942 0.56562,
2.07263 0.567924,
2.07565 0.569892,
2.07863 0.571663,
2.08162 0.573436,
2.08565 0.575043,
2.08779 0.575973,
2.09079 0.576394,
2.09392 0.576672,
2.09771 0.576811,
2.10077 0.576881,
2.10373 0.576903,
2.10692 0.576922,
2.10996 0.576906,
2.11298 0.576888,
2.1158 0.576398,
2.11985 0.575756,
2.12391 0.575115,
2.12705 0.574249,
2.13018 0.573383,
2.13295 0.572357,
2.13802 0.570105,
2.14051 0.568673,
2.14312 0.566804,
2.14548 0.564865,
2.14786 0.562925,
2.15171 0.559178,
2.15334 0.556747,
2.15519 0.554097,
2.15706 0.551447,
2.15921 0.548104,
2.16137 0.544762,
2.16383 0.541056,
2.16631 0.537348,
2.16759 0.534392,
2.16887 0.531437,
2.16987 0.528492,
2.17095 0.525558,
2.17223 0.522657,
2.17346 0.519524,
2.17471 0.51639,
2.17541 0.514312,
2.17674 0.510343,
2.17807 0.506375,
2.17902 0.502858,
2.17997 0.499145,
2.1809 0.495431,
2.1813 0.492239,
2.18186 0.487903,
2.18263 0.484225,
2.18341 0.480546,
2.18392 0.478349,
2.184 0.474383,
2.18433 0.470896,
2.18459 0.467725,
2.18478 0.464702,
2.18487 0.461612,
2.18492 0.458265,
2.18494 0.454273,
2.18494 0.450833,
2.18496 0.447467,
2.18496 0.443697,
2.18496 0.440515,
2.18496 0.437336,
2.1845 0.434074,
2.18379 0.430846,
2.18309 0.427617,
2.18222 0.424532,
2.18136 0.421446,
2.17961 0.417674,
2.17785 0.413903,
2.17656 0.410905,
2.17525 0.407906,
2.17377 0.405503,
2.17213 0.403189,
2.17049 0.400873,
2.16887 0.398492,
2.16637 0.396372,
2.1639 0.394251,
2.16137 0.392637,
2.15886 0.391025,
2.15529 0.389446,
2.15219 0.387991,
2.14896 0.386663,
2.14561 0.385313,
2.14209 0.383904,
2.13854 0.382496,
2.13643 0.381644,
2.13213 0.380903,
2.12829 0.380452,
2.12437 0.380257,
2.12047 0.380063,
2.11647 0.38016,
2.11344 0.381208,
2.10945 0.38243,
2.10568 0.383179,
2.10191 0.383929,
2.09807 0.38479,
2.09425 0.385649,
2.09113 0.38696,
2.08861 0.3886,
2.08606 0.39024,
2.08249 0.394026,
2.08065 0.396575,
2.07881 0.399124,
2.07691 0.402092,
2.07503 0.405059,
2.07286 0.407784,
2.0706 0.410477,
2.06842 0.413656,
2.06666 0.416786,
2.06487 0.419981,
2.0635 0.422528,
2.06117 0.426982,
2.05987 0.429557,
2.05833 0.432271,
2.05604 0.434953,
2.05344 0.437055,
2.05079 0.438851,
2.04815 0.440647,
"/>
<Contour name="CristaeMembrane" hidden="false" closed="true" simplified="true" border="1 0 0" fill="1 0 0" mode="11"
points="2.05395 0.487687,
2.05289 0.487702,
2.05162 0.487733,
2.05046 0.487777,
2.04913 0.48788,
2.04784 0.488079,
2.0467 0.488661,
2.04579 0.489415,
2.04495 0.490183,
2.0439 0.490568,
2.04283 0.490954,
2.04164 0.490955,
2.04055 0.490954,
2.03939 0.490955,
2.03747 0.490955,
2.0367 0.491034,
2.03554 0.491401,
2.0345 0.491587,
2.03301 0.491687,
2.03153 0.491785,
2.03055 0.491941,
2.02981 0.492171,
2.02837 0.492922,
2.0274 0.493479,
2.02643 0.494035,
2.02556 0.494895,
2.02469 0.495754,
2.02407 0.496405,
2.02353 0.497399,
2.02299 0.498393,
2.02235 0.499555,
2.02209 0.500292,
2.02191 0.501356,
2.02171 0.502421,
2.02127 0.503587,
2.0211 0.504539,
2.02109 0.505589,
2.02109 0.506804,
2.02109 0.507805,
2.02107 0.509251,
2.02109 0.510611,
2.02107 0.511985,
2.02107 0.513063,
2.02107 0.514942,
2.02114 0.515873,
2.02151 0.516872,
2.02191 0.517873,
2.02192 0.51893,
2.0222 0.520134,
2.02273 0.521256,
2.02325 0.522378,
2.02412 0.523483,
2.02497 0.524588,
2.02601 0.525541,
2.02724 0.526224,
2.02865 0.526609,
2.0298 0.526638,
2.03122 0.526653,
2.03257 0.526658,
2.03383 0.526645,
2.03508 0.526634,
2.03629 0.526369,
2.03727 0.525941,
2.03813 0.525294,
2.03898 0.524646,
2.0399 0.52421,
2.04082 0.523549,
2.04182 0.522912,
2.04282 0.522278,
2.04364 0.521945,
2.04538 0.52143,
2.04641 0.520935,
2.04751 0.520369,
2.04861 0.519801,
2.04977 0.519413,
2.05093 0.519026,
2.05179 0.518688,
2.05266 0.518174,
2.05354 0.517333,
2.05444 0.51649,
2.05558 0.515952,
2.05641 0.515221,
2.05713 0.514617,
2.05622 0.515498,
2.05763 0.515226,
2.05904 0.514953,
2.06056 0.514703,
2.06168 0.514535,
2.06279 0.514368,
2.06417 0.514366,
2.06533 0.514363,
2.0665 0.51436,
2.06786 0.514361,
2.06901 0.514361,
2.07009 0.514356,
2.07145 0.514345,
2.0728 0.514334,
2.07412 0.514347,
2.07544 0.51436,
2.07665 0.514363,
2.07777 0.514358,
2.07888 0.514361,
2.08006 0.514355,
2.08132 0.51434,
2.08269 0.514327,
2.08378 0.51453,
2.08488 0.514735,
2.0859 0.515104,
2.08675 0.515678,
2.08762 0.516252,
2.08862 0.516739,
2.08961 0.517226,
2.09039 0.518065,
2.09118 0.518903,
2.0919 0.519896,
2.09251 0.521062,
2.09282 0.522037,
2.09328 0.522991,
2.09389 0.523819,
2.09451 0.524795,
2.09513 0.525773,
2.09589 0.52664,
2.09631 0.527668,
2.09674 0.528695,
2.09705 0.529746,
2.09736 0.530742,
2.09767 0.531737,
2.09817 0.53277,
2.09831 0.533845,
2.09846 0.534919,
2.09879 0.535699,
2.09918 0.536357,
2.09966 0.536961,
2.10017 0.538371,
2.10056 0.539206,
2.10104 0.539921,
2.10156 0.540529,
2.10263 0.541477,
2.10371 0.542425,
2.10479 0.543288,
2.10581 0.543675,
2.10684 0.543863,
2.10791 0.543852,
2.10899 0.54384,
2.11017 0.543863,
2.11137 0.543886,
2.11268 0.543885,
2.11404 0.543883,
2.1154 0.543886,
2.11709 0.543786,
2.11878 0.543685,
2.11986 0.54328,
2.12086 0.542668,
2.12172 0.541874,
2.12262 0.540957,
2.12352 0.540039,
2.12439 0.539145,
2.12528 0.538253,
2.1258 0.537423,
2.12623 0.536388,
2.1268 0.534574,
2.12711 0.533684,
2.12764 0.532787,
2.12815 0.531891,
2.12865 0.530748,
2.12913 0.529725,
2.12959 0.528703,
2.12975 0.527788,
2.12975 0.526861,
2.1297 0.525625,
2.12965 0.524388,
2.12959 0.52316,
2.12941 0.521937,
2.12898 0.520859,
2.12857 0.519782,
2.12816 0.51857,
2.12782 0.517431,
2.12746 0.516293,
2.12683 0.515134,
2.12621 0.513973,
2.12551 0.51314,
2.12488 0.512131,
2.12428 0.511124,
2.12337 0.510256,
2.12255 0.509186,
2.12172 0.508116,
2.12098 0.506639,
2.12059 0.505945,
2.12003 0.50521,
2.11945 0.504659,
2.1185 0.503736,
2.11755 0.502813,
2.1169 0.502384,
2.11619 0.502045,
2.1159 0.50033,
2.11665 0.499442,
2.11775 0.499211,
2.11895 0.498814,
2.12014 0.498416,
2.12195 0.497797,
2.12296 0.497445,
2.12406 0.49722,
2.12514 0.496997,
2.126 0.496731,
2.12678 0.496354,
2.12764 0.495756,
2.12929 0.495086,
2.13011 0.494685,
2.13074 0.494253,
2.13131 0.493743,
2.13213 0.492728,
2.13262 0.491739,
2.13379 0.490235,
2.13418 0.489499,
2.13487 0.488133,
2.13531 0.486982,
2.13549 0.485896,
2.13549 0.484615,
2.13551 0.483336,
2.13549 0.482255,
2.13549 0.481202,
2.13548 0.480153,
2.13546 0.478852,
2.13541 0.477803,
2.13513 0.476809,
2.13487 0.475723,
2.13461 0.474636,
2.13453 0.473394,
2.13413 0.472259,
2.13372 0.471516,
2.13344 0.470439,
2.13316 0.469361,
2.13293 0.467917,
2.13275 0.467175,
2.13248 0.465711,
2.13221 0.464248,
2.13221 0.46312,
2.13221 0.461635,
2.13223 0.460038,
2.13249 0.458905,
2.13275 0.457772,
2.13298 0.456855,
2.13305 0.456084,
2.13302 0.455339,
2.13315 0.454108,
2.13328 0.452876,
2.13349 0.451435,
2.13377 0.45047,
2.13387 0.449537,
2.1342 0.447718,
2.13453 0.446669,
2.13467 0.445672,
2.13517 0.444786,
2.13566 0.4439,
2.136 0.443098,
2.13621 0.442292,
2.13633 0.441032,
2.13664 0.43995,
2.13695 0.438869,
2.13744 0.437875,
2.13828 0.436178,
2.13882 0.435005,
2.13936 0.433832,
2.13956 0.432865,
2.14028 0.431008,
2.14097 0.429793,
2.14166 0.428578,
2.14235 0.427228,
2.14277 0.425939,
2.14289 0.424768,
2.14289 0.422781,
2.14287 0.421754,
2.14287 0.420591,
2.14286 0.419479,
2.14284 0.418379,
2.14279 0.417018,
2.14269 0.415843,
2.1423 0.414802,
2.14145 0.413088,
2.141 0.41233,
2.13971 0.410922,
2.1391 0.410333,
2.13772 0.409474,
2.13635 0.408781,
2.13566 0.40848,
2.1348 0.408244,
2.13339 0.408135,
2.13205 0.408135,
2.13069 0.408135,
2.12923 0.408139,
2.1282 0.408158,
2.12716 0.408176,
2.12595 0.408253,
2.12473 0.40833,
2.12372 0.408699,
2.12259 0.408926,
2.12144 0.409152,
2.12042 0.409528,
2.11959 0.410008,
2.11855 0.410587,
2.1175 0.411166,
2.1165 0.411815,
2.11549 0.412465,
2.11467 0.413157,
2.11303 0.414107,
2.11207 0.414927,
2.11101 0.415483,
2.10994 0.416038,
2.10891 0.416576,
2.10797 0.417072,
2.10704 0.417567,
2.1064 0.418133,
2.10509 0.418859,
2.10405 0.419666,
2.10287 0.420534,
2.10168 0.4214,
2.10022 0.42272,
2.09945 0.423497,
2.09894 0.42425,
2.09856 0.425055,
2.09792 0.426639,
2.09728 0.427566,
2.09685 0.428512,
2.09663 0.429367,
2.09651 0.430211,
2.09651 0.431427,
2.09653 0.432643,
2.09653 0.433742,
2.09651 0.434784,
2.09651 0.435919,
2.09651 0.43728,
2.09651 0.438383,
2.09651 0.439663,
2.09651 0.440681,
2.09653 0.4417,
2.09653 0.442785,
2.09654 0.444109,
2.09653 0.445445,
2.09654 0.446854,
2.09635 0.448404,
2.09617 0.449394,
2.09582 0.450554,
2.09569 0.451548,
2.09571 0.453047,
2.09572 0.454856,
2.09535 0.456051,
2.09499 0.457247,
2.09433 0.459013,
2.09413 0.459823,
2.09407 0.461196,
2.09408 0.46312,
2.09403 0.464373,
2.09397 0.465626,
2.09389 0.466852,
2.09372 0.46822,
2.09339 0.46927,
2.09325 0.470226,
2.09295 0.471228,
2.09267 0.472231,
2.09207 0.474075,
2.09123 0.475782,
2.09008 0.477276,
2.08944 0.4786,
2.08882 0.479723,
2.08818 0.480846,
2.08757 0.481903,
2.08692 0.482849,
2.086 0.483666,
2.08508 0.484482,
2.08418 0.485296,
2.08311 0.486194,
2.08193 0.487049,
2.08129 0.487547,
2.08024 0.487949,
2.07921 0.488351,
2.07781 0.488423,
2.07642 0.488494,
2.07509 0.488497,
2.07357 0.488492,
2.07252 0.488495,
2.07125 0.488499,
2.06994 0.488495,
2.06845 0.488497,
2.06696 0.488497,
2.06574 0.488499,
2.06455 0.488502,
2.06348 0.488461,
2.06238 0.488428,
2.06112 0.488343,
2.06002 0.488197,
2.05897 0.487889,
2.05795 0.487697,
2.05646 0.487688,
2.05495 0.48768,
"/>
</Transform>

</Section>
