<?xml version="1.0"?>
<!DOCTYPE Section SYSTEM "section.dtd">

<Section index="644" thickness="0.00164" alignLocked="true">
<Transform dim="0"
 xcoef=" 0 1 0 0 0 0"
 ycoef=" 0 0 1 0 0 0">
<Contour name="OuterMembrane" hidden="false" closed="true" simplified="true" border="1 0 0" fill="1 0 0" mode="11"
points="2.01456 0.615376,
2.01448 0.615313,
2.02094 0.621681,
2.02652 0.62496,
2.03227 0.62812,
2.03803 0.631282,
2.04298 0.632919,
2.04879 0.634442,
2.05466 0.63547,
2.06081 0.636051,
2.06747 0.63645,
2.07432 0.636656,
2.08027 0.63675,
2.08621 0.636842,
2.09157 0.635967,
2.09685 0.635193,
2.10233 0.634247,
2.10827 0.633153,
2.1146 0.631671,
2.12093 0.630188,
2.12749 0.627457,
2.13382 0.624583,
2.13966 0.621465,
2.14543 0.617991,
2.1507 0.614803,
2.15583 0.611625,
2.16095 0.608445,
2.16603 0.605875,
2.17074 0.602257,
2.17633 0.597217,
2.18097 0.59286,
2.18561 0.588503,
2.19006 0.584399,
2.19465 0.580183,
2.19893 0.575524,
2.20321 0.570864,
2.20711 0.564316,
2.21103 0.557767,
2.21456 0.551758,
2.21749 0.545877,
2.2202 0.539913,
2.22235 0.533589,
2.22448 0.527267,
2.22563 0.520987,
2.2265 0.514691,
2.22707 0.508584,
2.22792 0.502696,
2.22866 0.496677,
2.22919 0.490352,
2.22951 0.483813,
2.22984 0.477276,
2.22986 0.470995,
2.22983 0.464992,
2.22983 0.458836,
2.22981 0.451569,
2.22928 0.445078,
2.22884 0.438851,
2.22807 0.433011,
2.22728 0.427528,
2.2265 0.422047,
2.22569 0.416878,
2.22336 0.410859,
2.22154 0.405288,
2.21972 0.399717,
2.21751 0.394899,
2.21328 0.385905,
2.2102 0.380831,
2.20711 0.375757,
2.20375 0.371201,
2.20037 0.366647,
2.19708 0.362242,
2.19343 0.358084,
2.18709 0.351047,
2.18414 0.348393,
2.17941 0.344648,
2.17469 0.340902,
2.17038 0.337748,
2.16606 0.334594,
2.1605 0.330926,
2.15483 0.328682,
2.14866 0.326445,
2.14351 0.324812,
2.13835 0.32318,
2.13059 0.322242,
2.12334 0.321625,
2.11629 0.32126,
2.1105 0.321086,
2.10515 0.320991,
2.09928 0.320969,
2.09339 0.320948,
2.08716 0.321202,
2.08173 0.322483,
2.07631 0.323766,
2.07017 0.326107,
2.06405 0.328451,
2.05841 0.331159,
2.05325 0.333425,
2.04811 0.335824,
2.04283 0.33907,
2.03709 0.342097,
2.0318 0.345476,
2.02699 0.349,
2.02219 0.352523,
2.01707 0.35652,
2.01195 0.360518,
2.0069 0.365617,
2.00162 0.371394,
1.99668 0.376611,
1.99175 0.381828,
1.98694 0.387307,
1.98309 0.392531,
1.97964 0.397708,
1.97622 0.402886,
1.97315 0.408247,
1.97002 0.413055,
1.96688 0.417862,
1.96447 0.422762,
1.96205 0.427663,
1.95977 0.434019,
1.9575 0.440378,
1.95663 0.446911,
1.95616 0.453798,
1.9558 0.460876,
1.9557 0.466528,
1.95565 0.472179,
1.95554 0.477894,
1.95542 0.48361,
1.95614 0.48904,
1.95686 0.49447,
1.95806 0.501619,
1.95923 0.508541,
1.96037 0.515463,
1.9621 0.521292,
1.96413 0.527327,
1.96643 0.533197,
1.96856 0.539065,
1.97077 0.544972,
1.9731 0.550313,
1.97561 0.555881,
1.97812 0.561447,
1.98019 0.56743,
1.98417 0.576391,
1.98712 0.581236,
1.98978 0.585988,
1.99271 0.590477,
1.99563 0.594966,
1.99936 0.599451,
2.00405 0.604529,
2.00785 0.608525,
"/>
<Contour name="InnerMembrane" hidden="false" closed="true" simplified="true" border="1 0 0" fill="1 0 0" mode="11"
points="2.03124 0.371496,
2.02488 0.373233,
2.01877 0.376362,
2.014 0.380798,
2.00923 0.38498,
2.00446 0.389162,
2.00085 0.394431,
1.99726 0.399701,
1.99414 0.405652,
1.99104 0.411415,
1.98824 0.417211,
1.98753 0.422617,
1.98681 0.42802,
1.98461 0.434298,
1.98237 0.440678,
1.98069 0.447121,
1.97945 0.453526,
1.97818 0.459931,
1.97687 0.46635,
1.97577 0.473017,
1.97507 0.479725,
1.97435 0.486431,
1.97505 0.493115,
1.97574 0.4998,
1.97704 0.506214,
1.97833 0.51263,
1.97974 0.518489,
1.9822 0.524303,
1.98468 0.530117,
1.98714 0.535947,
1.98996 0.542107,
1.99363 0.549362,
1.99634 0.554563,
1.99983 0.561149,
2.00329 0.567519,
2.00662 0.573982,
2.01172 0.580291,
2.01681 0.586598,
2.01976 0.5904,
2.02394 0.594282,
2.02861 0.597322,
2.03383 0.600383,
2.03903 0.603443,
2.04306 0.604675,
2.05066 0.608068,
2.05482 0.609229,
2.059 0.609823,
2.06565 0.609778,
2.07229 0.609734,
2.07885 0.609703,
2.08496 0.609588,
2.09152 0.609263,
2.09836 0.608801,
2.10504 0.607687,
2.11119 0.606021,
2.11732 0.604355,
2.123 0.601308,
2.12869 0.598261,
2.1348 0.594216,
2.14176 0.589837,
2.14932 0.58601,
2.15263 0.583523,
2.15937 0.577206,
2.16651 0.57144,
2.16995 0.5663,
2.17339 0.561159,
2.17723 0.556047,
2.18145 0.551193,
2.18461 0.546323,
2.18779 0.541456,
2.19106 0.536608,
2.19425 0.531027,
2.19706 0.52467,
2.19921 0.518396,
2.20085 0.512006,
2.20224 0.505502,
2.20341 0.499136,
2.20398 0.493351,
2.20454 0.487569,
2.20516 0.481281,
2.20577 0.474993,
2.2059 0.468459,
2.20618 0.461885,
2.20564 0.454969,
2.20477 0.4481,
2.20396 0.441222,
2.20188 0.43532,
2.19981 0.429416,
2.19809 0.423187,
2.19619 0.417101,
2.19427 0.410884,
2.19227 0.404193,
2.18933 0.399148,
2.18638 0.394103,
2.18297 0.389124,
2.17823 0.385466,
2.17348 0.381807,
2.16854 0.378589,
2.16359 0.375739,
2.15775 0.374387,
2.14999 0.372813,
2.14223 0.371239,
2.13677 0.370804,
2.12867 0.370811,
2.12057 0.370815,
2.11419 0.370827,
2.10786 0.370776,
2.10184 0.37067,
2.0949 0.370535,
2.08926 0.370237,
2.0828 0.369666,
2.07696 0.368703,
2.06996 0.368784,
2.06297 0.368864,
2.05567 0.368949,
2.04959 0.36928,
2.04352 0.369738,
2.03745 0.370424,
"/>
<Contour name="CristaeMembrane" hidden="false" closed="true" simplified="true" border="1 0 0" fill="1 0 0" mode="11"
points="2.07424 0.546238,
2.07514 0.546,
2.07476 0.546077,
2.07227 0.545967,
2.07042 0.545935,
2.06909 0.545917,
2.06794 0.54591,
2.06684 0.545902,
2.06561 0.545904,
2.06438 0.545907,
2.06289 0.545933,
2.06176 0.545912,
2.06076 0.545902,
2.05915 0.545989,
2.05795 0.545941,
2.05694 0.545917,
2.05592 0.545894,
2.05492 0.545894,
2.05385 0.545902,
2.05269 0.545897,
2.05167 0.545895,
2.04977 0.545895,
2.04864 0.546048,
2.04752 0.546427,
2.04656 0.54714,
2.04559 0.547855,
2.04454 0.548342,
2.04341 0.548924,
2.04229 0.549507,
2.04154 0.54983,
2.04067 0.550366,
2.03993 0.551038,
2.03916 0.552209,
2.03841 0.553013,
2.03767 0.553818,
2.03665 0.554415,
2.0357 0.555279,
2.03501 0.556216,
2.03452 0.557285,
2.03439 0.558628,
2.03429 0.559986,
2.03424 0.561357,
2.03422 0.56243,
2.03421 0.563773,
2.03422 0.564854,
2.03422 0.565934,
2.03421 0.567007,
2.0344 0.568196,
2.03491 0.56948,
2.03563 0.570499,
2.03629 0.571527,
2.03695 0.572554,
2.03765 0.573321,
2.03837 0.57409,
2.03952 0.575007,
2.04106 0.57576,
2.04182 0.576539,
2.04257 0.577319,
2.04336 0.578254,
2.04433 0.57903,
2.04529 0.579679,
2.0462 0.580591,
2.04708 0.581501,
2.04746 0.582184,
2.04818 0.582989,
2.049 0.583851,
2.04982 0.584716,
2.05039 0.585234,
2.05103 0.585683,
2.05202 0.586375,
2.05298 0.587205,
2.05395 0.588035,
2.05517 0.588785,
2.0564 0.589532,
2.05702 0.589924,
2.05784 0.590285,
2.05973 0.590866,
2.06086 0.591227,
2.06199 0.591589,
2.0631 0.591917,
2.06435 0.592094,
2.06568 0.592179,
2.06678 0.592224,
2.06779 0.592247,
2.06893 0.59225,
2.07007 0.59226,
2.07124 0.59227,
2.07245 0.592161,
2.07367 0.591794,
2.07488 0.591425,
2.07619 0.591399,
2.07752 0.591069,
2.07896 0.590603,
2.07985 0.59062,
2.08083 0.590482,
2.08213 0.590033,
2.08367 0.58981,
2.0849 0.589672,
2.08564 0.589457,
2.08724 0.58865,
2.08831 0.58815,
2.09 0.587315,
2.0908 0.587174,
2.09189 0.586785,
2.0931 0.586029,
2.09451 0.585409,
2.0961 0.584606,
2.09794 0.583947,
2.0991 0.583446,
2.10027 0.582945,
2.10192 0.58212,
2.10292 0.581637,
2.10391 0.581214,
2.10487 0.58079,
2.10587 0.580716,
2.10665 0.58054,
2.10738 0.580263,
2.10835 0.579724,
2.10973 0.57884,
2.11112 0.577956,
2.11242 0.577277,
2.11303 0.576801,
2.11452 0.57627,
2.11557 0.575615,
2.11662 0.574961,
2.11744 0.574758,
2.11822 0.574441,
2.11929 0.573775,
2.12031 0.572749,
2.12162 0.571451,
2.12262 0.571009,
2.12364 0.570299,
2.12465 0.569587,
2.12569 0.568972,
2.12695 0.568019,
2.12783 0.56755,
2.1287 0.567078,
2.12959 0.566605,
2.13038 0.566308,
2.13146 0.565482,
2.13236 0.564745,
2.13328 0.564009,
2.13435 0.563493,
2.13541 0.562976,
2.13617 0.562541,
2.13707 0.561913,
2.13797 0.561287,
2.13866 0.560885,
2.13931 0.560357,
2.14007 0.55953,
2.14104 0.558545,
2.14194 0.557877,
2.14284 0.557211,
2.14374 0.556668,
2.14433 0.55617,
2.14555 0.555004,
2.14655 0.554517,
2.14756 0.55403,
2.14856 0.553461,
2.15014 0.552678,
2.15179 0.551853,
2.15334 0.550733,
2.15411 0.550305,
2.15491 0.549598,
2.15567 0.548878,
2.1564 0.548147,
2.15716 0.547414,
2.15783 0.54676,
2.15842 0.545954,
2.15909 0.544942,
2.15977 0.543929,
2.16047 0.542847,
2.16116 0.541764,
2.16183 0.540706,
2.16249 0.539649,
2.16331 0.53861,
2.16396 0.537315,
2.16447 0.536288,
2.165 0.535263,
2.16534 0.534597,
2.1656 0.533892,
2.16575 0.532869,
2.1659 0.531847,
2.16633 0.530919,
2.1666 0.529799,
2.16664 0.528646,
2.16667 0.527378,
2.16688 0.526347,
2.16708 0.525315,
2.16736 0.524405,
2.16749 0.523463,
2.16749 0.522356,
2.16749 0.521184,
2.16749 0.520021,
2.16749 0.518881,
2.16749 0.517705,
2.16749 0.516364,
2.16749 0.515245,
2.16749 0.514129,
2.16741 0.513151,
2.16719 0.51227,
2.16685 0.5113,
2.16652 0.51033,
2.1661 0.509117,
2.1657 0.508426,
2.16478 0.507006,
2.16418 0.505938,
2.16355 0.504871,
2.16316 0.504202,
2.16223 0.503116,
2.16131 0.50203,
2.16063 0.500823,
2.15981 0.4999,
2.1587 0.499252,
2.15758 0.498604,
2.1565 0.498032,
2.1554 0.497501,
2.15419 0.497071,
2.15298 0.496641,
2.1523 0.496313,
2.15158 0.496074,
2.15068 0.495905,
2.14942 0.49589,
2.14832 0.495887,
2.14691 0.495884,
2.14568 0.495879,
2.14446 0.495888,
2.14325 0.4959,
2.14187 0.495888,
2.14056 0.49588,
2.13923 0.495872,
2.13838 0.495954,
2.13753 0.496166,
2.13649 0.49652,
2.13546 0.496872,
2.13436 0.497197,
2.13326 0.497522,
2.13223 0.497678,
2.13103 0.498079,
2.12985 0.498481,
2.128 0.499195,
2.1267 0.4995,
2.12596 0.499823,
2.12429 0.500659,
2.12331 0.501309,
2.12259 0.502011,
2.12178 0.502814,
2.1209 0.503711,
2.12014 0.504454,
2.11939 0.505197,
2.11881 0.505933,
2.11821 0.50688,
2.1176 0.507828,
2.11706 0.508767,
2.11639 0.509638,
2.11562 0.510512,
2.1147 0.511468,
2.1138 0.512425,
2.11314 0.513227,
2.11219 0.514852,
2.11171 0.515383,
2.1112 0.516162,
2.11063 0.51701,
2.11007 0.517856,
2.10953 0.518853,
2.10899 0.519852,
2.1085 0.520793,
2.10802 0.521735,
2.10753 0.522681,
2.1071 0.523614,
2.10661 0.524552,
2.10617 0.525545,
2.10583 0.526576,
2.10548 0.527609,
2.10496 0.528656,
2.10443 0.529704,
2.10415 0.530442,
2.10401 0.531465,
2.10386 0.532487,
2.10335 0.5335,
2.10286 0.534422,
2.10235 0.535345,
2.10161 0.536244,
2.10107 0.537297,
2.10051 0.53835,
2.0994 0.539775,
2.09838 0.540275,
2.09726 0.540706,
2.09617 0.541138,
2.09505 0.541633,
2.09382 0.542122,
2.09259 0.54261,
2.09184 0.542666,
2.09108 0.542815,
2.08925 0.543432,
2.08811 0.543562,
2.08733 0.54379,
2.08564 0.544387,
2.08442 0.544734,
2.08323 0.545084,
2.08229 0.545221,
2.08119 0.545559,
2.07996 0.545725,
2.07868 0.545812,
2.07663 0.545904,
2.07534 0.545959,
2.07417 0.546273,
"/>
</Transform>

</Section>
