<?xml version="1.0"?>
<!DOCTYPE Section SYSTEM "section.dtd">

<Section index="631" thickness="0.00164" alignLocked="true">
<Transform dim="0"
 xcoef=" 0 1 0 0 0 0"
 ycoef=" 0 0 1 0 0 0">
<Contour name="OuterMembrane" hidden="false" closed="true" simplified="true" border="1 0 0" fill="1 0 0" mode="11"
points="2.07567 0.63538,
2.08134 0.635867,
2.087 0.636354,
2.09315 0.636591,
2.0994 0.636681,
2.10497 0.6362,
2.11035 0.635123,
2.11571 0.634045,
2.12078 0.632546,
2.12577 0.631031,
2.13072 0.629306,
2.13559 0.627382,
2.14046 0.625458,
2.1454 0.62299,
2.1505 0.62073,
2.15593 0.618367,
2.16147 0.616035,
2.16742 0.613112,
2.17293 0.610088,
2.17838 0.606521,
2.18358 0.603208,
2.18876 0.599897,
2.19378 0.59612,
2.1985 0.590584,
2.20323 0.585049,
2.20619 0.580755,
2.20898 0.576247,
2.21184 0.571614,
2.21497 0.566727,
2.21794 0.561638,
2.22053 0.556322,
2.22294 0.550783,
2.22517 0.545362,
2.22692 0.539937,
2.22886 0.534668,
2.23129 0.529116,
2.2337 0.523475,
2.23584 0.517595,
2.23799 0.511718,
2.23908 0.505924,
2.24039 0.499985,
2.24129 0.494421,
2.2419 0.489384,
2.24247 0.484299,
2.24275 0.478706,
2.24291 0.472714,
2.24304 0.466665,
2.24319 0.460619,
2.24319 0.451485,
2.24191 0.444347,
2.2404 0.438498,
2.23888 0.432648,
2.2368 0.428006,
2.23475 0.423017,
2.23271 0.417962,
2.23055 0.412945,
2.2281 0.408057,
2.22489 0.403347,
2.22145 0.39855,
2.2178 0.394133,
2.21434 0.389789,
2.21065 0.385572,
2.20605 0.381146,
2.20119 0.376959,
2.19624 0.373289,
2.19135 0.370058,
2.18661 0.366834,
2.18174 0.363837,
2.17656 0.361179,
2.1711 0.358825,
2.16529 0.356734,
2.15929 0.354596,
2.1533 0.352457,
2.14952 0.351621,
2.14264 0.351478,
2.13677 0.351158,
2.13008 0.350648,
2.12318 0.350283,
2.11622 0.349968,
2.11071 0.349819,
2.10522 0.349669,
2.10017 0.350211,
2.09443 0.350947,
2.0888 0.351775,
2.08319 0.352603,
2.07821 0.354255,
2.07055 0.356452,
2.06397 0.358143,
2.05848 0.35995,
2.05294 0.361441,
2.04762 0.363148,
2.04231 0.364854,
2.03754 0.367047,
2.03301 0.36943,
2.02822 0.372093,
2.02312 0.374942,
2.01838 0.377908,
2.01389 0.380821,
2.00915 0.383634,
2.00426 0.387278,
1.99975 0.390745,
1.99532 0.394064,
1.99109 0.397626,
1.98686 0.401188,
1.9831 0.405129,
1.97933 0.40907,
1.97658 0.413111,
1.97369 0.418413,
1.9691 0.426981,
1.96647 0.433875,
1.96528 0.440515,
1.96423 0.446984,
1.96342 0.45327,
1.9628 0.459095,
1.96241 0.465093,
1.96221 0.471366,
1.96205 0.477094,
1.9619 0.48254,
1.96183 0.489655,
1.96177 0.496767,
1.96267 0.501824,
1.96442 0.507511,
1.96639 0.513492,
1.96813 0.519477,
1.96992 0.525385,
1.97143 0.531104,
1.97353 0.536551,
1.97563 0.541997,
1.97815 0.547542,
1.98068 0.553087,
1.9842 0.558923,
1.98717 0.564209,
1.99014 0.569495,
1.99393 0.575651,
1.9977 0.580919,
2.00098 0.585459,
2.00444 0.589828,
2.00851 0.594128,
2.01315 0.598575,
2.01791 0.603338,
2.02266 0.608102,
2.02848 0.611817,
2.03431 0.615531,
2.03982 0.6191,
2.04533 0.62206,
2.05056 0.624335,
2.05587 0.626454,
2.06097 0.628724,
2.06607 0.630992,
2.07086 0.633186,
"/>
<Contour name="InnerMembrane" hidden="false" closed="true" simplified="true" border="1 0 0" fill="1 0 0" mode="11"
points="2.05323 0.595299,
2.05298 0.595297,
2.05712 0.597532,
2.06125 0.599768,
2.06622 0.601985,
2.07148 0.603663,
2.07695 0.605016,
2.08247 0.606016,
2.08811 0.606862,
2.09346 0.607361,
2.0984 0.607636,
2.10328 0.607815,
2.10863 0.60794,
2.11404 0.608025,
2.11947 0.60811,
2.12416 0.607228,
2.12915 0.606162,
2.13416 0.605114,
2.13917 0.603446,
2.14419 0.601857,
2.14925 0.599928,
2.15421 0.598141,
2.15916 0.596355,
2.164 0.593352,
2.16875 0.590292,
2.17341 0.587,
2.17808 0.583709,
2.18171 0.580926,
2.1865 0.575714,
2.1904 0.570743,
2.1938 0.566013,
2.19678 0.561113,
2.19975 0.556214,
2.20232 0.549713,
2.20514 0.54364,
2.20683 0.540677,
2.20815 0.537521,
2.20954 0.532508,
2.2109 0.526914,
2.21172 0.521518,
2.21257 0.516764,
2.21359 0.511127,
2.21461 0.505489,
2.21518 0.502084,
2.21553 0.495236,
2.21582 0.490109,
2.21598 0.483949,
2.216 0.478993,
2.21602 0.473957,
2.21603 0.46892,
2.21526 0.463392,
2.21443 0.457467,
2.21361 0.45154,
2.21266 0.44699,
2.21138 0.442326,
2.20964 0.437895,
2.20788 0.433463,
2.20539 0.429531,
2.2029 0.425598,
2.19986 0.421551,
2.19683 0.417503,
2.19291 0.414435,
2.18901 0.411368,
2.185 0.409016,
2.17943 0.405933,
2.17403 0.403048,
2.16838 0.400162,
2.16406 0.39791,
2.15831 0.394766,
2.1533 0.392157,
2.14829 0.390251,
2.14314 0.388546,
2.13789 0.38681,
2.13241 0.384885,
2.12693 0.38316,
2.12145 0.381434,
2.11634 0.379857,
2.11152 0.378858,
2.10668 0.377861,
2.10051 0.3777,
2.09517 0.37763,
2.08946 0.377608,
2.08355 0.377579,
2.07763 0.377549,
2.07048 0.378501,
2.06461 0.379363,
2.05946 0.380295,
2.05436 0.381264,
2.04925 0.382661,
2.04406 0.384409,
2.0389 0.386689,
2.03375 0.388969,
2.02899 0.391401,
2.02476 0.393962,
2.02053 0.396524,
2.01687 0.399734,
2.01308 0.403035,
2.00931 0.406338,
2.00613 0.410563,
2.00295 0.414789,
2.00072 0.419691,
1.99868 0.424765,
1.99667 0.429837,
1.99498 0.434849,
1.9934 0.439689,
1.99167 0.444473,
1.98993 0.449258,
1.98898 0.454523,
1.98796 0.459849,
1.98704 0.465357,
1.98622 0.470359,
1.9857 0.475482,
1.98529 0.480361,
1.98501 0.485061,
1.98491 0.491255,
1.98524 0.496771,
1.98588 0.502229,
1.98684 0.507824,
1.98839 0.513149,
1.99014 0.518355,
1.99188 0.523144,
1.9935 0.527803,
1.99565 0.532459,
1.99783 0.537239,
2.00046 0.541795,
2.00329 0.546013,
2.00633 0.550113,
2.00992 0.554263,
2.01336 0.558614,
2.01641 0.562149,
2.02059 0.567248,
2.02478 0.572347,
2.02807 0.576196,
2.03344 0.582946,
2.04001 0.58867,
2.04419 0.591845,
2.04738 0.593524,
2.05077 0.594759,
"/>
<Contour name="CristaeMembrane" hidden="false" closed="true" simplified="true" border="1 0 0" fill="1 0 0" mode="11"
points="2.12695 0.58258,
2.12765 0.581928,
2.12844 0.581308,
2.12921 0.580686,
2.13016 0.580171,
2.13105 0.579423,
2.13179 0.578435,
2.13248 0.577459,
2.13316 0.576668,
2.13385 0.575876,
2.13474 0.575468,
2.13551 0.574807,
2.13625 0.574134,
2.137 0.57346,
2.13779 0.573128,
2.13853 0.572677,
2.13918 0.572096,
2.13977 0.571402,
2.14036 0.570446,
2.14104 0.569605,
2.14169 0.568765,
2.14238 0.567891,
2.14284 0.566979,
2.14332 0.566069,
2.14374 0.565205,
2.14423 0.564245,
2.14489 0.56335,
2.14555 0.562454,
2.14609 0.561869,
2.14653 0.56126,
2.14687 0.560578,
2.14742 0.558958,
2.14809 0.558107,
2.14874 0.55709,
2.14943 0.556234,
2.15011 0.555379,
2.15081 0.55471,
2.15152 0.554012,
2.15227 0.553267,
2.15307 0.552475,
2.15371 0.551809,
2.15458 0.551081,
2.15544 0.550353,
2.15608 0.55003,
2.15691 0.549402,
2.15775 0.548772,
2.1587 0.548304,
2.15977 0.547901,
2.16081 0.547496,
2.16168 0.547409,
2.16267 0.54713,
2.16424 0.546335,
2.16529 0.545812,
2.16603 0.545244,
2.16693 0.544716,
2.16797 0.544426,
2.16901 0.544137,
2.16997 0.543762,
2.17092 0.543384,
2.17182 0.543245,
2.17259 0.542999,
2.17384 0.542369,
2.17485 0.541864,
2.17587 0.541359,
2.17689 0.540816,
2.17779 0.539988,
2.17854 0.539268,
2.1793 0.53855,
2.17987 0.537881,
2.18038 0.536929,
2.18087 0.53598,
2.18153 0.534983,
2.18218 0.533984,
2.18264 0.533323,
2.18358 0.531804,
2.18427 0.530876,
2.18491 0.529928,
2.18553 0.528979,
2.18591 0.528411,
2.18651 0.527083,
2.18712 0.525754,
2.18768 0.524734,
2.18824 0.523714,
2.18871 0.522796,
2.18917 0.521876,
2.18958 0.521076,
2.18983 0.520165,
2.19009 0.519257,
2.19053 0.518233,
2.19076 0.516995,
2.19076 0.515855,
2.19078 0.514868,
2.19088 0.5137,
2.19099 0.512531,
2.19145 0.511331,
2.19158 0.510484,
2.19158 0.509215,
2.19158 0.508079,
2.1916 0.506935,
2.19179 0.505866,
2.19227 0.504129,
2.19263 0.503513,
2.19294 0.502481,
2.19329 0.501569,
2.19365 0.500658,
2.19399 0.499413,
2.19402 0.49816,
2.19404 0.497091,
2.19404 0.495951,
2.19404 0.49488,
2.19406 0.493842,
2.19402 0.492871,
2.19404 0.491785,
2.19404 0.490701,
2.19399 0.489494,
2.19365 0.488262,
2.19343 0.48716,
2.19334 0.486099,
2.19329 0.484904,
2.19324 0.483859,
2.19348 0.482732,
2.19371 0.481604,
2.19388 0.480468,
2.19396 0.479464,
2.19396 0.478463,
2.19396 0.477463,
2.19399 0.476427,
2.19402 0.475293,
2.19404 0.474377,
2.19404 0.47346,
2.19442 0.472048,
2.19475 0.471075,
2.19481 0.470022,
2.19507 0.468851,
2.19535 0.467682,
2.19562 0.466772,
2.19588 0.465862,
2.19627 0.464925,
2.19644 0.463846,
2.1966 0.462769,
2.19708 0.461711,
2.19726 0.460996,
2.19734 0.460264,
2.19734 0.45911,
2.19735 0.457955,
2.19785 0.456917,
2.19819 0.455848,
2.19853 0.45478,
2.19888 0.453698,
2.19922 0.452615,
2.19963 0.451513,
2.19976 0.450752,
2.19978 0.449319,
2.1999 0.448135,
2.20001 0.446951,
2.20045 0.446062,
2.20091 0.445104,
2.20152 0.444228,
2.20237 0.443771,
2.20321 0.443315,
2.20414 0.443113,
2.20509 0.442823,
2.20611 0.442667,
2.20729 0.442602,
2.20826 0.442569,
2.20918 0.442551,
2.21021 0.442541,
2.21124 0.442634,
2.21226 0.442728,
2.21328 0.443105,
2.21418 0.443412,
2.21508 0.443718,
2.21589 0.443997,
2.21713 0.444087,
2.21817 0.444119,
2.2191 0.444269,
2.22012 0.444465,
2.22171 0.444955,
2.22325 0.445713,
2.22438 0.446288,
2.22523 0.446534,
2.2264 0.44658,
2.22756 0.446624,
2.22886 0.446733,
2.23014 0.446841,
2.23114 0.447041,
2.23215 0.447239,
2.23302 0.447418,
2.23399 0.447431,
2.23494 0.447444,
2.23644 0.447448,
2.23793 0.447451,
2.23963 0.447453,
2.24085 0.447205,
2.24204 0.446957,
2.24347 0.44659,
2.24488 0.446221,
2.24552 0.446216,
2.24619 0.446131,
2.24711 0.445967,
2.24801 0.445803,
2.24934 0.44554,
2.25016 0.445191,
2.251 0.444655,
2.25177 0.444012,
2.25254 0.443369,
2.25313 0.442946,
2.25388 0.442323,
2.25482 0.441744,
2.25575 0.441163,
2.25736 0.440361,
2.25846 0.439659,
2.25972 0.438416,
2.26044 0.437708,
2.26177 0.436509,
2.26274 0.435805,
2.26371 0.435102,
2.26443 0.434464,
2.26514 0.433828,
2.26614 0.432852,
2.26673 0.432194,
2.26723 0.43123,
2.26776 0.430265,
2.26827 0.429288,
2.26878 0.428309,
2.26924 0.427395,
2.26969 0.426482,
2.26997 0.425837,
2.2704 0.424598,
2.27081 0.423351,
2.27112 0.422339,
2.27145 0.421329,
2.27178 0.420398,
2.2723 0.418807,
2.27253 0.418166,
2.27273 0.417283,
2.27274 0.416152,
2.27276 0.415225,
2.27278 0.414298,
2.27274 0.412936,
2.27273 0.411571,
2.27274 0.41052,
2.27276 0.40956,
2.27274 0.408513,
2.27273 0.407465,
2.27278 0.406779,
2.27278 0.405136,
2.27268 0.404066,
2.27225 0.402705,
2.27179 0.401305,
2.27135 0.399906,
2.27091 0.398597,
2.2705 0.397752,
2.27007 0.396908,
2.26966 0.39606,
2.26924 0.395214,
2.26897 0.394535,
2.2685 0.393731,
2.26787 0.39281,
2.26723 0.391888,
2.26684 0.391252,
2.26577 0.38981,
2.26533 0.388908,
2.26489 0.388008,
2.26413 0.386505,
2.26379 0.385856,
2.26327 0.384979,
2.26272 0.384101,
2.26176 0.382645,
2.26126 0.381636,
2.26056 0.380537,
2.25987 0.379437,
2.25943 0.378084,
2.25884 0.377006,
2.25823 0.375929,
2.25772 0.37512,
2.25708 0.374179,
2.25646 0.373236,
2.25557 0.371873,
2.25482 0.370909,
2.25374 0.36985,
2.25303 0.369138,
2.25233 0.368424,
2.25134 0.367458,
2.25024 0.366391,
2.24915 0.365321,
2.24864 0.364733,
2.24792 0.364021,
2.2467 0.362798,
2.24544 0.361551,
2.24462 0.360984,
2.2438 0.360416,
2.24303 0.359909,
2.24218 0.359331,
2.24131 0.35875,
2.23996 0.357863,
2.23893 0.35743,
2.23789 0.356997,
2.23671 0.356513,
2.23555 0.356031,
2.23473 0.355616,
2.23389 0.355201,
2.23317 0.354865,
2.23229 0.354607,
2.23138 0.35435,
2.23051 0.353971,
2.22973 0.353768,
2.22865 0.353725,
2.22686 0.35371,
2.22527 0.353715,
2.22423 0.3537,
2.22248 0.353691,
2.22177 0.353699,
2.22086 0.35385,
2.21984 0.354315,
2.21884 0.354781,
2.21821 0.355034,
2.21759 0.355377,
2.217 0.355818,
2.21589 0.35639,
2.21477 0.356962,
2.21375 0.357069,
2.213 0.357277,
2.21213 0.357702,
2.21113 0.358102,
2.21023 0.358445,
2.20931 0.358788,
2.20831 0.359252,
2.20731 0.359716,
2.20664 0.359993,
2.20506 0.36047,
2.20405 0.360889,
2.20285 0.360975,
2.20167 0.361062,
2.20044 0.361212,
2.19954 0.361563,
2.19865 0.361914,
2.19775 0.362089,
2.19673 0.362491,
2.19599 0.362945,
2.19509 0.363819,
2.19437 0.364516,
2.19301 0.365595,
2.19219 0.366028,
2.19083 0.367242,
2.18986 0.36806,
2.18889 0.368879,
2.18781 0.369494,
2.18681 0.370465,
2.18579 0.371435,
2.18496 0.372178,
2.18412 0.372921,
2.1832 0.373382,
2.18263 0.3738,
2.1821 0.374291,
2.18154 0.375002,
2.181 0.375877,
2.18046 0.376751,
2.17987 0.377526,
2.17933 0.378379,
2.17869 0.379186,
2.17756 0.380485,
2.17641 0.381618,
2.17577 0.382451,
2.17541 0.383086,
2.17515 0.38376,
2.17446 0.385251,
2.17372 0.385974,
2.17331 0.386548,
2.17254 0.388106,
2.17205 0.389039,
2.17174 0.390049,
2.17143 0.39106,
2.17064 0.392637,
2.1702 0.393539,
2.16974 0.3945,
2.16928 0.395461,
2.16893 0.396053,
2.16864 0.396752,
2.16844 0.397485,
2.16839 0.398474,
2.16819 0.399422,
2.168 0.40037,
2.16769 0.401293,
2.16757 0.402205,
2.16746 0.403117,
2.16706 0.403948,
2.1668 0.404883,
2.16675 0.405908,
2.16667 0.407025,
2.16659 0.408144,
2.16624 0.409346,
2.1661 0.410426,
2.1659 0.411392,
2.1657 0.412357,
2.16532 0.413231,
2.1651 0.414341,
2.16508 0.415279,
2.1645 0.416527,
2.16431 0.417328,
2.1638 0.418669,
2.16357 0.419376,
2.16337 0.421137,
2.163 0.421913,
2.16272 0.422848,
2.16245 0.423783,
2.16203 0.424762,
2.16185 0.425582,
2.16183 0.426653,
2.16106 0.428135,
2.16054 0.428698,
2.15996 0.429582,
2.1595 0.430731,
2.15936 0.431505,
2.15901 0.433119,
2.15867 0.434108,
2.15854 0.434816,
2.15794 0.436206,
2.15765 0.437152,
2.15726 0.438133,
2.15685 0.439113,
2.15642 0.439964,
2.15609 0.441286,
2.15557 0.442707,
2.15493 0.443746,
2.15463 0.444486,
2.15448 0.445419,
2.15432 0.446352,
2.15362 0.447253,
2.15321 0.44801,
2.15291 0.448945,
2.15265 0.450129,
2.15239 0.451313,
2.15216 0.451964,
2.15166 0.453289,
2.1512 0.454495,
2.15075 0.4557,
2.15014 0.456696,
2.14955 0.457691,
2.14891 0.458413,
2.1484 0.459289,
2.14789 0.460163,
2.1473 0.460938,
2.14671 0.461712,
2.14604 0.462116,
2.14522 0.462701,
2.14438 0.463289,
2.14335 0.46402,
2.14232 0.464751,
2.14168 0.465053,
2.14086 0.465465,
2.14002 0.465878,
2.13908 0.46667,
2.13833 0.467356,
2.13767 0.467979,
2.137 0.468604,
2.13631 0.469512,
2.13587 0.470404,
2.13541 0.471298,
2.13502 0.472189,
2.13469 0.473197,
2.13431 0.474163,
2.13394 0.475128,
2.13344 0.476123,
2.13313 0.477356,
2.1331 0.478531,
2.13297 0.479526,
2.13271 0.48051,
2.13243 0.481496,
2.13197 0.482293,
2.13148 0.483972,
2.13148 0.485328,
2.13146 0.486619,
2.13144 0.487702,
2.13146 0.488713,
2.13146 0.489822,
2.13144 0.490931,
2.13146 0.49242,
2.13144 0.49342,
2.13144 0.495119,
2.13144 0.49642,
2.13144 0.497668,
2.13144 0.49866,
2.13146 0.500052,
2.13144 0.501353,
2.13144 0.502652,
2.13144 0.504041,
2.13144 0.505404,
2.13144 0.506562,
2.13144 0.507683,
2.13144 0.508803,
2.1311 0.50943,
2.13085 0.510092,
2.13074 0.511265,
2.13069 0.512315,
2.13049 0.513313,
2.13031 0.514312,
2.12992 0.515467,
2.12998 0.516482,
2.13003 0.517584,
2.13008 0.518553,
2.13013 0.519522,
2.13056 0.520395,
2.13085 0.521469,
2.13107 0.522466,
2.13129 0.523462,
2.13164 0.52461,
2.13184 0.525571,
2.1321 0.526509,
2.13233 0.527501,
2.13257 0.528493,
2.13282 0.529594,
2.13295 0.53075,
2.13282 0.531781,
2.13267 0.532815,
2.1322 0.533676,
2.13138 0.535143,
2.13102 0.535877,
2.13075 0.536716,
2.13064 0.537587,
2.12933 0.538814,
2.12829 0.538601,
2.12726 0.538387,
2.12682 0.537485,
2.12619 0.536682,
2.12567 0.535829,
2.12514 0.534975,
2.12441 0.533466,
2.12372 0.53208,
2.12332 0.531442,
2.12249 0.530302,
2.12159 0.528807,
2.1206 0.527311,
2.12022 0.52645,
2.12001 0.525582,
2.11996 0.524713,
2.11934 0.523001,
2.11918 0.522114,
2.11914 0.521281,
2.11832 0.519829,
2.1175 0.519329,
2.11624 0.519342,
2.11499 0.519357,
2.11419 0.519509,
2.11327 0.519826,
2.11235 0.520142,
2.1106 0.520418,
2.10994 0.520684,
2.10915 0.521153,
2.10814 0.52205,
2.10712 0.522947,
2.10606 0.523486,
2.10543 0.52396,
2.10476 0.524629,
2.10402 0.525371,
2.10279 0.526584,
2.10232 0.527094,
2.10182 0.527816,
2.10138 0.528708,
2.10092 0.529599,
2.10056 0.53062,
2.1002 0.53164,
2.0995 0.532518,
2.09902 0.533377,
2.0983 0.53414,
2.09731 0.534528,
2.09633 0.534917,
2.09528 0.534911,
2.09395 0.534906,
2.0928 0.534924,
2.09175 0.534927,
2.09072 0.534929,
2.08949 0.534919,
2.08851 0.534912,
2.08674 0.534904,
2.08587 0.534999,
2.08498 0.535247,
2.08355 0.535995,
2.08262 0.536403,
2.08167 0.537195,
2.08073 0.537987,
2.07975 0.538975,
2.07898 0.539737,
2.07832 0.54041,
2.07767 0.54108,
2.07695 0.541823,
2.07622 0.542566,
2.07547 0.54328,
2.07473 0.543993,
2.07416 0.54471,
2.07353 0.545674,
2.07294 0.546423,
2.07237 0.547171,
2.0717 0.547845,
2.07047 0.548126,
2.06937 0.547885,
2.0684 0.547353,
2.06692 0.546277,
2.06653 0.545079,
2.06663 0.54394,
2.06671 0.542801,
2.06688 0.542122,
2.06691 0.541033,
2.06714 0.540123,
2.06735 0.539214,
2.06756 0.53832,
2.06765 0.537228,
2.06773 0.536134,
2.06774 0.534761,
2.06776 0.533667,
2.06776 0.532685,
2.06776 0.531631,
2.06776 0.530519,
2.06776 0.529433,
2.06778 0.528347,
2.06778 0.526999,
2.06778 0.525653,
2.06768 0.524605,
2.06747 0.523801,
2.06722 0.522624,
2.06696 0.521446,
2.06688 0.520534,
2.0665 0.519501,
2.06614 0.518468,
2.06607 0.517361,
2.06571 0.516113,
2.06496 0.514637,
2.06451 0.513756,
2.06387 0.512864,
2.06323 0.511974,
2.06281 0.511126,
2.06238 0.510278,
2.06202 0.509582,
2.06155 0.508949,
2.06063 0.508016,
2.05984 0.507229,
2.05905 0.506442,
2.05828 0.505676,
2.05746 0.504864,
2.05664 0.504051,
2.05608 0.503475,
2.05531 0.502904,
2.05456 0.50214,
2.05382 0.501376,
2.05372 0.500722,
2.05348 0.499905,
2.053 0.498196,
2.0528 0.497032,
2.05257 0.496385,
2.05218 0.494775,
2.0521 0.493465,
2.05187 0.492574,
2.05161 0.491641,
2.05149 0.490609,
2.05138 0.489579,
2.0513 0.488607,
2.05112 0.487867,
2.05049 0.486255,
2.05054 0.485084,
2.05046 0.484371,
2.05026 0.483646,
2.04979 0.482668,
2.04931 0.481691,
2.04862 0.480384,
2.0482 0.479531,
2.04779 0.478678,
2.04723 0.47756,
2.04679 0.476956,
2.0458 0.475966,
2.04485 0.475013,
2.0441 0.474263,
2.04336 0.473512,
2.04275 0.472958,
2.04213 0.472523,
2.0406 0.471779,
2.03913 0.47106,
2.03844 0.470665,
2.03752 0.470319,
2.03632 0.470221,
2.03537 0.470172,
2.03411 0.470147,
2.03304 0.470136,
2.03199 0.470131,
2.03086 0.470129,
2.02994 0.470131,
2.02902 0.470134,
2.02734 0.470147,
2.0263 0.470347,
2.02543 0.470772,
2.02456 0.471197,
2.02386 0.471475,
2.0232 0.471848,
2.02248 0.472499,
2.02173 0.473219,
2.02097 0.47394,
2.02032 0.474623,
2.01987 0.47527,
2.0195 0.476023,
2.01922 0.476986,
2.01892 0.477948,
2.01856 0.478801,
2.01833 0.479807,
2.01817 0.48103,
2.018 0.482253,
2.01758 0.483541,
2.01748 0.485066,
2.01735 0.486091,
2.01722 0.487116,
2.01684 0.488107,
2.01674 0.489151,
2.01669 0.490076,
2.01668 0.491068,
2.01666 0.492177,
2.01666 0.493117,
2.01666 0.494055,
2.01664 0.495516,
2.01666 0.496789,
2.01666 0.497896,
2.01666 0.499003,
2.01668 0.500029,
2.01684 0.500841,
2.0175 0.502393,
2.01766 0.503324,
2.01804 0.504408,
2.01841 0.505494,
2.01881 0.506629,
2.0192 0.507764,
2.0195 0.508817,
2.02014 0.509963,
2.02091 0.511363,
2.02128 0.51242,
2.02192 0.513635,
2.02233 0.514457,
2.02274 0.515278,
2.02332 0.516384,
2.02379 0.516994,
2.0246 0.518229,
2.02525 0.519457,
2.02591 0.520685,
2.0262 0.52142,
2.02658 0.522105,
2.02709 0.523112,
2.0276 0.524119,
2.02802 0.524995,
2.02847 0.525871,
2.02907 0.527073,
2.02968 0.528318,
2.03012 0.529453,
2.03058 0.530588,
2.03066 0.531521,
2.03084 0.532218,
2.03112 0.533474,
2.0314 0.534729,
2.03158 0.536026,
2.03189 0.536952,
2.03222 0.537877,
2.03227 0.538614,
2.03242 0.539371,
2.03273 0.540382,
2.03304 0.541392,
2.03312 0.542174,
2.03335 0.543012,
2.03368 0.543957,
2.03401 0.544901,
2.03435 0.545831,
2.03472 0.546763,
2.03496 0.547845,
2.03544 0.548854,
2.03593 0.549864,
2.03636 0.550723,
2.03677 0.551576,
2.03718 0.552431,
2.03736 0.553347,
2.03781 0.554361,
2.03829 0.555373,
2.03865 0.55617,
2.03918 0.556974,
2.0397 0.557779,
2.04005 0.558925,
2.04046 0.559775,
2.04088 0.560626,
2.04146 0.56162,
2.04252 0.562753,
2.04323 0.563476,
2.04406 0.564301,
2.04475 0.564995,
2.04541 0.56567,
2.0461 0.566353,
2.04677 0.567035,
2.04779 0.567899,
2.04846 0.568283,
2.04985 0.569247,
2.05089 0.569902,
2.05171 0.570526,
2.05253 0.571151,
2.05325 0.571807,
2.05438 0.572463,
2.05512 0.572726,
2.05633 0.573208,
2.05753 0.57369,
2.05823 0.574313,
2.05904 0.574746,
2.05982 0.57534,
2.06061 0.575934,
2.06117 0.57649,
2.06184 0.57699,
2.06335 0.57787,
2.06424 0.578589,
2.06483 0.578928,
2.0661 0.57954,
2.0674 0.580152,
2.06837 0.58066,
2.06934 0.581168,
2.07032 0.581626,
2.0715 0.582016,
2.07266 0.582407,
2.07404 0.582697,
2.0754 0.582987,
2.07616 0.583302,
2.07691 0.583491,
2.07831 0.583533,
2.07952 0.583548,
2.0806 0.583558,
2.08167 0.583569,
2.08262 0.583573,
2.08359 0.583574,
2.08457 0.583573,
2.08552 0.583581,
2.08649 0.583589,
2.08726 0.583983,
2.08821 0.584278,
2.08897 0.584384,
2.09025 0.584386,
2.09126 0.584614,
2.09221 0.584954,
2.09316 0.585293,
2.0942 0.585815,
2.09523 0.586334,
2.09769 0.586813,
2.09874 0.586826,
2.09895 0.586828,
2.09905 0.586815,
2.1011 0.586826,
2.10223 0.586836,
2.10345 0.586844,
2.10468 0.586851,
2.10624 0.586846,
2.1077 0.586833,
2.10866 0.586843,
2.10963 0.586853,
2.11102 0.586836,
2.11196 0.586844,
2.1136 0.586846,
2.11491 0.586849,
2.11622 0.586854,
2.11693 0.586833,
2.11767 0.586713,
2.11858 0.586374,
2.1195 0.586034,
2.12059 0.585965,
2.12131 0.585795,
2.12203 0.585518,
2.12295 0.585055,
2.12388 0.584593,
2.12487 0.583888,
2.12585 0.583182,
"/>
<Contour name="CristaeMembrane" hidden="false" closed="true" simplified="true" border="1 0 0" fill="1 0 0" mode="11"
points="2.14917 0.519506,
2.14999 0.519828,
2.15027 0.521294,
2.15109 0.521974,
2.15204 0.522481,
2.15307 0.522793,
2.15414 0.522898,
2.15521 0.522793,
2.15624 0.522481,
2.15717 0.522017,
2.15816 0.5215,
2.15913 0.520984,
2.16003 0.520708,
2.16093 0.520433,
2.1619 0.520211,
2.16286 0.51999,
2.16383 0.519459,
2.16455 0.518796,
2.16585 0.517525,
2.16659 0.516794,
2.16733 0.516062,
2.16803 0.515019,
2.16831 0.514384,
2.16844 0.513412,
2.16854 0.512264,
2.16859 0.511339,
2.1686 0.510061,
2.1686 0.509022,
2.16862 0.507983,
2.16864 0.506924,
2.16864 0.505866,
2.16857 0.505076,
2.16838 0.50427,
2.16757 0.502676,
2.16716 0.501692,
2.16651 0.500817,
2.16583 0.499939,
2.16549 0.498911,
2.16508 0.497817,
2.16475 0.496795,
2.16442 0.495797,
2.16411 0.494798,
2.16375 0.494099,
2.16313 0.493369,
2.16249 0.49264,
2.16155 0.491733,
2.16096 0.491351,
2.16036 0.491046,
2.15937 0.490739,
2.15826 0.490695,
2.15709 0.490658,
2.15593 0.490624,
2.1547 0.490731,
2.15373 0.491019,
2.1527 0.491569,
2.15178 0.492423,
2.15097 0.493197,
2.15017 0.49397,
2.14952 0.494818,
2.14886 0.49581,
2.1482 0.4968,
2.14778 0.497414,
2.14725 0.498448,
2.14673 0.499485,
2.14635 0.500664,
2.14602 0.501574,
2.14569 0.502483,
2.1455 0.503152,
2.14545 0.504548,
2.14542 0.505704,
2.1454 0.506747,
2.1454 0.508038,
2.14538 0.509354,
2.14538 0.510671,
2.14551 0.512018,
2.14578 0.512903,
2.14609 0.513842,
2.1464 0.51478,
2.14689 0.515839,
2.14738 0.516898,
2.14789 0.51775,
2.1484 0.518601,
2.14911 0.519263,
2.14993 0.519791,
"/>
</Transform>

</Section>
