<?xml version="1.0"?>
<!DOCTYPE Section SYSTEM "section.dtd">

<Section index="612" thickness="0.00164" alignLocked="true">
<Transform dim="0"
 xcoef=" 0 1 0 0 0 0"
 ycoef=" 0 0 1 0 0 0">
<Contour name="OuterMembrane" hidden="false" closed="true" simplified="true" border="1 0 0" fill="1 0 0" mode="11"
points="2.048 0.605568,
2.052 0.607367,
2.05605 0.609091,
2.06012 0.610813,
2.06476 0.61174,
2.06942 0.612665,
2.07335 0.613173,
2.07808 0.613431,
2.08236 0.613521,
2.08675 0.613547,
2.09116 0.613575,
2.09564 0.61315,
2.10017 0.612363,
2.10469 0.611002,
2.10906 0.60937,
2.11342 0.60774,
2.11799 0.605621,
2.12249 0.603566,
2.127 0.601511,
2.13167 0.599271,
2.13638 0.596766,
2.14089 0.594206,
2.14496 0.591418,
2.14922 0.588916,
2.15357 0.586562,
2.1577 0.584609,
2.16195 0.582446,
2.16621 0.579671,
2.17031 0.576954,
2.17397 0.574387,
2.17761 0.57182,
2.18058 0.569703,
2.18318 0.567148,
2.18615 0.561872,
2.18866 0.557857,
2.19119 0.553843,
2.19335 0.548988,
2.19552 0.544134,
2.19691 0.539985,
2.19808 0.536004,
2.19919 0.531183,
2.20029 0.52636,
2.20093 0.520769,
2.20198 0.515755,
2.20332 0.510668,
2.20436 0.505896,
2.20523 0.50124,
2.20595 0.496466,
2.2068 0.492156,
2.20774 0.487173,
2.20869 0.482191,
2.20957 0.476133,
2.21015 0.470872,
2.21052 0.465955,
2.21077 0.461147,
2.21049 0.456571,
2.21021 0.451997,
2.20967 0.447643,
2.20913 0.443287,
2.20777 0.439117,
2.20636 0.434843,
2.20511 0.430415,
2.20395 0.425654,
2.20239 0.420663,
2.2009 0.415663,
2.19906 0.410835,
2.19724 0.406005,
2.19519 0.401757,
2.19316 0.397508,
2.19011 0.392657,
2.1872 0.388245,
2.18471 0.384037,
2.18204 0.379977,
2.17926 0.375998,
2.17648 0.372021,
2.17316 0.368472,
2.16961 0.365195,
2.16603 0.361917,
2.16278 0.359591,
2.15954 0.357264,
2.15683 0.355427,
2.1514 0.352964,
2.14638 0.350561,
2.14197 0.348972,
2.13756 0.347383,
2.13316 0.346404,
2.12859 0.345848,
2.12424 0.345446,
2.12 0.345174,
2.11591 0.345128,
2.11181 0.345081,
2.10737 0.34626,
2.10292 0.347439,
2.09846 0.34861,
2.09385 0.349996,
2.08947 0.351352,
2.0851 0.352898,
2.08072 0.354445,
2.07665 0.356739,
2.07262 0.358947,
2.06878 0.361171,
2.06515 0.363385,
2.06179 0.365799,
2.05853 0.368072,
2.05533 0.370504,
2.05203 0.373405,
2.04857 0.376451,
2.04511 0.379496,
2.0426 0.382835,
2.03962 0.386363,
2.03616 0.389562,
2.03248 0.393088,
2.02916 0.39598,
2.02573 0.398746,
2.02228 0.401513,
2.01907 0.403907,
2.01438 0.40741,
2.01056 0.410789,
2.00672 0.414167,
2.00219 0.418308,
2.00011 0.420767,
1.99626 0.424165,
1.99242 0.427561,
1.98952 0.430835,
1.98658 0.434461,
1.98394 0.438534,
1.9813 0.442608,
1.97904 0.446862,
1.97704 0.451108,
1.97548 0.455212,
1.97392 0.459315,
1.97241 0.463239,
1.97117 0.467067,
1.97002 0.47131,
1.96915 0.476,
1.9682 0.480612,
1.96769 0.485227,
1.96733 0.48993,
1.96716 0.494911,
1.96705 0.499921,
1.967 0.505058,
1.96698 0.510266,
1.96736 0.51483,
1.96775 0.519396,
1.96892 0.52388,
1.97057 0.527949,
1.9724 0.531906,
1.97449 0.535921,
1.97684 0.540103,
1.97912 0.544003,
1.9814 0.547903,
1.98373 0.551475,
1.98606 0.555047,
1.98801 0.559407,
1.9913 0.563801,
1.99488 0.566877,
1.99788 0.569647,
2.00087 0.572417,
2.00423 0.575202,
2.00784 0.577944,
2.01166 0.580754,
2.01549 0.58371,
2.0194 0.586844,
2.02337 0.590036,
2.02745 0.593231,
2.03152 0.596219,
2.03562 0.598838,
2.03972 0.601457,
2.04387 0.603513,
"/>
<Contour name="InnerMembrane" hidden="false" closed="true" simplified="true" border="1 0 0" fill="1 0 0" mode="11"
points="2.01461 0.537748,
2.01376 0.537462,
2.02146 0.541136,
2.02591 0.54262,
2.03024 0.543826,
2.03457 0.545031,
2.03863 0.546464,
2.0427 0.547898,
2.04762 0.550622,
2.05195 0.553042,
2.0562 0.555752,
2.05936 0.558084,
2.06255 0.560416,
2.0666 0.563297,
2.07034 0.566038,
2.0738 0.569021,
2.07765 0.572132,
2.08149 0.575243,
2.08551 0.577157,
2.08984 0.578804,
2.09441 0.579876,
2.09915 0.580542,
2.10391 0.581208,
2.10701 0.580913,
2.11321 0.57933,
2.11693 0.578454,
2.12193 0.576293,
2.12613 0.574367,
2.12988 0.572668,
2.13366 0.570977,
2.13722 0.569375,
2.14077 0.567773,
2.14456 0.566008,
2.14856 0.563966,
2.15257 0.561925,
2.15694 0.559312,
2.16132 0.5567,
2.16534 0.55317,
2.1687 0.548493,
2.17175 0.544149,
2.17448 0.539772,
2.1772 0.535394,
2.17915 0.530104,
2.18087 0.524908,
2.18235 0.520042,
2.18386 0.51517,
2.18481 0.510665,
2.18574 0.506161,
2.18661 0.502048,
2.18751 0.49763,
2.1884 0.49321,
2.18899 0.489143,
2.1894 0.484827,
2.18973 0.480636,
2.18988 0.476732,
2.18991 0.472719,
2.18999 0.468653,
2.19001 0.464722,
2.19002 0.460615,
2.19017 0.456297,
2.19037 0.45141,
2.19063 0.446226,
2.19088 0.441042,
2.19015 0.437201,
2.18942 0.43336,
2.18689 0.427725,
2.18435 0.42209,
2.18154 0.418039,
2.17874 0.413987,
2.17602 0.40967,
2.17321 0.405656,
2.17077 0.402028,
2.16847 0.398594,
2.16616 0.395158,
2.16257 0.391065,
2.15904 0.387722,
2.15552 0.384378,
2.15157 0.382205,
2.14796 0.380375,
2.14437 0.378545,
2.14084 0.377002,
2.1369 0.375672,
2.13295 0.374422,
2.129 0.373171,
2.12511 0.371672,
2.11942 0.371317,
2.11442 0.371153,
2.1096 0.371394,
2.10479 0.371634,
2.09981 0.372036,
2.09536 0.373438,
2.09098 0.37484,
2.08659 0.376552,
2.08254 0.37802,
2.07868 0.379571,
2.07485 0.381123,
2.0703 0.384336,
2.06648 0.387434,
2.06264 0.390532,
2.05943 0.394543,
2.05613 0.399494,
2.05344 0.40439,
2.05092 0.408408,
2.04821 0.41215,
2.04557 0.415712,
2.04231 0.418815,
2.03865 0.421856,
2.03504 0.424637,
2.03144 0.427418,
2.0276 0.430188,
2.02381 0.433403,
2.02005 0.436786,
2.01717 0.439484,
2.01228 0.444258,
2.01043 0.446716,
2.00664 0.451472,
2.00457 0.453896,
2.00088 0.460212,
1.99916 0.464245,
1.99744 0.468276,
1.99627 0.472422,
1.99544 0.477168,
1.99462 0.481912,
1.99422 0.486529,
1.99403 0.491313,
1.99388 0.495697,
1.99373 0.499869,
1.99358 0.504039,
1.99391 0.507313,
1.99522 0.51105,
1.99675 0.515288,
1.99872 0.519409,
2.00069 0.523529,
2.0027 0.527724,
2.00843 0.534176,
2.01179 0.536478,
"/>
<Contour name="CristaeMembrane" hidden="false" closed="true" simplified="true" border="1 0 0" fill="1 0 0" mode="11"
points="2.05377 0.482513,
2.05272 0.482913,
2.05162 0.483136,
2.05051 0.48336,
2.04929 0.483767,
2.04798 0.484079,
2.04657 0.484235,
2.04538 0.484335,
2.04418 0.484436,
2.04306 0.484402,
2.0421 0.484545,
2.04091 0.484884,
2.03975 0.485225,
2.03891 0.485342,
2.03796 0.485706,
2.03703 0.486068,
2.03593 0.486298,
2.03483 0.486765,
2.03416 0.487193,
2.03296 0.488317,
2.03162 0.489722,
2.03071 0.490599,
2.02998 0.491316,
2.0292 0.492064,
2.02845 0.49281,
2.02773 0.493742,
2.02711 0.49498,
2.02647 0.49622,
2.02615 0.497196,
2.02609 0.498352,
2.02604 0.499537,
2.02602 0.500835,
2.02599 0.50213,
2.02599 0.50368,
2.02599 0.505346,
2.02612 0.506371,
2.02645 0.507406,
2.02725 0.508507,
2.02816 0.509568,
2.02906 0.510627,
2.02976 0.511342,
2.03057 0.512023,
2.03135 0.512703,
2.03252 0.513287,
2.03367 0.513871,
2.03444 0.514143,
2.03555 0.514255,
2.03695 0.514416,
2.03834 0.514576,
2.03968 0.515049,
2.04075 0.515119,
2.04213 0.515154,
2.04334 0.515168,
2.04454 0.515178,
2.04579 0.51518,
2.04679 0.515172,
2.0478 0.515163,
2.04926 0.515176,
2.05071 0.515178,
2.05215 0.51518,
2.0533 0.51518,
2.05431 0.515178,
2.05535 0.515176,
2.05659 0.515129,
2.05735 0.514971,
2.05807 0.514717,
2.05945 0.514091,
2.06084 0.513546,
2.0621 0.513333,
2.06335 0.513118,
2.06448 0.513486,
2.06561 0.513851,
2.06666 0.514327,
2.06771 0.514801,
2.06893 0.515513,
2.06976 0.515801,
2.0707 0.516119,
2.07173 0.51657,
2.07276 0.517023,
2.07376 0.517423,
2.07478 0.517825,
2.07539 0.518291,
2.07701 0.519098,
2.07795 0.519583,
2.0789 0.520067,
2.08059 0.520916,
2.08147 0.52151,
2.08234 0.522102,
2.08316 0.522914,
2.08398 0.523727,
2.08457 0.524342,
2.08531 0.524898,
2.08624 0.525504,
2.0871 0.526189,
2.08792 0.526942,
2.08882 0.527801,
2.08972 0.528659,
2.09028 0.529235,
2.09095 0.529754,
2.09164 0.530153,
2.09295 0.531063,
2.09408 0.532195,
2.09466 0.533226,
2.09525 0.534258,
2.09562 0.53508,
2.09648 0.536101,
2.09728 0.536982,
2.0981 0.537835,
2.0989 0.538686,
2.09981 0.539586,
2.10064 0.540431,
2.10143 0.541467,
2.1022 0.542504,
2.10309 0.543683,
2.10378 0.544306,
2.10451 0.545239,
2.10527 0.546171,
2.10591 0.54724,
2.10684 0.548218,
2.10765 0.549118,
2.10843 0.550017,
2.10878 0.550717,
2.1092 0.551366,
2.10996 0.552163,
2.11083 0.553039,
2.11157 0.553794,
2.11227 0.55451,
2.11314 0.555324,
2.11401 0.556137,
2.11486 0.557097,
2.11547 0.557575,
2.11612 0.557974,
2.1174 0.558579,
2.1187 0.559184,
2.11985 0.559432,
2.12132 0.559448,
2.12257 0.55946,
2.12372 0.55945,
2.12483 0.559456,
2.12596 0.559461,
2.12706 0.559463,
2.12818 0.559463,
2.12954 0.559238,
2.13029 0.558969,
2.13203 0.558587,
2.13325 0.558281,
2.13395 0.557969,
2.13461 0.55757,
2.13623 0.556764,
2.1372 0.556101,
2.13817 0.55552,
2.13915 0.55494,
2.1402 0.554392,
2.14104 0.553641,
2.14187 0.55289,
2.14271 0.552057,
2.14341 0.551338,
2.14412 0.550619,
2.14546 0.54929,
2.14612 0.5484,
2.14661 0.547429,
2.14714 0.546451,
2.14765 0.545475,
2.14835 0.544639,
2.14884 0.543701,
2.14933 0.542761,
2.14999 0.541771,
2.15065 0.540779,
2.15107 0.540139,
2.15184 0.538586,
2.15232 0.537653,
2.1528 0.536721,
2.1533 0.535713,
2.15388 0.534563,
2.15445 0.533413,
2.15483 0.532579,
2.15516 0.53155,
2.15563 0.53041,
2.15611 0.529272,
2.15652 0.528331,
2.15675 0.527139,
2.15696 0.525948,
2.15727 0.525262,
2.15749 0.524544,
2.15762 0.523798,
2.15804 0.522527,
2.15847 0.521256,
2.15949 0.519672,
2.16006 0.51887,
2.16059 0.517848,
2.16109 0.516795,
2.16162 0.515742,
2.16218 0.514632,
2.16249 0.51353,
2.1627 0.512533,
2.16293 0.511536,
2.16326 0.510447,
2.16336 0.509248,
2.16344 0.508049,
2.16396 0.506839,
2.16413 0.506109,
2.16416 0.504851,
2.16419 0.503762,
2.16419 0.502699,
2.16419 0.501645,
2.16419 0.500592,
2.16418 0.499605,
2.164 0.498612,
2.16365 0.497647,
2.16329 0.496682,
2.16296 0.495534,
2.1625 0.494599,
2.16201 0.493668,
2.16154 0.492736,
2.16091 0.491966,
2.16016 0.49131,
2.15917 0.490685,
2.15816 0.489875,
2.15716 0.489066,
2.15644 0.488548,
2.15471 0.487677,
2.15363 0.48718,
2.15235 0.486752,
2.15106 0.486324,
2.15002 0.485732,
2.14892 0.485384,
2.14783 0.485037,
2.14689 0.484661,
2.14569 0.484262,
2.1445 0.483862,
2.14369 0.483659,
2.14263 0.483415,
2.14158 0.48317,
2.14056 0.482868,
2.13943 0.482806,
2.13828 0.482742,
2.13656 0.481876,
2.13564 0.481458,
2.13467 0.481151,
2.13369 0.480846,
2.13271 0.480489,
2.13151 0.480235,
2.13044 0.479774,
2.12949 0.479037,
2.12852 0.478301,
2.12785 0.477068,
2.12718 0.475651,
2.12669 0.474478,
2.12656 0.473325,
2.12642 0.472172,
2.12682 0.470962,
2.12721 0.469752,
2.12782 0.468496,
2.12834 0.46707,
2.12887 0.465645,
2.12936 0.464651,
2.12965 0.46348,
2.12993 0.462308,
2.13056 0.461278,
2.1312 0.460248,
2.13192 0.459425,
2.13256 0.458418,
2.1333 0.457493,
2.13403 0.456569,
2.13451 0.455953,
2.13584 0.454754,
2.13661 0.453977,
2.13731 0.452897,
2.13764 0.451812,
2.13799 0.450724,
2.13846 0.449783,
2.13894 0.44884,
2.13933 0.447874,
2.13946 0.446713,
2.13961 0.445552,
2.13959 0.44402,
2.13994 0.442587,
2.14027 0.441153,
2.14076 0.440243,
2.14112 0.439128,
2.14117 0.437928,
2.14123 0.436727,
2.14123 0.435415,
2.14123 0.43428,
2.14125 0.433227,
2.14123 0.432073,
2.14122 0.430858,
2.1412 0.429642,
2.14125 0.428147,
2.1412 0.4273,
2.14102 0.426416,
2.14072 0.425391,
2.14041 0.424368,
2.1403 0.423492,
2.13999 0.42249,
2.13953 0.421572,
2.13907 0.420653,
2.13838 0.419337,
2.13769 0.41802,
2.13722 0.416932,
2.13648 0.415888,
2.1353 0.41469,
2.13446 0.414033,
2.13277 0.413185,
2.13213 0.412819,
2.13138 0.412517,
2.13054 0.412316,
2.12892 0.411701,
2.12788 0.411466,
2.12683 0.411376,
2.12577 0.411286,
2.12478 0.410869,
2.12362 0.410733,
2.12246 0.410663,
2.12131 0.410631,
2.12031 0.410618,
2.1185 0.410602,
2.11768 0.410712,
2.11681 0.410959,
2.1159 0.411409,
2.11491 0.411852,
2.11391 0.412294,
2.11293 0.412522,
2.11196 0.412791,
2.11099 0.413059,
2.10979 0.413116,
2.10843 0.41349,
2.1075 0.413947,
2.10651 0.414469,
2.10553 0.414992,
2.10415 0.415927,
2.10274 0.416747,
2.10194 0.417141,
2.1012 0.417649,
2.10033 0.41851,
2.09946 0.419369,
2.09874 0.420075,
2.09802 0.420799,
2.09728 0.421524,
2.09659 0.422621,
2.0959 0.423719,
2.09533 0.42434,
2.09487 0.425034,
2.09428 0.426407,
2.0941 0.427876,
2.09392 0.429344,
2.09346 0.430495,
2.09321 0.431715,
2.09295 0.432934,
2.09267 0.434326,
2.09216 0.435645,
2.09167 0.436963,
2.09092 0.4379,
2.09031 0.439099,
2.0899 0.440338,
2.08949 0.441578,
2.08923 0.442582,
2.08915 0.443679,
2.08908 0.444776,
2.08869 0.445622,
2.08838 0.446638,
2.08805 0.447651,
2.08775 0.44866,
2.08746 0.449668,
2.0871 0.450424,
2.0868 0.451394,
2.08652 0.452361,
2.08619 0.453427,
2.08588 0.454493,
2.08544 0.455369,
2.085 0.456332,
2.08455 0.457294,
2.08383 0.458565,
2.08352 0.459585,
2.08347 0.460679,
2.08308 0.461621,
2.08269 0.462564,
2.08209 0.463741,
2.08165 0.464669,
2.08121 0.465598,
2.08029 0.467362,
2.07945 0.468533,
2.07857 0.46958,
2.07781 0.470281,
2.07706 0.470983,
2.07634 0.47137,
2.0754 0.472195,
2.07434 0.472951,
2.07326 0.473706,
2.07242 0.47434,
2.07145 0.474883,
2.0705 0.475426,
2.06957 0.475636,
2.06861 0.476089,
2.06766 0.47654,
2.0667 0.47701,
2.06571 0.47745,
2.06474 0.477889,
2.06368 0.47814,
2.06246 0.478709,
2.06158 0.4792,
2.06069 0.47969,
2.05917 0.48033,
2.05825 0.480509,
2.05736 0.480827,
2.05646 0.48142,
2.05556 0.482016,
2.05459 0.482263,
2.05358 0.482608,
"/>
<Contour name="CristaeMembrane" hidden="false" closed="true" simplified="true" border="1 0 0" fill="1 0 0" mode="11"
points="2.11124 0.532926,
2.11134 0.533082,
2.11043 0.532164,
2.10953 0.531247,
2.1085 0.530184,
2.10896 0.531375,
2.10942 0.532565,
2.1102 0.533563,
2.11119 0.534486,
2.11209 0.535019,
2.11299 0.535552,
2.11376 0.536211,
2.11476 0.536738,
2.11575 0.537264,
2.11691 0.537854,
2.11808 0.538445,
2.11921 0.538825,
2.12034 0.538897,
2.12144 0.538925,
2.1225 0.538945,
2.12359 0.538966,
2.1248 0.538965,
2.1261 0.538963,
2.12749 0.538927,
2.12887 0.538889,
2.12962 0.538714,
2.13036 0.538442,
2.13107 0.538061,
2.13172 0.537589,
2.13244 0.536879,
2.13308 0.535839,
2.13372 0.534989,
2.13512 0.533594,
2.13595 0.533159,
2.13672 0.532595,
2.13748 0.531834,
2.13823 0.531071,
2.13902 0.530286,
2.13968 0.529356,
2.14017 0.528372,
2.14069 0.527294,
2.14123 0.526217,
2.14161 0.525453,
2.14192 0.524487,
2.14199 0.523383,
2.14204 0.522363,
2.14204 0.521323,
2.14204 0.520064,
2.14205 0.519029,
2.14205 0.517663,
2.14205 0.516469,
2.14204 0.515336,
2.14202 0.514202,
2.14171 0.512935,
2.14113 0.511751,
2.14058 0.510622,
2.14002 0.509494,
2.13931 0.508197,
2.13859 0.506901,
2.13833 0.506111,
2.13795 0.505364,
2.1372 0.504346,
2.13618 0.503472,
2.13525 0.502978,
2.1343 0.502486,
2.13334 0.501838,
2.13239 0.501189,
2.13128 0.500198,
2.1302 0.499045,
2.1291 0.497891,
2.12856 0.497356,
2.12795 0.496884,
2.12685 0.496125,
2.12575 0.495367,
2.12488 0.49458,
2.124 0.494045,
2.12309 0.493509,
2.12241 0.492927,
2.12145 0.492353,
2.12024 0.491929,
2.1195 0.491803,
2.11837 0.491642,
2.11726 0.491377,
2.11616 0.491109,
2.11514 0.491031,
2.11412 0.490952,
2.1128 0.49107,
2.11147 0.491188,
2.11052 0.491531,
2.10956 0.491875,
2.10835 0.492392,
2.10712 0.492907,
2.10596 0.49346,
2.10479 0.494012,
2.10381 0.494617,
2.10299 0.4954,
2.10222 0.496144,
2.10095 0.497486,
2.10027 0.498688,
2.10007 0.499808,
2.09994 0.501013,
2.09986 0.502265,
2.09982 0.503313,
2.09982 0.504894,
2.09981 0.506247,
2.09981 0.507424,
2.09979 0.5086,
2.09992 0.509648,
2.10027 0.510711,
2.10061 0.511773,
2.10079 0.513131,
2.10132 0.514494,
2.10179 0.515455,
2.10228 0.517223,
2.10268 0.518251,
2.10291 0.519493,
2.10314 0.520734,
2.10345 0.521966,
2.10399 0.523073,
2.10443 0.524211,
2.10487 0.525349,
2.10517 0.526284,
2.10565 0.527175,
2.1064 0.528141,
2.10699 0.52867,
2.10765 0.529118,
2.1085 0.530099,
2.10935 0.531011,
2.11016 0.531829,
2.11096 0.532649,
"/>
</Transform>

</Section>
