<?xml version="1.0"?>
<!DOCTYPE Section SYSTEM "section.dtd">

<Section index="626" thickness="0.00164" alignLocked="true">
<Transform dim="0"
 xcoef=" 0 1 0 0 0 0"
 ycoef=" 0 0 1 0 0 0">
<Contour name="OuterMembrane" hidden="false" closed="true" simplified="true" border="1 0 0" fill="1 0 0" mode="11"
points="2.01266 0.595904,
2.01053 0.594397,
2.01449 0.598147,
2.01848 0.6019,
2.02227 0.606401,
2.02719 0.609417,
2.03186 0.612796,
2.03657 0.615953,
2.04128 0.61911,
2.04621 0.621357,
2.05123 0.623664,
2.05679 0.626019,
2.06282 0.627781,
2.06907 0.62935,
2.07458 0.630719,
2.08086 0.63178,
2.08667 0.6325,
2.09279 0.63285,
2.09868 0.63312,
2.10432 0.633301,
2.10996 0.63348,
2.11547 0.632156,
2.12123 0.630844,
2.12708 0.629235,
2.13307 0.627674,
2.13949 0.625811,
2.14591 0.623948,
2.1496 0.622961,
2.15544 0.620558,
2.16093 0.618111,
2.16636 0.615341,
2.17192 0.61236,
2.17746 0.609378,
2.18358 0.605294,
2.19078 0.599897,
2.19445 0.595966,
2.19826 0.590595,
2.20157 0.58576,
2.20488 0.580926,
2.20792 0.576106,
2.2108 0.571671,
2.21369 0.567237,
2.21595 0.562553,
2.21815 0.557329,
2.22008 0.552224,
2.22179 0.547327,
2.2235 0.542432,
2.22417 0.537398,
2.22512 0.53185,
2.22607 0.526301,
2.22643 0.521348,
2.22655 0.514686,
2.22658 0.50863,
2.22663 0.503188,
2.22669 0.497745,
2.22632 0.490898,
2.22594 0.484051,
2.22543 0.479818,
2.22397 0.472623,
2.22186 0.466132,
2.21987 0.459633,
2.21744 0.453229,
2.21505 0.447453,
2.21285 0.441501,
2.21095 0.436168,
2.20906 0.430835,
2.20618 0.42423,
2.20293 0.418544,
2.19947 0.413283,
2.19601 0.408022,
2.19209 0.403312,
2.18814 0.398694,
2.1841 0.394202,
2.18074 0.390637,
2.17631 0.387006,
2.17159 0.383424,
2.16651 0.380372,
2.16108 0.37801,
2.15558 0.375673,
2.14996 0.373272,
2.14453 0.370955,
2.13887 0.369136,
2.1333 0.36727,
2.12765 0.365751,
2.122 0.364233,
2.11653 0.36316,
2.11124 0.362656,
2.10587 0.362342,
2.10017 0.362204,
2.09428 0.362076,
2.08839 0.361948,
2.08193 0.362768,
2.07532 0.363181,
2.06868 0.363618,
2.06217 0.364615,
2.05564 0.365612,
2.05026 0.368057,
2.0448 0.370512,
2.03914 0.372588,
2.03347 0.374722,
2.02779 0.376854,
2.0231 0.378856,
2.01841 0.380859,
2.01479 0.383106,
2.00903 0.387617,
2.00318 0.391789,
1.99957 0.397579,
1.99609 0.403304,
1.99252 0.408767,
1.98866 0.414166,
1.98519 0.419587,
1.98235 0.425173,
1.97951 0.430761,
1.97763 0.436022,
1.97597 0.441657,
1.97472 0.446907,
1.97361 0.452253,
1.97258 0.45779,
1.97166 0.462952,
1.97064 0.469106,
1.97 0.475454,
1.96962 0.482117,
1.96948 0.488321,
1.96931 0.494229,
1.96925 0.499967,
1.96916 0.505705,
1.96959 0.51187,
1.97128 0.518217,
1.97305 0.524587,
1.97502 0.530201,
1.97699 0.535814,
1.98007 0.542337,
1.98283 0.548063,
1.98514 0.553092,
1.98755 0.557853,
1.98986 0.562645,
1.99217 0.567601,
1.9944 0.572212,
1.99663 0.576822,
2.00014 0.581693,
2.00365 0.586562,
2.00749 0.591614,
"/>
<Contour name="InnerMembrane" hidden="false" closed="true" simplified="true" border="1 0 0" fill="1 0 0" mode="11"
points="2.05664 0.596683,
2.06178 0.599182,
2.06724 0.601006,
2.07107 0.602551,
2.0749 0.604096,
2.07904 0.604686,
2.08429 0.604837,
2.08884 0.604907,
2.09349 0.605067,
2.09827 0.605358,
2.10312 0.605575,
2.10702 0.605695,
2.11239 0.605752,
2.11731 0.605778,
2.12223 0.605803,
2.1266 0.605786,
2.13098 0.60577,
2.13705 0.604278,
2.14282 0.603335,
2.14576 0.603017,
2.15066 0.601299,
2.15507 0.599023,
2.15936 0.596461,
2.16357 0.593747,
2.16777 0.591033,
2.17118 0.588279,
2.17441 0.585424,
2.17758 0.582525,
2.18072 0.579625,
2.1833 0.576004,
2.18563 0.572252,
2.18769 0.568185,
2.18976 0.564117,
2.19165 0.559389,
2.19309 0.554912,
2.19452 0.550433,
2.19612 0.546555,
2.19788 0.542327,
2.19955 0.538179,
2.20085 0.533954,
2.20213 0.52973,
2.20296 0.525505,
2.20329 0.520613,
2.20359 0.515729,
2.20375 0.510958,
2.20382 0.506742,
2.20388 0.502526,
2.20352 0.498376,
2.20332 0.493991,
2.20323 0.489506,
2.20314 0.48502,
2.20216 0.480715,
2.20127 0.476674,
2.20027 0.472671,
2.19927 0.468668,
2.19749 0.464446,
2.19586 0.460156,
2.19445 0.455835,
2.19306 0.451515,
2.19125 0.447039,
2.18947 0.442565,
2.1875 0.438365,
2.1856 0.434402,
2.18346 0.430485,
2.18135 0.426571,
2.17876 0.422733,
2.17598 0.419268,
2.1731 0.416009,
2.17023 0.41275,
2.16623 0.41029,
2.16236 0.407715,
2.15849 0.405139,
2.15471 0.402789,
2.15075 0.400255,
2.14678 0.397721,
2.1432 0.39573,
2.13961 0.393739,
2.13397 0.392019,
2.12941 0.391135,
2.12485 0.390253,
2.12104 0.389966,
2.1157 0.389502,
2.11096 0.389265,
2.10651 0.389057,
2.10063 0.388103,
2.09505 0.387781,
2.08946 0.387532,
2.08442 0.387429,
2.07944 0.38732,
2.07444 0.387214,
2.06989 0.387619,
2.06535 0.388026,
2.06023 0.38866,
2.05436 0.389705,
2.05061 0.39035,
2.04685 0.390992,
2.04241 0.392682,
2.03931 0.395657,
2.03619 0.398632,
2.0325 0.40149,
2.02914 0.404618,
2.02579 0.407747,
2.02238 0.410676,
2.01877 0.413623,
2.01515 0.41657,
2.01195 0.419563,
2.0091 0.422744,
2.00623 0.425926,
2.00359 0.429185,
2.00132 0.432653,
1.99934 0.436324,
1.99752 0.440338,
1.99577 0.444532,
1.99419 0.449063,
1.9923 0.453519,
1.9905 0.458131,
1.98911 0.462897,
1.9875 0.467736,
1.98629 0.472528,
1.98507 0.477151,
1.98447 0.481827,
1.98407 0.486645,
1.98489 0.491337,
1.98594 0.496026,
1.98691 0.500774,
1.98794 0.505455,
1.98924 0.510019,
1.99053 0.514583,
1.99176 0.518996,
1.99298 0.523408,
1.99581 0.527452,
1.99831 0.531103,
2.00047 0.534774,
2.00241 0.538658,
2.00446 0.542676,
2.00649 0.546692,
2.00849 0.550409,
2.01044 0.554123,
2.0128 0.557971,
2.0153 0.561711,
2.01768 0.565438,
2.02012 0.569167,
2.02333 0.572893,
2.02647 0.576368,
2.02958 0.579842,
2.03329 0.582243,
2.03739 0.584781,
2.0415 0.58732,
2.04556 0.589962,
2.04928 0.592368,
2.05302 0.594774,
"/>
<Contour name="CristaeMembrane" hidden="false" closed="true" simplified="true" border="1 0 0" fill="1 0 0" mode="11"
points="2.07025 0.539265,
2.07016 0.538791,
2.0693 0.540926,
2.06955 0.542296,
2.07009 0.543619,
2.07101 0.544759,
2.07203 0.545882,
2.07304 0.547007,
2.07376 0.548378,
2.07457 0.549279,
2.0755 0.550241,
2.07652 0.551268,
2.07754 0.552304,
2.07849 0.553275,
2.07944 0.554222,
2.08037 0.555166,
2.08124 0.555901,
2.08234 0.556618,
2.08344 0.557334,
2.08465 0.558012,
2.08587 0.558691,
2.08715 0.559717,
2.08841 0.560744,
2.08949 0.562017,
2.09057 0.563288,
2.09138 0.56429,
2.09234 0.565375,
2.09305 0.566289,
2.09426 0.568073,
2.09472 0.569121,
2.09536 0.570077,
2.09628 0.571264,
2.09702 0.572271,
2.09776 0.573278,
2.099 0.574538,
2.1002 0.575771,
2.1014 0.577004,
2.10271 0.578134,
2.10373 0.578799,
2.10474 0.579461,
2.10566 0.580073,
2.10783 0.580719,
2.10891 0.58127,
2.11034 0.581511,
2.11178 0.581752,
2.11337 0.581762,
2.11494 0.581772,
2.11609 0.581649,
2.11724 0.581323,
2.11845 0.580739,
2.1198 0.580243,
2.12116 0.57975,
2.12298 0.578863,
2.12419 0.578274,
2.12523 0.577747,
2.12628 0.577221,
2.12747 0.576627,
2.12859 0.575876,
2.1297 0.575125,
2.13072 0.574274,
2.13174 0.573423,
2.13262 0.572549,
2.13353 0.571642,
2.13443 0.57074,
2.13536 0.569815,
2.13623 0.568939,
2.13708 0.568086,
2.13804 0.567104,
2.139 0.566123,
2.13972 0.565013,
2.1405 0.564039,
2.14138 0.56305,
2.14227 0.562062,
2.14323 0.561096,
2.14428 0.560303,
2.14533 0.559509,
2.14624 0.558886,
2.14709 0.558041,
2.14809 0.557229,
2.14909 0.556418,
2.15029 0.555789,
2.15142 0.555252,
2.1526 0.554978,
2.15399 0.55484,
2.15532 0.554776,
2.15667 0.554743,
2.15809 0.554723,
2.15955 0.554715,
2.16098 0.55461,
2.16239 0.554505,
2.16357 0.553981,
2.16477 0.553456,
2.16598 0.552646,
2.16718 0.551834,
2.16844 0.551225,
2.16938 0.550414,
2.17033 0.549602,
2.17106 0.548815,
2.1717 0.54767,
2.17238 0.546353,
2.17307 0.545034,
2.17387 0.543365,
2.17431 0.541594,
2.17469 0.540152,
2.17505 0.538712,
2.17539 0.537261,
2.17576 0.535811,
2.17597 0.534468,
2.17621 0.53309,
2.17648 0.531711,
2.17707 0.53013,
2.17767 0.528551,
2.17826 0.526519,
2.17874 0.525463,
2.17945 0.523306,
2.17987 0.52202,
2.18048 0.520641,
2.18107 0.519263,
2.18135 0.518422,
2.18153 0.517551,
2.18174 0.516265,
2.18195 0.514978,
2.18232 0.513702,
2.18241 0.512792,
2.18248 0.511283,
2.18254 0.509774,
2.18284 0.508446,
2.18314 0.507116,
2.1834 0.505645,
2.18364 0.504174,
2.18386 0.502555,
2.18394 0.501284,
2.18399 0.500041,
2.18402 0.498726,
2.18397 0.497264,
2.18417 0.495931,
2.18437 0.494599,
2.18476 0.493266,
2.18481 0.491724,
2.1851 0.490411,
2.1854 0.489099,
2.18553 0.487716,
2.18564 0.486334,
2.18622 0.485009,
2.18637 0.483713,
2.18643 0.482414,
2.18646 0.481166,
2.1865 0.479938,
2.18658 0.478434,
2.18666 0.47693,
2.18696 0.475541,
2.1871 0.474057,
2.18722 0.472551,
2.18727 0.47111,
2.1873 0.469812,
2.18732 0.468569,
2.18732 0.467298,
2.18733 0.466055,
2.1873 0.46472,
2.18732 0.463344,
2.18732 0.461749,
2.1876 0.460528,
2.18896 0.46114,
2.19032 0.461753,
2.1915 0.462519,
2.19266 0.463285,
2.19391 0.464279,
2.19471 0.464707,
2.19557 0.465027,
2.19721 0.465886,
2.19885 0.466746,
2.20088 0.46779,
2.20227 0.468354,
2.20319 0.468546,
2.20498 0.468981,
2.20598 0.469281,
2.20739 0.469355,
2.20864 0.469394,
2.20982 0.469411,
2.21111 0.469422,
2.21257 0.469406,
2.21403 0.469388,
2.21612 0.469425,
2.21744 0.469365,
2.21894 0.468976,
2.22071 0.468379,
2.22176 0.468007,
2.22292 0.467362,
2.22407 0.466718,
2.22555 0.466119,
2.22742 0.464763,
2.22856 0.46414,
2.22951 0.463267,
2.23071 0.462108,
2.23193 0.46095,
2.23288 0.459994,
2.23383 0.459039,
2.2344 0.458344,
2.23532 0.457075,
2.23624 0.455805,
2.23716 0.454624,
2.23758 0.453801,
2.23834 0.452005,
2.23891 0.451143,
2.23942 0.449745,
2.23988 0.448563,
2.24035 0.447382,
2.24088 0.446385,
2.24127 0.445201,
2.24167 0.444015,
2.24198 0.443143,
2.24231 0.441754,
2.24263 0.440365,
2.24322 0.438446,
2.24368 0.437191,
2.244 0.435861,
2.24431 0.434531,
2.24464 0.433293,
2.24473 0.432391,
2.24473 0.430333,
2.24473 0.428937,
2.24473 0.427543,
2.24473 0.425724,
2.24472 0.424343,
2.2447 0.422963,
2.24473 0.420655,
2.24455 0.419087,
2.24382 0.417027,
2.24347 0.415778,
2.24295 0.414687,
2.24244 0.413597,
2.24198 0.412783,
2.24127 0.411753,
2.24058 0.410722,
2.23996 0.409793,
2.23891 0.408713,
2.23808 0.407858,
2.23722 0.407004,
2.23606 0.405843,
2.23488 0.404683,
2.23348 0.403253,
2.23243 0.402461,
2.23135 0.4019,
2.22938 0.400964,
2.2284 0.400332,
2.22738 0.399463,
2.22637 0.398594,
2.22561 0.397923,
2.22464 0.397301,
2.22356 0.396839,
2.2225 0.396377,
2.22187 0.395753,
2.22066 0.395053,
2.21946 0.394353,
2.21858 0.393859,
2.21657 0.392898,
2.21541 0.391924,
2.21377 0.390992,
2.21282 0.39002,
2.21188 0.389049,
2.2111 0.388273,
2.21001 0.387534,
2.20923 0.387152,
2.20785 0.386622,
2.20649 0.38609,
2.20536 0.385229,
2.20457 0.384803,
2.20295 0.384222,
2.20134 0.383642,
2.20057 0.383214,
2.19973 0.382879,
2.1986 0.382514,
2.19747 0.382148,
2.19616 0.381436,
2.19503 0.381065,
2.19389 0.380696,
2.19263 0.380272,
2.19137 0.379847,
2.19032 0.379486,
2.18879 0.37927,
2.18787 0.379302,
2.18596 0.379184,
2.18482 0.378737,
2.1832 0.378456,
2.18131 0.378451,
2.17994 0.37845,
2.17854 0.37845,
2.17676 0.378451,
2.17498 0.378455,
2.17407 0.378471,
2.17313 0.378612,
2.17202 0.37896,
2.17087 0.379557,
2.16983 0.380478,
2.16879 0.381398,
2.16741 0.382143,
2.16651 0.382979,
2.16562 0.383817,
2.16437 0.384426,
2.16311 0.385033,
2.162 0.385794,
2.16104 0.386756,
2.16027 0.387917,
2.1595 0.38906,
2.15873 0.390204,
2.15826 0.391258,
2.15806 0.392549,
2.15794 0.3939,
2.1579 0.395352,
2.15788 0.396514,
2.15786 0.398053,
2.15786 0.399378,
2.15786 0.40067,
2.15788 0.402051,
2.15785 0.404358,
2.15793 0.405346,
2.15835 0.406608,
2.15876 0.407873,
2.15917 0.409323,
2.15975 0.410828,
2.16034 0.412334,
2.16062 0.41369,
2.16096 0.414579,
2.1616 0.416626,
2.16216 0.41777,
2.16247 0.418943,
2.16277 0.420117,
2.16293 0.421318,
2.16326 0.422625,
2.16342 0.423851,
2.1635 0.425186,
2.16355 0.42661,
2.16357 0.42784,
2.16336 0.430147,
2.16309 0.431459,
2.16296 0.432975,
2.1628 0.434313,
2.16265 0.435653,
2.16219 0.436978,
2.16152 0.438178,
2.16085 0.439379,
2.16003 0.440306,
2.15898 0.442272,
2.15842 0.443297,
2.15773 0.445103,
2.15703 0.44691,
2.1565 0.448092,
2.15596 0.449275,
2.15526 0.450442,
2.15476 0.451546,
2.15425 0.45265,
2.1535 0.4542,
2.15275 0.455748,
2.15224 0.456507,
2.15183 0.457325,
2.15137 0.458692,
2.15091 0.460058,
2.15056 0.461504,
2.15006 0.462905,
2.14955 0.464304,
2.14909 0.465521,
2.14883 0.466723,
2.14858 0.467925,
2.14817 0.469207,
2.14771 0.470298,
2.14725 0.471387,
2.14683 0.472638,
2.1464 0.473889,
2.14604 0.475037,
2.14568 0.476187,
2.14522 0.47752,
2.14471 0.478767,
2.1442 0.480012,
2.14345 0.481163,
2.14268 0.482314,
2.14209 0.483415,
2.14151 0.484517,
2.14097 0.485583,
2.14043 0.486647,
2.14002 0.487882,
2.13954 0.489066,
2.13902 0.490255,
2.13849 0.491444,
2.13787 0.492631,
2.13725 0.493819,
2.13685 0.495044,
2.13644 0.496269,
2.13612 0.497689,
2.13579 0.499108,
2.13576 0.500521,
2.13574 0.501822,
2.13572 0.503072,
2.13572 0.50439,
2.13572 0.505838,
2.13572 0.507286,
2.13592 0.508493,
2.1364 0.509784,
2.13741 0.511834,
2.13774 0.513149,
2.13833 0.514402,
2.13866 0.515783,
2.13899 0.517163,
2.13899 0.518898,
2.13899 0.520201,
2.13894 0.521797,
2.13887 0.523391,
2.13853 0.524711,
2.13818 0.526033,
2.13754 0.526927,
2.13703 0.527911,
2.13626 0.529469,
2.13597 0.530309,
2.13543 0.531865,
2.1349 0.533421,
2.13361 0.53298,
2.13233 0.532539,
2.13133 0.53117,
2.13033 0.5298,
2.12934 0.527742,
2.12874 0.526642,
2.12764 0.525477,
2.12654 0.524313,
2.12542 0.523601,
2.12432 0.522891,
2.12309 0.522165,
2.12186 0.521438,
2.12054 0.520971,
2.11922 0.520502,
2.11786 0.519824,
2.1168 0.519283,
2.11493 0.518355,
2.11394 0.518037,
2.11232 0.517942,
2.11098 0.517896,
2.10958 0.517894,
2.10825 0.517874,
2.10696 0.517861,
2.10574 0.51786,
2.10456 0.517853,
2.1034 0.517851,
2.10222 0.517851,
2.10051 0.517855,
2.09894 0.517864,
2.09735 0.517856,
2.09576 0.517848,
2.09456 0.517983,
2.0932 0.518347,
2.09185 0.518711,
2.09044 0.519147,
2.08902 0.519585,
2.08779 0.519913,
2.08669 0.520441,
2.08554 0.521018,
2.08439 0.521595,
2.08308 0.522243,
2.08177 0.522893,
2.08072 0.523437,
2.07967 0.523982,
2.07852 0.52451,
2.07768 0.525072,
2.07649 0.526245,
2.07527 0.527416,
2.07404 0.528718,
2.07319 0.529951,
2.07234 0.531183,
2.07139 0.532267,
2.07073 0.53339,
2.07034 0.534522,
2.07022 0.535809,
2.07011 0.538156,
"/>
</Transform>

</Section>
