<?xml version="1.0"?>
<!DOCTYPE Section SYSTEM "section.dtd">

<Section index="609" thickness="0.00164" alignLocked="true">
<Transform dim="0"
 xcoef=" 0 1 0 0 0 0"
 ycoef=" 0 0 1 0 0 0">
<Contour name="OuterMembrane" hidden="false" closed="true" simplified="true" border="1 0 0" fill="1 0 0" mode="11"
points="2.0223 0.586375,
2.02645 0.587597,
2.0306 0.588819,
2.03465 0.59029,
2.03847 0.591973,
2.04342 0.593475,
2.04749 0.59489,
2.05156 0.596307,
2.05699 0.597992,
2.06225 0.59996,
2.06694 0.601626,
2.07158 0.602953,
2.07634 0.604363,
2.08083 0.60516,
2.0851 0.605668,
2.08921 0.605916,
2.09339 0.606083,
2.09799 0.60617,
2.10258 0.606257,
2.10758 0.606049,
2.1125 0.60434,
2.11742 0.602633,
2.12205 0.600819,
2.1257 0.599228,
2.12938 0.597639,
2.13416 0.595459,
2.13882 0.593232,
2.1431 0.591105,
2.14697 0.588999,
2.15065 0.586679,
2.15455 0.584283,
2.15819 0.582018,
2.16185 0.579753,
2.16539 0.577583,
2.16923 0.575258,
2.17307 0.572934,
2.17728 0.570382,
2.18143 0.566264,
2.1853 0.562053,
2.18917 0.557841,
2.19132 0.554335,
2.19348 0.550277,
2.19566 0.546222,
2.19775 0.541394,
2.19872 0.536752,
2.19967 0.532129,
2.20045 0.527762,
2.20116 0.523477,
2.20177 0.519085,
2.20255 0.514437,
2.20303 0.509896,
2.20331 0.50574,
2.20355 0.501665,
2.20388 0.497361,
2.20423 0.493058,
2.20498 0.488056,
2.20575 0.483275,
2.20629 0.478563,
2.20659 0.473791,
2.20677 0.468948,
2.20687 0.464942,
2.2069 0.460568,
2.20693 0.453257,
2.20652 0.449319,
2.20628 0.445306,
2.20569 0.440848,
2.20482 0.436089,
2.20396 0.43133,
2.20229 0.427514,
2.20083 0.42354,
2.19917 0.419605,
2.19735 0.415533,
2.19552 0.411461,
2.19393 0.407163,
2.19076 0.402876,
2.18719 0.398635,
2.18341 0.394468,
2.17964 0.390302,
2.17646 0.387114,
2.1717 0.382594,
2.16783 0.378561,
2.16429 0.374251,
2.16129 0.370753,
2.15822 0.367445,
2.15496 0.364228,
2.15138 0.36131,
2.14776 0.358757,
2.14359 0.356464,
2.13943 0.354173,
2.13492 0.352672,
2.13023 0.351926,
2.12526 0.35138,
2.12049 0.351129,
2.11588 0.350903,
2.11134 0.350789,
2.10653 0.351232,
2.10159 0.352121,
2.09658 0.353659,
2.09143 0.35544,
2.08626 0.357222,
2.08291 0.359308,
2.07957 0.361394,
2.07594 0.364313,
2.07234 0.367232,
2.06927 0.370625,
2.06648 0.373966,
2.06363 0.37717,
2.06081 0.3805,
2.05781 0.383863,
2.05479 0.387227,
2.05134 0.390512,
2.04802 0.393369,
2.04483 0.396101,
2.04147 0.398746,
2.03777 0.40109,
2.0313 0.404859,
2.02756 0.406904,
2.02387 0.408936,
2.0202 0.410968,
2.01618 0.41289,
2.01218 0.41481,
2.00851 0.41678,
2.00528 0.419359,
2.00193 0.422079,
1.99854 0.424942,
1.99449 0.428755,
1.99119 0.432375,
1.98822 0.435866,
1.98315 0.441452,
1.98058 0.445025,
1.97795 0.449286,
1.97533 0.453547,
1.97262 0.457744,
1.97141 0.460628,
1.97056 0.465112,
1.96987 0.470014,
1.96918 0.474914,
1.96884 0.480287,
1.96867 0.484955,
1.96862 0.489115,
1.96859 0.493442,
1.96856 0.497865,
1.96852 0.502286,
1.96889 0.505312,
1.96967 0.510468,
1.97082 0.515409,
1.97195 0.520351,
1.97341 0.524998,
1.97512 0.529389,
1.97681 0.533781,
1.97891 0.538794,
1.98115 0.542858,
1.98369 0.546927,
1.98624 0.550996,
1.9883 0.554581,
1.99093 0.557692,
1.99381 0.560914,
1.9968 0.564126,
1.99965 0.56767,
2.00277 0.571407,
2.00692 0.574026,
2.01108 0.576645,
2.01497 0.579838,
2.01864 0.583107,
"/>
<Contour name="InnerMembrane" hidden="false" closed="true" simplified="true" border="1 0 0" fill="1 0 0" mode="11"
points="2.02507 0.435938,
2.02196 0.438062,
2.01905 0.440228,
2.01633 0.442524,
2.01297 0.445929,
2.00962 0.449335,
2.00621 0.45223,
2.00406 0.455505,
2.00218 0.458857,
2.00031 0.462285,
1.99878 0.465632,
1.99744 0.468988,
1.99632 0.472376,
1.99521 0.475764,
1.99473 0.4795,
1.99439 0.483377,
1.99419 0.487618,
1.99409 0.491774,
1.99401 0.495808,
1.99437 0.49982,
1.99473 0.503831,
1.99522 0.507965,
1.99698 0.51301,
1.99875 0.518055,
2.00013 0.520338,
2.00275 0.523176,
2.00556 0.526073,
2.00849 0.528651,
2.01156 0.530984,
2.01463 0.533318,
2.01822 0.535283,
2.0216 0.537059,
2.02497 0.538543,
2.0282 0.540287,
2.03144 0.542028,
2.03473 0.544206,
2.03822 0.546568,
2.04172 0.548928,
2.04478 0.55082,
2.04785 0.552714,
2.05108 0.555199,
2.05412 0.557856,
2.05722 0.560739,
2.06025 0.563707,
2.0633 0.566676,
2.06694 0.569113,
2.07058 0.57155,
2.07435 0.573885,
2.07813 0.576221,
2.08239 0.578072,
2.08687 0.57972,
2.0912 0.580468,
2.09533 0.581029,
2.09938 0.581369,
2.10343 0.581708,
2.10717 0.581072,
2.11091 0.580289,
2.1146 0.579332,
2.11821 0.578113,
2.12183 0.576893,
2.12531 0.575386,
2.12867 0.573408,
2.13233 0.571822,
2.13599 0.570236,
2.13931 0.568355,
2.14323 0.566117,
2.14715 0.563876,
2.1513 0.561172,
2.15517 0.558371,
2.15888 0.555311,
2.16254 0.552034,
2.16549 0.549229,
2.16842 0.546423,
2.17069 0.542542,
2.17295 0.538661,
2.17487 0.532344,
2.17603 0.528567,
2.17728 0.524633,
2.17854 0.5207,
2.17966 0.516505,
2.18053 0.513122,
2.18138 0.50974,
2.18232 0.505692,
2.18322 0.501897,
2.18412 0.498102,
2.18496 0.493173,
2.18551 0.488791,
2.18591 0.484681,
2.18617 0.480694,
2.1863 0.476499,
2.18645 0.472146,
2.18669 0.467922,
2.18691 0.463946,
2.18709 0.460063,
2.18719 0.456381,
2.18722 0.452346,
2.1872 0.44822,
2.18717 0.444094,
2.18569 0.439694,
2.18415 0.435543,
2.18259 0.431392,
2.18087 0.427354,
2.17905 0.42324,
2.17735 0.418981,
2.17566 0.414963,
2.17395 0.410945,
2.17102 0.404762,
2.16775 0.400678,
2.16439 0.39698,
2.16104 0.393283,
2.15806 0.391268,
2.15458 0.389449,
2.15111 0.387629,
2.14753 0.385657,
2.14422 0.383927,
2.14091 0.382197,
2.13751 0.380967,
2.13408 0.379776,
2.13036 0.378668,
2.12603 0.37793,
2.12198 0.377467,
2.11831 0.377233,
2.11476 0.377074,
2.11122 0.376916,
2.1077 0.376985,
2.10404 0.377702,
2.09991 0.379388,
2.09579 0.381072,
2.09116 0.383491,
2.08642 0.386384,
2.08326 0.389336,
2.08008 0.392286,
2.07808 0.394712,
2.07524 0.399304,
2.07301 0.403511,
2.0707 0.407732,
2.06838 0.411953,
2.06635 0.416081,
2.0641 0.41986,
2.0604 0.42273,
2.05664 0.424921,
2.05292 0.426744,
2.04915 0.428412,
2.04536 0.430079,
2.0378 0.433586,
2.02945 0.435189,
"/>
<Contour name="CristaeMembrane" hidden="false" closed="true" simplified="true" border="1 0 0" fill="1 0 0" mode="11"
points="2.03467 0.489756,
2.03483 0.489676,
2.03578 0.489217,
2.03668 0.488786,
2.03598 0.489061,
2.03496 0.489196,
2.03394 0.489328,
2.03304 0.489473,
2.03214 0.489765,
2.03121 0.490252,
2.03042 0.490942,
2.02966 0.49167,
2.02891 0.4924,
2.02819 0.49351,
2.02748 0.494621,
2.02684 0.495488,
2.02629 0.49669,
2.02607 0.49753,
2.02548 0.499103,
2.02524 0.500087,
2.02514 0.501205,
2.02484 0.502316,
2.02455 0.503424,
2.02402 0.504392,
2.02365 0.505582,
2.02355 0.506348,
2.02355 0.507924,
2.02355 0.509245,
2.02356 0.510486,
2.02355 0.511798,
2.02353 0.513112,
2.02368 0.514663,
2.02399 0.515609,
2.02456 0.517379,
2.02491 0.518335,
2.02527 0.51929,
2.02555 0.520336,
2.02609 0.521417,
2.02689 0.522332,
2.02771 0.523249,
2.02847 0.5239,
2.02942 0.524401,
2.03037 0.524903,
2.03148 0.525459,
2.03219 0.525682,
2.03294 0.525814,
2.03414 0.52583,
2.03529 0.525835,
2.0364 0.525841,
2.03752 0.525846,
2.03865 0.525774,
2.03975 0.5254,
2.0409 0.525213,
2.04203 0.525025,
2.04282 0.524943,
2.04362 0.524748,
2.04518 0.524208,
2.04603 0.524134,
2.04685 0.523942,
2.04762 0.523639,
2.04905 0.522914,
2.05051 0.522419,
2.0519 0.521909,
2.0531 0.521274,
2.0543 0.520641,
2.05502 0.520354,
2.05687 0.51978,
2.05813 0.519167,
2.05927 0.518235,
2.06084 0.517366,
2.06194 0.516848,
2.06305 0.516328,
2.06445 0.515711,
2.06583 0.515093,
2.06681 0.514829,
2.06855 0.513969,
2.07014 0.513166,
2.07203 0.512687,
2.07316 0.512438,
2.07417 0.51247,
2.07516 0.512966,
2.07614 0.513463,
2.07696 0.514276,
2.07793 0.515949,
2.07854 0.517243,
2.07914 0.518538,
2.08021 0.520103,
2.0805 0.521197,
2.08113 0.522396,
2.082 0.523414,
2.08257 0.524549,
2.08303 0.525625,
2.08349 0.527519,
2.08375 0.528479,
2.08418 0.5294,
2.08492 0.530284,
2.0856 0.531122,
2.08629 0.531959,
2.0868 0.532952,
2.08739 0.533771,
2.088 0.534589,
2.08851 0.535524,
2.08929 0.536383,
2.09008 0.537241,
2.09098 0.538092,
2.09192 0.539043,
2.09285 0.539993,
2.094 0.541077,
2.09476 0.541549,
2.09625 0.542287,
2.09704 0.54266,
2.09786 0.542915,
2.09886 0.543099,
2.09986 0.543283,
2.10112 0.543732,
2.10191 0.543862,
2.10328 0.543873,
2.10456 0.543881,
2.10586 0.543883,
2.10717 0.543885,
2.10879 0.543885,
2.10978 0.543844,
2.11088 0.543599,
2.11191 0.543152,
2.11283 0.542389,
2.11366 0.54163,
2.1145 0.540872,
2.11508 0.540314,
2.1156 0.539665,
2.11606 0.538861,
2.1164 0.537969,
2.11662 0.536952,
2.11663 0.535941,
2.11663 0.534943,
2.11665 0.533904,
2.11665 0.532888,
2.11665 0.531863,
2.11665 0.530438,
2.11665 0.529013,
2.1166 0.528087,
2.1164 0.527194,
2.11596 0.526269,
2.11552 0.525343,
2.11501 0.524283,
2.11444 0.523145,
2.11386 0.522009,
2.11352 0.521226,
2.11298 0.520369,
2.11243 0.519509,
2.11204 0.518279,
2.11163 0.517505,
2.11096 0.516743,
2.11022 0.515788,
2.10955 0.514712,
2.10888 0.513637,
2.10843 0.512738,
2.10792 0.511808,
2.1074 0.510878,
2.1071 0.509897,
2.10696 0.508779,
2.10688 0.507618,
2.10692 0.506506,
2.10737 0.505561,
2.1086 0.504523,
2.10981 0.504106,
2.11107 0.503908,
2.11234 0.50371,
2.11344 0.503603,
2.11448 0.503247,
2.11558 0.503065,
2.1167 0.502883,
2.11788 0.502711,
2.11893 0.502339,
2.11998 0.501966,
2.12103 0.501671,
2.12216 0.501092,
2.12298 0.500495,
2.12395 0.49989,
2.12493 0.499285,
2.12615 0.498698,
2.12705 0.497904,
2.12787 0.497136,
2.12867 0.496364,
2.13003 0.494996,
2.13052 0.494307,
2.1312 0.492879,
2.13189 0.491451,
2.13252 0.490349,
2.13289 0.48931,
2.13302 0.487698,
2.13303 0.486209,
2.13305 0.48472,
2.13297 0.483611,
2.13266 0.482481,
2.132 0.481102,
2.13164 0.479805,
2.13129 0.478506,
2.13107 0.477711,
2.13084 0.476653,
2.1307 0.475538,
2.13057 0.474422,
2.13034 0.473063,
2.13003 0.471544,
2.1299 0.470119,
2.13008 0.468915,
2.13026 0.467741,
2.13044 0.466569,
2.13098 0.465516,
2.13157 0.464332,
2.13216 0.463147,
2.13254 0.462444,
2.13292 0.461501,
2.1333 0.460558,
2.13405 0.459828,
2.13467 0.458979,
2.1351 0.458078,
2.13556 0.456753,
2.136 0.45543,
2.13687 0.454451,
2.13744 0.453527,
2.13802 0.452602,
2.13897 0.451213,
2.13989 0.449868,
2.14045 0.448853,
2.141 0.447838,
2.14154 0.446826,
2.14207 0.445816,
2.14264 0.444665,
2.14322 0.443515,
2.14355 0.442526,
2.14381 0.441368,
2.14405 0.440212,
2.14432 0.438871,
2.14458 0.437529,
2.14496 0.436358,
2.14515 0.435179,
2.14523 0.433885,
2.1453 0.432609,
2.14532 0.431228,
2.14533 0.430072,
2.14533 0.428968,
2.14535 0.427865,
2.14492 0.426557,
2.14473 0.425157,
2.14463 0.424015,
2.14453 0.422874,
2.14441 0.421964,
2.1442 0.421152,
2.14358 0.419423,
2.14322 0.418287,
2.14246 0.417206,
2.14169 0.416124,
2.14109 0.414922,
2.14033 0.413984,
2.13936 0.413203,
2.13759 0.412298,
2.13662 0.411804,
2.13559 0.411307,
2.13454 0.410812,
2.13366 0.410305,
2.13254 0.409929,
2.13108 0.409851,
2.12979 0.409813,
2.12851 0.409792,
2.12719 0.409787,
2.12582 0.409795,
2.12442 0.409803,
2.1227 0.409777,
2.12155 0.409941,
2.12045 0.410271,
2.11931 0.410453,
2.11817 0.410633,
2.11742 0.410772,
2.11668 0.411007,
2.11486 0.41141,
2.11381 0.411489,
2.11275 0.41177,
2.1113 0.412234,
2.11029 0.412355,
2.10929 0.412654,
2.10792 0.413155,
2.10707 0.413383,
2.1061 0.413847,
2.10515 0.414312,
2.10394 0.414972,
2.10232 0.415788,
2.10141 0.416631,
2.10068 0.417331,
2.09907 0.418215,
2.09825 0.418913,
2.09749 0.419833,
2.09699 0.420806,
2.09649 0.42178,
2.09589 0.423094,
2.09528 0.424407,
2.09464 0.425439,
2.0942 0.426741,
2.09389 0.428584,
2.09359 0.4296,
2.09341 0.430705,
2.09335 0.43186,
2.09328 0.433014,
2.0931 0.434226,
2.09294 0.435436,
2.09261 0.436373,
2.09251 0.437459,
2.09246 0.438646,
2.09231 0.439853,
2.09216 0.44106,
2.09172 0.44236,
2.09166 0.443528,
2.09162 0.444886,
2.09161 0.446042,
2.09156 0.447085,
2.09151 0.448128,
2.09108 0.449081,
2.09082 0.450229,
2.09082 0.45153,
2.09059 0.45263,
2.09036 0.453731,
2.09013 0.454447,
2.08998 0.455289,
2.08967 0.456794,
2.08934 0.4583,
2.08888 0.459102,
2.08856 0.460163,
2.08824 0.461224,
2.0878 0.462237,
2.08865 0.465393,
2.08877 0.466685,
2.08877 0.468358,
2.0887 0.469394,
2.08864 0.470429,
2.08851 0.47162,
2.088 0.472802,
2.08721 0.47439,
2.08651 0.475234,
2.08582 0.476077,
2.08498 0.476884,
2.08416 0.477689,
2.08332 0.478485,
2.08247 0.479259,
2.08155 0.480021,
2.08065 0.480638,
2.07975 0.481255,
2.07801 0.482144,
2.07726 0.482585,
2.07645 0.482913,
2.07501 0.483667,
2.07426 0.483885,
2.0735 0.484005,
2.07271 0.484025,
2.07152 0.484205,
2.0703 0.484385,
2.06917 0.484741,
2.06842 0.484838,
2.06766 0.484838,
2.06647 0.484791,
2.06528 0.484745,
2.06381 0.484371,
2.06235 0.483997,
2.06135 0.483969,
2.06028 0.483908,
2.05915 0.483547,
2.05802 0.483187,
2.05684 0.482798,
2.05566 0.482783,
2.05448 0.482767,
2.05318 0.48301,
2.05141 0.483869,
2.0503 0.484244,
2.04918 0.484618,
2.04805 0.485137,
2.04688 0.485625,
2.04572 0.486114,
2.0447 0.486485,
2.04367 0.486855,
2.04257 0.486913,
2.04142 0.4872,
2.04068 0.487521,
2.03932 0.488018,
2.03798 0.488515,
2.03685 0.48873,
2.0359 0.489184,
2.03493 0.489637,
"/>
</Transform>

</Section>
