<?xml version="1.0"?>
<!DOCTYPE Section SYSTEM "section.dtd">

<Section index="669" thickness="0.00164" alignLocked="true">
<Transform dim="0"
 xcoef=" 0 1 0 0 0 0"
 ycoef=" 0 0 1 0 0 0">
<Contour name="OuterMembrane" hidden="false" closed="true" simplified="true" border="1 0 0" fill="1 0 0" mode="11"
points="2.0134 0.582641,
2.02027 0.588501,
2.02661 0.595131,
2.03458 0.601808,
2.03983 0.605729,
2.04905 0.61067,
2.05397 0.612788,
2.0591 0.614352,
2.06909 0.615513,
2.07922 0.61573,
2.08485 0.615184,
2.09043 0.613978,
2.1004 0.610587,
2.10848 0.607344,
2.11616 0.603973,
2.12016 0.602618,
2.12911 0.598279,
2.13751 0.591313,
2.14407 0.58528,
2.15058 0.579141,
2.15988 0.569257,
2.16521 0.561405,
2.16969 0.553639,
2.1751 0.544944,
2.18004 0.537576,
2.18445 0.529738,
2.18783 0.519718,
2.19127 0.50972,
2.19261 0.505176,
2.1935 0.500521,
2.1945 0.490226,
2.19568 0.481985,
2.19709 0.471913,
2.19801 0.466767,
2.19811 0.45759,
2.19816 0.448527,
2.19834 0.439499,
2.19798 0.43498,
2.19607 0.42496,
2.19342 0.415145,
2.1897 0.406825,
2.18504 0.397549,
2.18084 0.388072,
2.17781 0.382427,
2.17287 0.374502,
2.16637 0.366351,
2.16323 0.362056,
2.15507 0.35396,
2.15148 0.351311,
2.1391 0.344702,
2.13126 0.341869,
2.12744 0.340125,
2.12349 0.338712,
2.11895 0.337543,
2.11424 0.336805,
2.10361 0.336044,
2.09405 0.335777,
2.08483 0.335683,
2.07147 0.335503,
2.06481 0.336318,
2.0583 0.338045,
2.0437 0.344305,
2.03517 0.348597,
2.0213 0.35662,
2.01776 0.358732,
2.0144 0.361135,
2.0069 0.365974,
2.00321 0.368787,
1.99549 0.375271,
1.99107 0.379778,
1.98478 0.388352,
1.97823 0.396757,
1.97041 0.410692,
1.96739 0.41625,
1.96439 0.424826,
1.95952 0.438825,
1.9587 0.444302,
1.9579 0.45275,
1.95775 0.4629,
1.9576 0.47305,
1.9598 0.484117,
1.96129 0.489171,
1.96447 0.49951,
1.96839 0.511788,
1.97251 0.521103,
1.97646 0.531116,
1.97814 0.536316,
1.98355 0.547086,
1.98863 0.555224,
1.99486 0.563001,
1.99786 0.567105,
2.00469 0.575366,
2.00948 0.579788,
"/>
<Contour name="InnerMembrane" hidden="false" closed="true" simplified="true" border="1 0 0" fill="1 0 0" mode="11"
points="2.06269 0.374602,
2.05708 0.375847,
2.05134 0.377312,
2.04669 0.378481,
2.04205 0.379652,
2.03585 0.38204,
2.02963 0.384427,
2.02369 0.387061,
2.02092 0.388967,
2.01633 0.392544,
2.0118 0.39617,
2.00728 0.399798,
2.00264 0.403717,
1.99855 0.408885,
1.99493 0.413178,
1.99132 0.41747,
1.98898 0.42096,
1.98596 0.426933,
1.98401 0.433134,
1.98269 0.438771,
1.98171 0.444437,
1.98066 0.449516,
1.97959 0.454597,
1.97937 0.461289,
1.97923 0.467251,
1.9791 0.473211,
1.9791 0.47803,
1.98043 0.483428,
1.98201 0.48891,
1.9836 0.494394,
1.98558 0.499928,
1.98778 0.505322,
1.99009 0.510829,
1.99239 0.516336,
1.99429 0.519764,
1.99754 0.525723,
1.99988 0.531404,
2.00236 0.536751,
2.00469 0.541741,
2.00703 0.54673,
2.0099 0.550904,
2.01328 0.555024,
2.01668 0.559143,
2.01914 0.561592,
2.0183 0.560975,
2.01889 0.561554,
2.02199 0.565201,
2.02509 0.568849,
2.02942 0.571747,
2.03376 0.574645,
2.03886 0.575661,
2.04393 0.57555,
2.049 0.57502,
2.05423 0.574756,
2.05999 0.574615,
2.06458 0.574553,
2.06916 0.574492,
2.0726 0.574267,
2.07945 0.573132,
2.08619 0.571796,
2.09189 0.570548,
2.09713 0.569316,
2.10223 0.567678,
2.10733 0.566039,
2.11204 0.564145,
2.1169 0.562341,
2.12183 0.55996,
2.12646 0.557684,
2.1311 0.555407,
2.13517 0.552805,
2.13935 0.549889,
2.14333 0.547184,
2.14733 0.54448,
2.15252 0.540214,
2.15657 0.535531,
2.16004 0.530697,
2.16352 0.525864,
2.16634 0.520269,
2.16918 0.514675,
2.17021 0.509779,
2.17143 0.504233,
2.17228 0.498724,
2.17285 0.493384,
2.17311 0.487979,
2.1733 0.482481,
2.17338 0.476597,
2.17344 0.470713,
2.17292 0.466815,
2.17069 0.460451,
2.16905 0.453972,
2.16859 0.450633,
2.16772 0.447377,
2.16567 0.440146,
2.1636 0.435722,
2.16132 0.430951,
2.15911 0.426448,
2.15691 0.421944,
2.15347 0.416765,
2.15002 0.411584,
2.14651 0.40751,
2.14314 0.403921,
2.13953 0.400675,
2.13567 0.397562,
2.13157 0.394369,
2.12747 0.391178,
2.12311 0.387589,
2.11834 0.384311,
2.1136 0.381785,
2.10858 0.379719,
2.10356 0.377654,
2.09789 0.376514,
2.09248 0.375735,
2.08724 0.375216,
2.08208 0.374868,
2.0774 0.374701,
2.07257 0.374694,
2.06774 0.374688,
"/>
<Contour name="CristaeMembrane" hidden="false" closed="true" simplified="true" border="1 0 0" fill="1 0 0" mode="11"
points="2.09284 0.554023,
2.09256 0.553982,
2.0911 0.553103,
2.09187 0.553598,
2.09261 0.55443,
2.09335 0.555261,
2.09425 0.556004,
2.09528 0.556555,
2.09641 0.556754,
2.09759 0.556873,
2.09879 0.556911,
2.09995 0.556949,
2.10114 0.556978,
2.1023 0.557006,
2.1035 0.556923,
2.10487 0.556511,
2.10628 0.555786,
2.10715 0.555365,
2.10873 0.555219,
2.10973 0.554897,
2.11078 0.554374,
2.11184 0.553849,
2.11321 0.553167,
2.11452 0.552468,
2.11565 0.551698,
2.11678 0.550925,
2.11795 0.550366,
2.11857 0.549912,
2.11914 0.549377,
2.11975 0.548616,
2.12032 0.547701,
2.121 0.546684,
2.12159 0.545613,
2.12219 0.544541,
2.12273 0.543491,
2.12329 0.542443,
2.12382 0.541164,
2.12413 0.540206,
2.12446 0.539248,
2.1247 0.537951,
2.12495 0.536654,
2.12547 0.535329,
2.12564 0.534455,
2.12565 0.533,
2.12565 0.531778,
2.12565 0.530535,
2.12565 0.529292,
2.12562 0.528139,
2.12534 0.526952,
2.12492 0.526009,
2.12434 0.525153,
2.12359 0.52438,
2.12285 0.523624,
2.12206 0.522837,
2.12129 0.52205,
2.12014 0.521394,
2.11901 0.520738,
2.11814 0.520539,
2.11713 0.520515,
2.11609 0.52049,
2.11457 0.52048,
2.1134 0.520475,
2.1124 0.520508,
2.1114 0.520541,
2.11043 0.520777,
2.1087 0.521628,
2.10745 0.522471,
2.1064 0.523071,
2.10533 0.523672,
2.10433 0.524377,
2.10335 0.525082,
2.10245 0.525572,
2.10159 0.526183,
2.10073 0.526793,
2.09977 0.527498,
2.09882 0.528205,
2.0979 0.52862,
2.09702 0.529239,
2.09613 0.530107,
2.09535 0.530898,
2.09456 0.53169,
2.09379 0.532472,
2.09302 0.533648,
2.09272 0.534381,
2.09253 0.535148,
2.09177 0.536457,
2.09103 0.537766,
2.09056 0.538702,
2.09007 0.539639,
2.08961 0.540521,
2.08905 0.542419,
2.08862 0.543375,
2.08841 0.544203,
2.08838 0.545374,
2.08834 0.546456,
2.08831 0.547539,
2.08836 0.548472,
2.08854 0.549389,
2.08906 0.550666,
2.08982 0.55157,
2.09057 0.552388,
2.09133 0.553205,
2.09231 0.553736,
"/>
</Transform>

</Section>
