<?xml version="1.0"?>
<!DOCTYPE Section SYSTEM "section.dtd">

<Section index="651" thickness="0.00164" alignLocked="true">
<Transform dim="0"
 xcoef=" 0 1 0 0 0 0"
 ycoef=" 0 0 1 0 0 0">
<Contour name="OuterMembrane" hidden="false" closed="true" simplified="true" border="1 0 0" fill="1 0 0" mode="11"
points="2.11043 0.626465,
2.11583 0.625002,
2.12147 0.622867,
2.12741 0.620627,
2.13348 0.617581,
2.13951 0.61467,
2.14537 0.611315,
2.15094 0.60749,
2.15644 0.604204,
2.1618 0.60065,
2.1671 0.596693,
2.17223 0.592311,
2.17659 0.587376,
2.18095 0.582441,
2.18515 0.575922,
2.19007 0.569826,
2.19271 0.565051,
2.19583 0.559419,
2.19906 0.553675,
2.20227 0.547934,
2.20442 0.543094,
2.20683 0.53793,
2.20924 0.532462,
2.21165 0.52694,
2.21336 0.521185,
2.21459 0.5158,
2.21582 0.510414,
2.21712 0.504282,
2.21858 0.498386,
2.21987 0.492605,
2.22087 0.485829,
2.22141 0.479416,
2.22174 0.473512,
2.22195 0.46803,
2.22209 0.462628,
2.22213 0.45733,
2.2222 0.452032,
2.22184 0.446766,
2.22041 0.437367,
2.21876 0.43183,
2.21731 0.425983,
2.21528 0.420119,
2.21315 0.414338,
2.211 0.408557,
2.20805 0.402968,
2.20509 0.397546,
2.20208 0.392373,
2.19934 0.387232,
2.19632 0.381731,
2.19332 0.376231,
2.19048 0.371298,
2.18765 0.366365,
2.18519 0.361986,
2.17945 0.354342,
2.17556 0.350491,
2.17115 0.346609,
2.16672 0.342729,
2.16201 0.339113,
2.15714 0.335965,
2.15227 0.332818,
2.14576 0.330394,
2.13925 0.32797,
2.13289 0.326001,
2.12721 0.324692,
2.12159 0.323615,
2.11604 0.32278,
2.1102 0.322052,
2.10358 0.321509,
2.09681 0.321202,
2.09005 0.320896,
2.08444 0.322196,
2.07883 0.323495,
2.07345 0.325086,
2.06806 0.326806,
2.06241 0.328672,
2.05651 0.330539,
2.05059 0.332405,
2.04313 0.334781,
2.0358 0.337955,
2.02973 0.341002,
2.02448 0.344184,
2.0191 0.34745,
2.01351 0.350512,
2.00792 0.353758,
2.00275 0.357679,
1.99757 0.361784,
1.9926 0.366179,
1.98816 0.370783,
1.98394 0.375075,
1.97971 0.379366,
1.97648 0.384532,
1.97313 0.389725,
1.96985 0.395525,
1.96687 0.401623,
1.96382 0.407712,
1.96078 0.413802,
1.95926 0.419645,
1.9578 0.425304,
1.95647 0.43161,
1.95549 0.437729,
1.95465 0.443836,
1.95411 0.449804,
1.95378 0.455433,
1.95352 0.460751,
1.95331 0.47111,
1.95398 0.475815,
1.9567 0.485492,
1.95901 0.491164,
1.96129 0.49648,
1.96328 0.501607,
1.96536 0.506896,
1.9677 0.514033,
1.97007 0.521172,
1.97199 0.526963,
1.97392 0.532752,
1.976 0.537102,
1.97928 0.542036,
1.98266 0.547137,
1.98601 0.55227,
1.98929 0.558044,
1.99245 0.563401,
1.99524 0.568511,
1.99842 0.573547,
2.0016 0.578584,
2.00583 0.583825,
2.01008 0.589068,
2.01446 0.593452,
2.0182 0.597185,
2.02192 0.600916,
2.02756 0.60601,
2.03296 0.61059,
2.03839 0.614775,
2.0439 0.618178,
2.04943 0.621583,
2.05497 0.623781,
2.06086 0.625571,
2.06688 0.627302,
2.07334 0.628361,
2.0797 0.629091,
2.08606 0.629698,
2.09243 0.630306,
2.09872 0.629706,
2.10458 0.628086,
"/>
<Contour name="InnerMembrane" hidden="false" closed="true" simplified="true" border="1 0 0" fill="1 0 0" mode="11"
points="2.05325 0.595935,
2.05221 0.596091,
2.05958 0.599679,
2.06504 0.600911,
2.06983 0.601258,
2.07857 0.602697,
2.08539 0.60269,
2.09138 0.602646,
2.09743 0.602652,
2.10346 0.602659,
2.10879 0.601188,
2.11412 0.599715,
2.1187 0.597608,
2.12326 0.5955,
2.12833 0.592914,
2.13302 0.590229,
2.1383 0.586892,
2.14351 0.583422,
2.14865 0.579942,
2.15363 0.576383,
2.15845 0.57246,
2.16223 0.569149,
2.16875 0.56305,
2.17279 0.557264,
2.1762 0.551931,
2.17945 0.546528,
2.18269 0.541126,
2.18517 0.536741,
2.18714 0.531993,
2.18904 0.527239,
2.19094 0.522484,
2.19247 0.517259,
2.19375 0.511496,
2.19484 0.506168,
2.19593 0.500841,
2.19655 0.495721,
2.19694 0.490585,
2.19752 0.485232,
2.19791 0.47949,
2.19862 0.473681,
2.19924 0.467487,
2.19976 0.461612,
2.20014 0.456043,
2.20036 0.450334,
2.20047 0.444486,
2.20052 0.439666,
2.19993 0.434705,
2.19898 0.429319,
2.19765 0.423525,
2.19599 0.417664,
2.1937 0.412165,
2.19122 0.406787,
2.18819 0.401744,
2.18512 0.397316,
2.18182 0.393244,
2.17828 0.38931,
2.17475 0.38562,
2.17052 0.381825,
2.16606 0.377677,
2.1616 0.37353,
2.15793 0.370993,
2.15068 0.368751,
2.14437 0.367637,
2.13894 0.368772,
2.13351 0.369909,
2.12803 0.37084,
2.12283 0.371667,
2.11765 0.372493,
2.11221 0.373097,
2.10673 0.37342,
2.10125 0.373745,
2.09562 0.374394,
2.08988 0.374599,
2.08413 0.375006,
2.07788 0.375137,
2.07171 0.374989,
2.06558 0.374778,
2.05941 0.374409,
2.05335 0.373928,
2.04741 0.373095,
2.04141 0.37261,
2.0338 0.37404,
2.02712 0.375485,
2.02045 0.376931,
2.01541 0.377621,
2.01038 0.378312,
2.00534 0.380022,
2.00011 0.382507,
1.99488 0.384992,
1.98966 0.388086,
1.98542 0.392955,
1.98174 0.398151,
1.97918 0.403881,
1.97664 0.40961,
1.97481 0.415727,
1.97358 0.421424,
1.97243 0.427054,
1.97162 0.432683,
1.97118 0.438418,
1.97087 0.444424,
1.97067 0.450597,
1.97056 0.455495,
1.97057 0.461562,
1.97051 0.467438,
1.97049 0.473617,
1.97064 0.47999,
1.97077 0.486363,
1.97348 0.493351,
1.97609 0.500375,
1.97856 0.505628,
1.98084 0.511095,
1.98297 0.516628,
1.98512 0.522163,
1.98745 0.528065,
1.98955 0.533197,
1.99163 0.538328,
1.9939 0.54336,
1.99852 0.551603,
2.00254 0.55757,
2.00634 0.562733,
2.00993 0.567237,
2.01328 0.571566,
2.01713 0.576029,
2.02123 0.580516,
2.02568 0.584578,
2.03011 0.58864,
2.03521 0.592357,
2.04597 0.595771,
2.0503 0.596138,
"/>
<Contour name="CristaeMembrane" hidden="false" closed="true" simplified="true" border="1 0 0" fill="1 0 0" mode="11"
points="2.08082 0.559693,
2.07921 0.559996,
2.07813 0.559661,
2.07688 0.559192,
2.07581 0.558987,
2.07473 0.558782,
2.07371 0.558484,
2.0727 0.558187,
2.07135 0.557611,
2.07027 0.557247,
2.06914 0.556967,
2.06801 0.556688,
2.06694 0.556142,
2.06586 0.555832,
2.06461 0.555283,
2.06338 0.554719,
2.06233 0.554222,
2.0613 0.553723,
2.05994 0.553444,
2.05858 0.553165,
2.05736 0.552677,
2.05635 0.552482,
2.05526 0.552467,
2.05418 0.55245,
2.05266 0.552462,
2.05149 0.552462,
2.05049 0.55246,
2.04895 0.552455,
2.04752 0.55247,
2.0461 0.552483,
2.04518 0.552654,
2.04421 0.553105,
2.04326 0.553557,
2.04208 0.554077,
2.04095 0.554937,
2.03977 0.556173,
2.03868 0.557223,
2.0377 0.558194,
2.03678 0.559101,
2.03586 0.560008,
2.03513 0.560944,
2.03458 0.562008,
2.03435 0.562804,
2.03422 0.564091,
2.03411 0.56538,
2.0338 0.566643,
2.03349 0.567904,
2.03344 0.569062,
2.0334 0.570226,
2.03339 0.571455,
2.03339 0.572503,
2.03339 0.573538,
2.03339 0.57469,
2.03339 0.575904,
2.03337 0.576972,
2.03337 0.577972,
2.03337 0.578972,
2.03342 0.580557,
2.03337 0.581369,
2.03342 0.58218,
2.03378 0.583566,
2.0346 0.585209,
2.03494 0.585936,
2.03539 0.586608,
2.03622 0.587297,
2.03716 0.587868,
2.03818 0.588434,
2.03919 0.588999,
2.03993 0.589364,
2.04072 0.58997,
2.04159 0.5905,
2.04247 0.591028,
2.04359 0.591425,
2.0448 0.591619,
2.0461 0.591735,
2.04739 0.59194,
2.04872 0.592284,
2.0501 0.592476,
2.05148 0.592668,
2.05254 0.592885,
2.05359 0.593172,
2.05464 0.593311,
2.05571 0.59345,
2.05674 0.593536,
2.05774 0.593893,
2.05869 0.594308,
2.05989 0.594707,
2.06107 0.595104,
2.06207 0.59512,
2.06317 0.595336,
2.06433 0.595871,
2.06535 0.596301,
2.06645 0.59652,
2.06755 0.596739,
2.06881 0.59674,
2.07007 0.596742,
2.07132 0.596535,
2.07253 0.59601,
2.07358 0.595505,
2.07465 0.595,
2.07614 0.594526,
2.07719 0.594141,
2.07824 0.593495,
2.07914 0.592681,
2.08003 0.591866,
2.08109 0.591332,
2.08183 0.590672,
2.08259 0.590013,
2.08355 0.589058,
2.08452 0.588106,
2.08526 0.58723,
2.08585 0.586277,
2.08646 0.585326,
2.08701 0.584576,
2.08761 0.583668,
2.08834 0.582772,
2.08911 0.581915,
2.08992 0.581075,
2.09074 0.580237,
2.09156 0.579401,
2.09244 0.578525,
2.09344 0.577711,
2.09444 0.576898,
2.09566 0.576119,
2.09654 0.575232,
2.09746 0.574467,
2.09838 0.573703,
2.09953 0.573019,
2.10059 0.572127,
2.10166 0.571235,
2.10269 0.570617,
2.10373 0.569998,
2.10491 0.569598,
2.1061 0.569196,
2.10722 0.568859,
2.10838 0.568221,
2.10966 0.567612,
2.11088 0.567015,
2.11209 0.566522,
2.11332 0.566026,
2.11424 0.565928,
2.11512 0.565688,
2.11627 0.565139,
2.11744 0.56459,
2.11857 0.563852,
2.12014 0.563553,
2.12131 0.563351,
2.12232 0.562876,
2.12336 0.5624,
2.12498 0.56181,
2.12626 0.561392,
2.12752 0.560975,
2.12851 0.560672,
2.13008 0.559878,
2.13156 0.55912,
2.13243 0.558722,
2.13357 0.558225,
2.13472 0.55773,
2.13567 0.55747,
2.13669 0.55698,
2.13774 0.556436,
2.13879 0.555889,
2.13989 0.55552,
2.14099 0.55515,
2.14184 0.554838,
2.14266 0.554387,
2.14348 0.55379,
2.14432 0.553193,
2.14501 0.552826,
2.14579 0.552229,
2.1466 0.55163,
2.14771 0.55102,
2.14833 0.550518,
2.14933 0.549915,
2.15034 0.54931,
2.15111 0.548979,
2.15184 0.548541,
2.15321 0.547286,
2.15458 0.545872,
2.15535 0.54512,
2.15614 0.544311,
2.15691 0.543503,
2.15772 0.54275,
2.15849 0.542002,
2.15924 0.541256,
2.16059 0.539906,
2.1615 0.538994,
2.16242 0.538082,
2.16354 0.536951,
2.16406 0.53625,
2.16508 0.534604,
2.16585 0.533572,
2.16649 0.532205,
2.16695 0.531317,
2.16742 0.530368,
2.1679 0.52942,
2.1681 0.528131,
2.16829 0.526842,
2.16829 0.525549,
2.16831 0.524439,
2.16828 0.522958,
2.16824 0.521477,
2.16778 0.520365,
2.16731 0.519254,
2.16685 0.517996,
2.16629 0.517115,
2.16542 0.516216,
2.16472 0.51548,
2.164 0.514744,
2.16336 0.514211,
2.16249 0.513689,
2.16139 0.513345,
2.16027 0.513,
2.15911 0.512515,
2.15801 0.512397,
2.15612 0.51228,
2.15466 0.512275,
2.15332 0.512284,
2.15209 0.512277,
2.15076 0.512275,
2.14968 0.512274,
2.14866 0.512272,
2.14756 0.512275,
2.14646 0.512279,
2.1451 0.512505,
2.14409 0.512979,
2.14307 0.513453,
2.14173 0.513699,
2.1404 0.513943,
2.139 0.514263,
2.13817 0.514635,
2.1374 0.515139,
2.13625 0.515755,
2.1351 0.516374,
2.13403 0.5165,
2.13326 0.516721,
2.13162 0.517541,
2.12987 0.518158,
2.1291 0.518388,
2.12813 0.518857,
2.12716 0.519326,
2.12577 0.520046,
2.12482 0.520364,
2.12387 0.520684,
2.12314 0.52093,
2.12247 0.521264,
2.12167 0.521818,
2.12086 0.522752,
2.1194 0.524073,
2.11852 0.524456,
2.1176 0.525136,
2.11667 0.525817,
2.11581 0.526233,
2.11498 0.526962,
2.11412 0.52769,
2.11306 0.528349,
2.11198 0.529008,
2.11084 0.529548,
2.10979 0.530361,
2.10907 0.531193,
2.10835 0.532026,
2.10755 0.532733,
2.10673 0.53344,
2.10548 0.53477,
2.10468 0.535529,
2.10394 0.536246,
2.1032 0.536962,
2.10255 0.537736,
2.10191 0.538852,
2.10145 0.539839,
2.10099 0.540824,
2.1003 0.541546,
2.09966 0.542566,
2.09904 0.543588,
2.0983 0.544498,
2.09769 0.545728,
2.09699 0.547324,
2.09638 0.548309,
2.09579 0.549297,
2.09525 0.549908,
2.09472 0.550799,
2.0941 0.551622,
2.09333 0.552321,
2.09256 0.553021,
2.09131 0.55359,
2.09008 0.554161,
2.08921 0.554361,
2.08838 0.554697,
2.08756 0.555184,
2.08656 0.555862,
2.08454 0.556752,
2.08321 0.557285,
2.08257 0.557695,
2.08198 0.558182,
2.08141 0.5588,
2.08072 0.559876,
"/>
</Transform>

</Section>
