<?xml version="1.0"?>
<!DOCTYPE Section SYSTEM "section.dtd">

<Section index="683" thickness="0.00164" alignLocked="true">
<Transform dim="0"
 xcoef=" 0 1 0 0 0 0"
 ycoef=" 0 0 1 0 0 0">
<Contour name="OuterMembrane" hidden="false" closed="true" simplified="true" border="1 0 0" fill="1 0 0" mode="11"
points="2.03101 0.579548,
2.03011 0.57915,
2.03449 0.582444,
2.03886 0.585739,
2.04226 0.587968,
2.04793 0.589724,
2.05361 0.591481,
2.05974 0.592799,
2.06599 0.593823,
2.07242 0.594407,
2.07898 0.594384,
2.08556 0.594361,
2.09046 0.593147,
2.09572 0.591443,
2.101 0.589741,
2.10807 0.586341,
2.11514 0.582943,
2.12008 0.579486,
2.12469 0.575937,
2.12961 0.57234,
2.13435 0.56876,
2.13899 0.565034,
2.14358 0.560788,
2.14817 0.556542,
2.15301 0.55207,
2.15917 0.545393,
2.16136 0.539737,
2.16355 0.534081,
2.16508 0.530466,
2.16573 0.524967,
2.16618 0.519732,
2.16641 0.513617,
2.16662 0.507501,
2.16539 0.500446,
2.16375 0.496239,
2.16091 0.489589,
2.16001 0.484425,
2.16075 0.479059,
2.16219 0.473548,
2.16372 0.468387,
2.16537 0.463648,
2.16705 0.45891,
2.16842 0.4515,
2.16961 0.445247,
2.17067 0.439046,
2.17126 0.432785,
2.17185 0.426523,
2.17203 0.420176,
2.17088 0.414139,
2.16849 0.408475,
2.16439 0.403589,
2.1597 0.398676,
2.15499 0.393762,
2.15011 0.391163,
2.14453 0.388828,
2.13897 0.386492,
2.13275 0.385328,
2.12656 0.384163,
2.1209 0.383307,
2.11437 0.382886,
2.10781 0.382668,
2.10263 0.38256,
2.0949 0.382642,
2.0891 0.382546,
2.08401 0.38256,
2.07885 0.382509,
2.07367 0.382456,
2.0684 0.383163,
2.06312 0.38387,
2.05569 0.386023,
2.04928 0.388108,
2.04347 0.390371,
2.03788 0.392962,
2.0323 0.395552,
2.02673 0.398348,
2.02115 0.401144,
2.01623 0.404554,
2.01194 0.408214,
2.00762 0.411875,
2.00397 0.416739,
2.00047 0.422021,
1.99788 0.426311,
1.99531 0.430603,
1.99301 0.436583,
1.99126 0.442139,
1.98952 0.447695,
1.98852 0.453494,
1.98784 0.459107,
1.9875 0.464622,
1.9873 0.470314,
1.98711 0.476122,
1.98701 0.482741,
1.98697 0.489565,
1.98694 0.495108,
1.98827 0.500354,
1.98958 0.505628,
1.99089 0.510903,
1.99422 0.517233,
1.99659 0.523749,
1.99893 0.530266,
2.00226 0.535639,
2.00533 0.540647,
2.00774 0.545598,
2.00997 0.550463,
2.01217 0.555199,
2.01435 0.559962,
2.01653 0.564724,
2.01992 0.568914,
2.0233 0.573106,
2.02699 0.577108,
"/>
<Contour name="InnerMembrane" hidden="false" closed="true" simplified="true" border="1 0 0" fill="1 0 0" mode="11"
points="2.03196 0.553284,
2.03124 0.552895,
2.03675 0.556413,
2.04224 0.55993,
2.04802 0.561042,
2.0538 0.562154,
2.05909 0.562917,
2.06442 0.56332,
2.06989 0.56357,
2.07439 0.563691,
2.07888 0.563814,
2.08524 0.562449,
2.09134 0.561,
2.09674 0.55968,
2.10215 0.558359,
2.10709 0.556395,
2.1118 0.553767,
2.11604 0.550912,
2.12008 0.547878,
2.12411 0.544844,
2.12747 0.540921,
2.13044 0.536628,
2.1332 0.532147,
2.13576 0.527434,
2.13826 0.522612,
2.14017 0.517295,
2.14205 0.511978,
2.14338 0.506279,
2.14481 0.500344,
2.14594 0.494865,
2.14681 0.489586,
2.14742 0.48432,
2.14768 0.478718,
2.14788 0.473048,
2.14797 0.468309,
2.14797 0.461693,
2.14797 0.45541,
2.14801 0.449212,
2.1472 0.443289,
2.1464 0.437367,
2.14487 0.431825,
2.14335 0.426284,
2.14036 0.422064,
2.1372 0.418282,
2.1338 0.415086,
2.13005 0.412244,
2.12628 0.409401,
2.12152 0.406943,
2.11653 0.404511,
2.1112 0.40223,
2.10551 0.400208,
2.09981 0.398187,
2.09533 0.397789,
2.09043 0.397569,
2.08565 0.397472,
2.08088 0.397339,
2.07247 0.397213,
2.06589 0.398113,
2.05933 0.399014,
2.05449 0.400729,
2.04987 0.402338,
2.04523 0.403945,
2.04175 0.4056,
2.03739 0.408955,
2.03352 0.412398,
2.0296 0.415963,
2.02604 0.419359,
2.02248 0.422754,
2.02007 0.426595,
2.01766 0.430436,
2.01546 0.434718,
2.01348 0.439474,
2.01187 0.445003,
2.01072 0.450439,
2.00975 0.455961,
2.00885 0.461801,
2.00839 0.467352,
2.00813 0.472407,
2.00798 0.477496,
2.0079 0.483021,
2.00782 0.488545,
2.00788 0.494455,
2.00946 0.501112,
2.01036 0.50719,
2.01128 0.513266,
2.01223 0.519326,
2.01371 0.524739,
2.01518 0.530153,
2.01764 0.534689,
2.02009 0.539096,
2.02251 0.543503,
2.02763 0.550049,
"/>
</Transform>

</Section>
