<?xml version="1.0"?>
<!DOCTYPE Section SYSTEM "section.dtd">

<Section index="649" thickness="0.00164" alignLocked="true">
<Transform dim="0"
 xcoef=" 0 1 0 0 0 0"
 ycoef=" 0 0 1 0 0 0">
<Contour name="OuterMembrane" hidden="false" closed="true" simplified="true" border="1 0 0" fill="1 0 0" mode="11"
points="2.01389 0.607038,
2.01873 0.610716,
2.02356 0.614396,
2.02847 0.617268,
2.03378 0.619307,
2.03906 0.621245,
2.04441 0.622877,
2.0501 0.624569,
2.05633 0.626109,
2.06256 0.627649,
2.06902 0.628664,
2.07601 0.629345,
2.08328 0.629676,
2.09074 0.629991,
2.09818 0.630306,
2.10212 0.630049,
2.10597 0.629298,
2.11365 0.627106,
2.11896 0.624533,
2.12547 0.621512,
2.13143 0.618462,
2.13674 0.615233,
2.14186 0.611991,
2.1466 0.608735,
2.15134 0.605481,
2.15639 0.601308,
2.16147 0.596862,
2.16655 0.592416,
2.17129 0.587604,
2.17571 0.582908,
2.18028 0.578644,
2.18507 0.574221,
2.18986 0.5698,
2.19404 0.564467,
2.19783 0.558992,
2.20126 0.553769,
2.20477 0.548874,
2.20826 0.543978,
2.21157 0.538568,
2.21443 0.533167,
2.21667 0.527742,
2.21892 0.522319,
2.22084 0.516795,
2.22263 0.511337,
2.22427 0.505435,
2.22622 0.499393,
2.22779 0.49295,
2.22866 0.486178,
2.22953 0.48002,
2.23038 0.473863,
2.23066 0.466775,
2.23073 0.461263,
2.23079 0.455909,
2.23088 0.450547,
2.23083 0.443435,
2.23078 0.43632,
2.22886 0.428571,
2.22679 0.4219,
2.22517 0.415604,
2.22333 0.409229,
2.22141 0.40295,
2.21972 0.396803,
2.21779 0.390969,
2.21585 0.385136,
2.21315 0.379965,
2.21006 0.374979,
2.20662 0.369969,
2.20275 0.364629,
2.19881 0.359383,
2.19503 0.35413,
2.1913 0.349476,
2.18758 0.344821,
2.18333 0.340653,
2.17856 0.336674,
2.17389 0.333668,
2.16915 0.330819,
2.16364 0.328087,
2.15813 0.325355,
2.14991 0.322806,
2.1424 0.321063,
2.13558 0.320131,
2.12897 0.319516,
2.12231 0.319269,
2.11557 0.318995,
2.10884 0.318719,
2.09968 0.319848,
2.09444 0.320959,
2.08923 0.322073,
2.07957 0.323382,
2.07404 0.32503,
2.06806 0.326586,
2.06207 0.328141,
2.05558 0.330299,
2.04862 0.333915,
2.04052 0.338358,
2.03549 0.341432,
2.03034 0.34482,
2.02489 0.348287,
2.01984 0.351573,
2.01477 0.354862,
2.01054 0.357914,
2.00605 0.361187,
2.00119 0.36508,
1.99647 0.36892,
1.99176 0.372757,
1.98755 0.376432,
1.98322 0.3806,
1.97896 0.385249,
1.97525 0.390286,
1.97156 0.395322,
1.96805 0.400427,
1.96526 0.404891,
1.96223 0.409857,
1.95919 0.41592,
1.9568 0.420814,
1.9547 0.425849,
1.95281 0.431489,
1.95108 0.437172,
1.94978 0.442972,
1.94855 0.448689,
1.94732 0.454405,
1.94645 0.460017,
1.94602 0.467307,
1.94581 0.473209,
1.94579 0.478693,
1.94578 0.484176,
1.94629 0.489483,
1.94681 0.494788,
1.94806 0.499869,
1.9493 0.504958,
1.95055 0.510048,
1.95237 0.515254,
1.95416 0.520595,
1.95616 0.526574,
1.95837 0.532336,
1.96059 0.538097,
1.96285 0.54345,
1.96511 0.548801,
1.96774 0.555393,
1.97057 0.560673,
1.97402 0.565551,
1.97748 0.570428,
1.98071 0.575391,
1.98396 0.580352,
1.98729 0.585214,
1.99103 0.589821,
1.99491 0.594675,
2.00146 0.599979,
2.00767 0.603509,
"/>
<Contour name="InnerMembrane" hidden="false" closed="true" simplified="true" border="1 0 0" fill="1 0 0" mode="11"
points="2.04565 0.377144,
2.0386 0.376273,
2.03145 0.377917,
2.02438 0.380083,
2.01802 0.383762,
2.01235 0.388122,
2.00667 0.392483,
2.00193 0.397224,
1.99722 0.401898,
1.99278 0.406564,
1.98834 0.41123,
1.98556 0.416393,
1.98279 0.421555,
1.98041 0.427558,
1.97804 0.43356,
1.97612 0.440453,
1.97418 0.447346,
1.9739 0.454195,
1.97363 0.461042,
1.97415 0.468063,
1.97499 0.475241,
1.97625 0.481409,
1.97686 0.487665,
1.97728 0.49404,
1.9783 0.500349,
1.97984 0.506496,
1.98138 0.512643,
1.98322 0.518701,
1.98576 0.524087,
1.98832 0.529474,
1.99025 0.535088,
1.9926 0.540436,
1.99495 0.545784,
1.99741 0.550938,
2.00083 0.556001,
2.00424 0.561064,
2.0078 0.566415,
2.01157 0.571287,
2.01535 0.576162,
2.02074 0.580178,
2.02614 0.583919,
2.03153 0.58766,
2.03734 0.591061,
2.04347 0.594436,
2.0499 0.597701,
2.05666 0.600811,
2.06351 0.602246,
2.07035 0.603679,
2.07719 0.60518,
2.08465 0.606021,
2.0933 0.606636,
2.09954 0.606011,
2.10587 0.604219,
2.11222 0.602426,
2.11873 0.599894,
2.12539 0.596558,
2.13139 0.59232,
2.13738 0.588083,
2.14305 0.584252,
2.14751 0.580258,
2.15376 0.574531,
2.15985 0.568539,
2.16406 0.564677,
2.16826 0.560813,
2.17184 0.556293,
2.17539 0.551773,
2.17879 0.547158,
2.18217 0.542543,
2.18325 0.538246,
2.18591 0.53011,
2.18761 0.524064,
2.18896 0.518065,
2.1903 0.512064,
2.19143 0.505855,
2.19258 0.499644,
2.19375 0.493345,
2.19496 0.486741,
2.19637 0.479716,
2.19788 0.471684,
2.19788 0.465011,
2.19788 0.458337,
2.19783 0.451959,
2.19778 0.44611,
2.1977 0.440299,
2.1974 0.433308,
2.19704 0.426384,
2.19627 0.419909,
2.1958 0.413201,
2.19498 0.406387,
2.19384 0.399962,
2.19014 0.392068,
2.18802 0.388457,
2.18327 0.383644,
2.17851 0.37883,
2.17287 0.375529,
2.16723 0.372228,
2.16091 0.369982,
2.15516 0.37062,
2.14945 0.372646,
2.14376 0.374671,
2.13728 0.376347,
2.1308 0.378023,
2.12398 0.379357,
2.11716 0.38069,
2.1107 0.382428,
2.10417 0.383197,
2.09763 0.383965,
2.09121 0.384405,
2.08492 0.384118,
2.07857 0.383686,
2.07194 0.382884,
2.06507 0.381774,
2.05874 0.380032,
2.05233 0.378619,
"/>
<Contour name="CristaeMembrane" hidden="false" closed="true" simplified="true" border="1 0 0" fill="1 0 0" mode="11"
points="2.07695 0.556688,
2.07788 0.556257,
2.07667 0.554871,
2.07562 0.554589,
2.07455 0.554309,
2.07376 0.554145,
2.0718 0.554044,
2.07075 0.553575,
2.07001 0.553382,
2.06925 0.553284,
2.06737 0.553052,
2.06604 0.552596,
2.06471 0.55214,
2.06337 0.55188,
2.06202 0.551621,
2.06079 0.551081,
2.05961 0.550948,
2.0585 0.550906,
2.05736 0.550865,
2.05636 0.550845,
2.05535 0.550827,
2.0539 0.550819,
2.05248 0.550817,
2.05131 0.550815,
2.05016 0.550812,
2.04908 0.55082,
2.048 0.550827,
2.04651 0.550814,
2.04464 0.550945,
2.04308 0.551617,
2.04154 0.55229,
2.04085 0.552706,
2.04021 0.553211,
2.03932 0.55424,
2.0387 0.55522,
2.03806 0.556201,
2.03744 0.557085,
2.0369 0.558174,
2.03644 0.559135,
2.03596 0.560096,
2.03549 0.5617,
2.03501 0.563302,
2.03501 0.564657,
2.03501 0.565834,
2.03501 0.567089,
2.03501 0.568132,
2.03501 0.569621,
2.03501 0.5709,
2.03501 0.572107,
2.03501 0.573285,
2.03501 0.57454,
2.03501 0.575794,
2.03521 0.577139,
2.0356 0.578323,
2.03599 0.579507,
2.0365 0.580845,
2.0369 0.581501,
2.03737 0.582102,
2.03852 0.583266,
2.03924 0.583838,
2.04036 0.584621,
2.04126 0.585339,
2.04216 0.586056,
2.0429 0.586785,
2.04382 0.587415,
2.04467 0.588007,
2.04551 0.588599,
2.04638 0.589403,
2.04749 0.590079,
2.04852 0.590389,
2.04956 0.590698,
2.05061 0.591156,
2.05171 0.59133,
2.05282 0.591505,
2.05376 0.591842,
2.05469 0.592178,
2.05664 0.592224,
2.05772 0.592245,
2.05882 0.592424,
2.05994 0.592604,
2.06068 0.592865,
2.06148 0.593032,
2.06286 0.593057,
2.0642 0.593073,
2.0656 0.59308,
2.06679 0.593085,
2.06806 0.593081,
2.06938 0.593085,
2.07052 0.593081,
2.07166 0.59308,
2.07285 0.59289,
2.07398 0.592466,
2.07514 0.591958,
2.07632 0.59145,
2.0774 0.591335,
2.07855 0.590981,
2.07954 0.590498,
2.08059 0.58996,
2.08164 0.589423,
2.08287 0.58879,
2.08452 0.587951,
2.08546 0.587079,
2.08638 0.586208,
2.0871 0.585906,
2.08864 0.584809,
2.08998 0.583891,
2.09098 0.583543,
2.09202 0.582958,
2.0928 0.582218,
2.09387 0.581173,
2.0948 0.580253,
2.09571 0.579463,
2.09661 0.578674,
2.09771 0.578064,
2.09871 0.577111,
2.09966 0.576275,
2.10061 0.575438,
2.10141 0.57504,
2.10223 0.574418,
2.10307 0.573798,
2.10399 0.573336,
2.10479 0.572729,
2.10561 0.572124,
2.10668 0.571542,
2.10727 0.571073,
2.10838 0.570221,
2.1095 0.56937,
2.1104 0.568841,
2.1113 0.568312,
2.11262 0.567814,
2.11352 0.567324,
2.11442 0.566833,
2.11517 0.566727,
2.1159 0.566525,
2.11716 0.566272,
2.11826 0.566141,
2.11949 0.566084,
2.12072 0.566026,
2.12159 0.565934,
2.12247 0.565703,
2.12419 0.565196,
2.12541 0.564988,
2.12652 0.564608,
2.12765 0.564226,
2.12874 0.563737,
2.12984 0.563248,
2.13054 0.562951,
2.132 0.562423,
2.13344 0.561897,
2.13476 0.56161,
2.13567 0.561203,
2.13667 0.560639,
2.13769 0.560075,
2.13881 0.559693,
2.13992 0.559312,
2.14091 0.558991,
2.14182 0.558494,
2.14296 0.557507,
2.14366 0.557215,
2.14551 0.55665,
2.14658 0.556139,
2.14765 0.555625,
2.14856 0.555097,
2.1495 0.554236,
2.15043 0.553374,
2.15152 0.552851,
2.15261 0.552327,
2.15368 0.551576,
2.1548 0.550894,
2.15591 0.5503,
2.15703 0.549705,
2.15799 0.548903,
2.15888 0.548093,
2.15977 0.547281,
2.16054 0.54645,
2.16118 0.545438,
2.16188 0.544546,
2.16268 0.543634,
2.16357 0.542706,
2.16444 0.541776,
2.1649 0.541151,
2.16559 0.539822,
2.16611 0.539268,
2.16657 0.538651,
2.16719 0.537415,
2.16769 0.536419,
2.16818 0.535424,
2.16857 0.534694,
2.16888 0.533899,
2.16941 0.532498,
2.16995 0.531098,
2.17041 0.530122,
2.17074 0.529105,
2.17105 0.528088,
2.17144 0.526963,
2.17151 0.525776,
2.17154 0.524679,
2.17156 0.523614,
2.17157 0.522435,
2.17156 0.520482,
2.17159 0.51883,
2.17146 0.517792,
2.17097 0.516685,
2.17056 0.515716,
2.1701 0.514791,
2.16964 0.513868,
2.1692 0.512867,
2.16836 0.511874,
2.16751 0.510939,
2.16659 0.509983,
2.16567 0.509025,
2.16498 0.508452,
2.16398 0.50788,
2.16265 0.507459,
2.1608 0.506757,
2.15972 0.506296,
2.15863 0.505835,
2.15742 0.505779,
2.15622 0.505745,
2.15514 0.505728,
2.15411 0.505722,
2.15302 0.505719,
2.15184 0.505717,
2.15055 0.505714,
2.14927 0.50571,
2.14851 0.505751,
2.14778 0.505886,
2.14648 0.506316,
2.14519 0.506744,
2.14432 0.50705,
2.14343 0.507498,
2.14245 0.508011,
2.1414 0.508533,
2.1404 0.50902,
2.13941 0.509507,
2.13841 0.510073,
2.13749 0.510519,
2.13659 0.510965,
2.13539 0.511542,
2.13466 0.512083,
2.13357 0.513192,
2.13238 0.513817,
2.13118 0.514448,
2.12998 0.515081,
2.1289 0.5156,
2.12797 0.51641,
2.12708 0.517079,
2.12619 0.51775,
2.12516 0.518361,
2.12424 0.519201,
2.12331 0.520041,
2.12252 0.520408,
2.12177 0.520913,
2.12072 0.521937,
2.11977 0.522865,
2.1188 0.523831,
2.11801 0.524606,
2.11732 0.525313,
2.11662 0.526022,
2.1158 0.526898,
2.11506 0.528024,
2.11426 0.529031,
2.11344 0.530038,
2.11284 0.531029,
2.11221 0.531859,
2.11158 0.532688,
2.11045 0.534068,
2.10904 0.535393,
2.10819 0.536077,
2.10747 0.536911,
2.10674 0.537745,
2.10596 0.538327,
2.10464 0.539704,
2.10389 0.540405,
2.10314 0.541149,
2.10225 0.5418,
2.10138 0.542453,
2.10036 0.543278,
2.09943 0.544003,
2.09849 0.544729,
2.09751 0.545267,
2.09649 0.546215,
2.09564 0.547019,
2.09487 0.547776,
2.09364 0.548621,
2.09243 0.549464,
2.09141 0.549908,
2.09046 0.550592,
2.08951 0.551278,
2.08846 0.551794,
2.08739 0.552332,
2.08634 0.552872,
2.08523 0.553411,
2.08413 0.553766,
2.08303 0.55412,
2.08177 0.554384,
2.08078 0.554855,
2.0798 0.555325,
2.07826 0.556108,
2.07722 0.556605,
"/>
</Transform>

</Section>
