<?xml version="1.0"?>
<!DOCTYPE Section SYSTEM "section.dtd">

<Section index="696" thickness="0.00164" alignLocked="true">
<Transform dim="0"
 xcoef=" 0 1 0 0 0 0"
 ycoef=" 0 0 1 0 0 0">
<Contour name="OuterMembrane" hidden="false" closed="true" simplified="true" border="1 0 0" fill="1 0 0" mode="11"
points="2.1071 0.471826,
2.10525 0.466856,
2.10237 0.461612,
2.09887 0.456392,
2.09536 0.451174,
2.09079 0.446264,
2.08757 0.443889,
2.08123 0.440896,
2.07512 0.438523,
2.06904 0.436148,
2.06342 0.434835,
2.05779 0.433519,
2.05279 0.432955,
2.0478 0.432391,
2.04241 0.432173,
2.03703 0.431955,
2.03114 0.433454,
2.02584 0.436689,
2.02064 0.440488,
2.01543 0.444284,
2.01115 0.449555,
2.00872 0.455667,
2.00628 0.461781,
2.00551 0.467825,
2.00465 0.473543,
2.0038 0.479262,
2.00315 0.484505,
2.00277 0.489676,
2.00249 0.494893,
2.00255 0.500497,
2.00333 0.505889,
2.0041 0.51128,
2.00761 0.520057,
2.01072 0.524905,
2.01474 0.530123,
2.01874 0.535342,
2.02383 0.539701,
2.02701 0.541567,
2.03039 0.543017,
2.02943 0.542655,
2.03455 0.545003,
2.03968 0.547353,
2.04541 0.548505,
2.05128 0.549333,
2.05725 0.549651,
2.06345 0.548854,
2.06965 0.548058,
2.07581 0.545223,
2.08196 0.542386,
2.08606 0.538218,
2.09016 0.53405,
2.09359 0.529571,
2.097 0.525092,
2.10036 0.521018,
2.10268 0.51557,
2.10499 0.510124,
2.10614 0.504679,
2.10688 0.499342,
2.10725 0.494316,
2.10738 0.489096,
2.1075 0.48377,
2.1073 0.477798,
"/>
</Transform>

</Section>
