<?xml version="1.0"?>
<!DOCTYPE Section SYSTEM "section.dtd">

<Section index="642" thickness="0.00164" alignLocked="true">
<Transform dim="0"
 xcoef=" 0 1 0 0 0 0"
 ycoef=" 0 0 1 0 0 0">
<Contour name="OuterMembrane" hidden="false" closed="true" simplified="true" border="1 0 0" fill="1 0 0" mode="11"
points="2.06506 0.625434,
2.07045 0.625932,
2.07749 0.625876,
2.08451 0.625867,
2.09157 0.625898,
2.09789 0.625365,
2.10427 0.624555,
2.11065 0.623743,
2.11735 0.622332,
2.12393 0.620725,
2.13062 0.619043,
2.13667 0.617521,
2.14212 0.615749,
2.14737 0.614055,
2.15263 0.612361,
2.15817 0.609773,
2.16336 0.607276,
2.16913 0.603891,
2.17475 0.600101,
2.1802 0.595825,
2.18546 0.591236,
2.19073 0.586646,
2.19425 0.582477,
2.19786 0.577711,
2.20139 0.572486,
2.20449 0.567028,
2.20785 0.561529,
2.21121 0.556031,
2.21397 0.55011,
2.21639 0.543878,
2.21859 0.53731,
2.22043 0.531201,
2.22235 0.525704,
2.22423 0.520228,
2.22596 0.514552,
2.22763 0.508267,
2.22917 0.501358,
2.23037 0.494983,
2.23109 0.488841,
2.23153 0.482716,
2.2317 0.476991,
2.23188 0.471367,
2.2314 0.46556,
2.23063 0.459764,
2.23007 0.453883,
2.22937 0.448242,
2.2285 0.442595,
2.22753 0.436942,
2.22648 0.431223,
2.22541 0.425506,
2.22359 0.41955,
2.22177 0.413593,
2.21936 0.40726,
2.21697 0.400928,
2.21403 0.395601,
2.21047 0.389848,
2.20685 0.383991,
2.20337 0.378853,
2.19991 0.373715,
2.19358 0.366332,
2.18999 0.36347,
2.18484 0.36019,
2.1804 0.357154,
2.17538 0.354322,
2.17034 0.35124,
2.16529 0.348159,
2.15909 0.345377,
2.15288 0.343124,
2.14728 0.34162,
2.14168 0.340116,
2.13526 0.338321,
2.12859 0.337159,
2.12185 0.336431,
2.11571 0.335887,
2.11032 0.335546,
2.10497 0.335328,
2.09818 0.335218,
2.09272 0.335203,
2.08734 0.335155,
2.07803 0.335142,
2.0713 0.336287,
2.06456 0.337432,
2.05876 0.338973,
2.05326 0.340582,
2.04793 0.342509,
2.04301 0.344605,
2.03804 0.34719,
2.0328 0.34984,
2.02783 0.352398,
2.02228 0.356074,
2.01669 0.360047,
2.0111 0.364021,
2.00597 0.368236,
2.00129 0.372592,
1.9966 0.376947,
1.99268 0.381305,
1.98876 0.385662,
1.98484 0.389928,
1.98091 0.394195,
1.97679 0.3976,
1.97369 0.401857,
1.97059 0.406113,
1.96679 0.411658,
1.96488 0.416714,
1.96321 0.42218,
1.96154 0.427645,
1.96006 0.432971,
1.95905 0.439123,
1.95801 0.445275,
1.95714 0.450839,
1.95626 0.456405,
1.95488 0.464054,
1.95414 0.470962,
1.95368 0.477504,
1.95347 0.483142,
1.9534 0.490521,
1.95396 0.496763,
1.95452 0.503006,
1.95552 0.508182,
1.95793 0.514906,
1.96034 0.521628,
1.96308 0.527139,
1.96554 0.532898,
1.96775 0.538799,
1.96997 0.5447,
1.97287 0.550576,
1.97579 0.55645,
1.9803 0.562886,
1.98191 0.56653,
1.98494 0.571041,
1.98953 0.577406,
1.99162 0.580845,
1.99614 0.585736,
2.00075 0.590835,
2.00529 0.595781,
2.00984 0.600579,
2.01433 0.604609,
2.01869 0.608186,
2.02304 0.611764,
2.02761 0.614564,
2.03235 0.617212,
2.03711 0.619861,
2.04249 0.62146,
2.04808 0.622943,
2.05369 0.624427,
2.05938 0.62493,
"/>
<Contour name="InnerMembrane" hidden="false" closed="true" simplified="true" border="1 0 0" fill="1 0 0" mode="11"
points="2.00972 0.387775,
2.00587 0.392221,
2.0021 0.396887,
1.99827 0.401892,
1.99449 0.407776,
1.99239 0.414093,
1.9903 0.420409,
1.98676 0.428279,
1.98419 0.432568,
1.98073 0.441024,
1.97812 0.450493,
1.97707 0.456643,
1.97602 0.462793,
1.97536 0.469804,
1.97543 0.476107,
1.97559 0.484228,
1.97581 0.492443,
1.97756 0.498534,
1.97891 0.504933,
1.98027 0.511334,
1.98232 0.517674,
1.98453 0.523785,
1.98702 0.529979,
1.98965 0.53666,
1.99291 0.543744,
1.99555 0.548132,
1.99862 0.553115,
2.00167 0.558099,
2.00523 0.563179,
2.00872 0.56814,
2.01244 0.572759,
2.01669 0.577556,
2.02107 0.581239,
2.02547 0.584922,
2.03017 0.588619,
2.03552 0.59245,
2.04201 0.596252,
2.04867 0.5995,
2.05561 0.602346,
2.06314 0.603943,
2.07068 0.605539,
2.07847 0.605419,
2.08624 0.605298,
2.09316 0.604776,
2.10009 0.604255,
2.1064 0.603533,
2.11243 0.60232,
2.11857 0.600714,
2.12469 0.599108,
2.13085 0.596816,
2.13713 0.595003,
2.14392 0.592229,
2.14935 0.58909,
2.15478 0.585949,
2.16018 0.582646,
2.16469 0.578348,
2.16918 0.574049,
2.17285 0.568398,
2.17651 0.562748,
2.18056 0.556427,
2.1843 0.550169,
2.18796 0.544096,
2.19127 0.538002,
2.19417 0.532365,
2.19632 0.526765,
2.19849 0.521164,
2.20031 0.513989,
2.20213 0.506814,
2.2036 0.499993,
2.20518 0.493422,
2.20628 0.487177,
2.20713 0.480853,
2.2076 0.474278,
2.2076 0.466842,
2.20739 0.461207,
2.20696 0.45406,
2.20631 0.446969,
2.20541 0.439886,
2.20377 0.433178,
2.20185 0.426285,
2.19972 0.41792,
2.19691 0.410003,
2.19375 0.404424,
2.19058 0.398846,
2.18712 0.393095,
2.18318 0.387152,
2.17815 0.382318,
2.17313 0.377484,
2.16141 0.371102,
2.15563 0.36836,
2.15009 0.366899,
2.14538 0.36644,
2.13836 0.367029,
2.13172 0.369067,
2.12032 0.372651,
2.11358 0.373802,
2.10665 0.374968,
2.09979 0.375693,
2.09295 0.376418,
2.08608 0.377031,
2.07975 0.375703,
2.07342 0.374374,
2.06719 0.372649,
2.06066 0.371439,
2.05413 0.37023,
2.04731 0.370637,
2.0409 0.371386,
2.03467 0.372365,
2.02878 0.374074,
2.02383 0.377151,
2.01886 0.380229,
2.0143 0.384001,
"/>
<Contour name="CristaeMembrane" hidden="false" closed="true" simplified="true" border="1 0 0" fill="1 0 0" mode="11"
points="2.09305 0.541015,
2.09175 0.541018,
2.09039 0.540998,
2.08911 0.541006,
2.08808 0.540988,
2.08705 0.540972,
2.08559 0.540975,
2.08447 0.540975,
2.08301 0.54098,
2.08172 0.540975,
2.08067 0.540974,
2.07962 0.540972,
2.07814 0.540977,
2.07703 0.540984,
2.07591 0.54099,
2.07445 0.54098,
2.07299 0.54097,
2.07173 0.54097,
2.07053 0.54098,
2.06934 0.54099,
2.06856 0.540977,
2.06778 0.54107,
2.06676 0.541431,
2.06576 0.541794,
2.06461 0.541871,
2.06381 0.542061,
2.06235 0.542338,
2.06091 0.542615,
2.06014 0.542633,
2.05935 0.542756,
2.05822 0.543097,
2.05722 0.54327,
2.0562 0.54344,
2.05525 0.543576,
2.05397 0.543916,
2.05282 0.544083,
2.05164 0.544172,
2.05046 0.54426,
2.04964 0.544367,
2.04882 0.544598,
2.04779 0.544944,
2.04675 0.54529,
2.04572 0.545597,
2.04469 0.545904,
2.04388 0.546012,
2.04306 0.546241,
2.042 0.546745,
2.04114 0.547375,
2.04029 0.548006,
2.03927 0.548552,
2.03827 0.549493,
2.03754 0.550291,
2.03678 0.551086,
2.03606 0.552583,
2.03562 0.553544,
2.03524 0.554602,
2.03486 0.555658,
2.03437 0.556978,
2.03422 0.557751,
2.03421 0.55966,
2.03419 0.561039,
2.03419 0.562143,
2.03419 0.563576,
2.03419 0.56501,
2.03427 0.56599,
2.03463 0.56725,
2.03535 0.568622,
2.03613 0.570105,
2.03658 0.571073,
2.03704 0.57204,
2.03739 0.572763,
2.03781 0.573436,
2.0385 0.574175,
2.03929 0.574987,
2.04018 0.575875,
2.0409 0.576613,
2.04164 0.577352,
2.04314 0.578472,
2.04464 0.579481,
2.04587 0.580242,
2.04777 0.580776,
2.04874 0.581236,
2.04974 0.581549,
2.05074 0.581862,
2.05185 0.582211,
2.05295 0.582636,
2.05405 0.583059,
2.05526 0.583679,
2.05695 0.584147,
2.05777 0.584711,
2.05853 0.585477,
2.0593 0.586243,
2.05976 0.587102,
2.06036 0.587873,
2.06127 0.588793,
2.06219 0.589711,
2.06302 0.590397,
2.06404 0.591066,
2.06506 0.591735,
2.06609 0.592404,
2.06722 0.592767,
2.06837 0.593129,
2.06927 0.593549,
2.07024 0.593811,
2.07173 0.593857,
2.07296 0.593877,
2.07416 0.59386,
2.07537 0.593875,
2.07657 0.59389,
2.07778 0.593865,
2.07863 0.593698,
2.07988 0.593283,
2.08113 0.592868,
2.08211 0.592517,
2.08308 0.592168,
2.08416 0.59173,
2.08526 0.591292,
2.08618 0.590648,
2.0871 0.590003,
2.08808 0.589293,
2.08906 0.588583,
2.09021 0.587981,
2.0911 0.587191,
2.0919 0.586415,
2.0928 0.585739,
2.09371 0.585062,
2.09464 0.584475,
2.09602 0.583159,
2.09669 0.582362,
2.09738 0.581565,
2.09838 0.58087,
2.09938 0.580175,
2.10046 0.579419,
2.10161 0.578718,
2.10274 0.578016,
2.10369 0.577688,
2.10463 0.577359,
2.10576 0.57697,
2.10689 0.57658,
2.10804 0.57624,
2.10935 0.575543,
2.11025 0.5751,
2.11117 0.574658,
2.11191 0.574318,
2.11258 0.57388,
2.11348 0.573278,
2.11448 0.572696,
2.11547 0.572114,
2.11716 0.571273,
2.11806 0.570677,
2.11895 0.570082,
2.11986 0.570128,
2.121 0.569987,
2.12236 0.569505,
2.12314 0.569037,
2.12406 0.568588,
2.125 0.56814,
2.1261 0.567614,
2.12711 0.567082,
2.12811 0.566553,
2.12931 0.566007,
2.13093 0.565605,
2.13184 0.565162,
2.13274 0.564718,
2.13364 0.564265,
2.13472 0.563716,
2.13579 0.563166,
2.13695 0.562605,
2.13789 0.562215,
2.13884 0.561826,
2.13979 0.561569,
2.14068 0.561162,
2.14169 0.560695,
2.14271 0.560227,
2.14382 0.55983,
2.14496 0.559434,
2.1461 0.559189,
2.14714 0.558835,
2.14817 0.558481,
2.14914 0.558123,
2.15009 0.557766,
2.15116 0.557505,
2.15217 0.557026,
2.15317 0.556545,
2.15425 0.555952,
2.15514 0.555137,
2.15608 0.554477,
2.15701 0.553817,
2.15796 0.553169,
2.15876 0.552368,
2.15962 0.551604,
2.16047 0.550838,
2.16155 0.550269,
2.16288 0.549061,
2.16349 0.548491,
2.16408 0.547717,
2.16454 0.546817,
2.165 0.545918,
2.16537 0.544879,
2.16593 0.54389,
2.16647 0.542901,
2.16713 0.541589,
2.16742 0.540636,
2.16772 0.539683,
2.168 0.538704,
2.16828 0.537725,
2.1688 0.536693,
2.16933 0.53566,
2.16977 0.534451,
2.16985 0.533379,
2.16995 0.532306,
2.16993 0.530942,
2.16993 0.529576,
2.16995 0.52846,
2.16995 0.527435,
2.16995 0.52644,
2.16995 0.525285,
2.16995 0.524133,
2.1698 0.522684,
2.16959 0.521928,
2.16903 0.520397,
2.16869 0.519257,
2.16818 0.518243,
2.16777 0.51723,
2.16737 0.516216,
2.16706 0.515221,
2.16659 0.51427,
2.16596 0.513413,
2.16546 0.512457,
2.16495 0.5115,
2.16472 0.510601,
2.16439 0.509632,
2.16405 0.508662,
2.16383 0.507931,
2.16308 0.506486,
2.16257 0.505423,
2.16216 0.504284,
2.16195 0.502937,
2.16191 0.501725,
2.16188 0.500515,
2.16216 0.499319,
2.1625 0.498124,
2.16285 0.496927,
2.16332 0.495864,
2.1638 0.494799,
2.16437 0.493912,
2.16473 0.492761,
2.16523 0.491536,
2.16572 0.490312,
2.16621 0.489384,
2.1666 0.488187,
2.16711 0.487162,
2.1676 0.486139,
2.16828 0.484999,
2.16893 0.483861,
2.16946 0.482847,
2.16998 0.481834,
2.17062 0.48094,
2.17136 0.480008,
2.17211 0.479077,
2.17254 0.478398,
2.17341 0.477048,
2.17403 0.476184,
2.17451 0.475183,
2.17467 0.474001,
2.17477 0.472768,
2.17482 0.471657,
2.17484 0.470621,
2.17485 0.469612,
2.17485 0.468523,
2.17485 0.467384,
2.17485 0.466244,
2.17439 0.464806,
2.17393 0.463369,
2.17316 0.462511,
2.17241 0.461704,
2.17166 0.460899,
2.17085 0.460171,
2.16965 0.459471,
2.16831 0.459231,
2.1669 0.459102,
2.16547 0.459036,
2.16406 0.459006,
2.16265 0.458992,
2.16142 0.458985,
2.16024 0.458979,
2.15827 0.45897,
2.15658 0.459025,
2.15539 0.459021,
2.15437 0.458997,
2.15278 0.458993,
2.15119 0.45899,
2.15043 0.4591,
2.1497 0.459312,
2.14871 0.459644,
2.14774 0.459976,
2.14658 0.46041,
2.14589 0.460807,
2.14458 0.461265,
2.14328 0.461776,
2.14199 0.462288,
2.14123 0.462423,
2.14031 0.462729,
2.13946 0.463179,
2.13866 0.463882,
2.13771 0.464597,
2.13664 0.465268,
2.13544 0.465855,
2.13423 0.466444,
2.13331 0.466682,
2.13244 0.46707,
2.13138 0.467807,
2.13031 0.468543,
2.12918 0.46923,
2.12828 0.470122,
2.12754 0.47087,
2.12682 0.47162,
2.1257 0.472691,
2.12465 0.473522,
2.1236 0.474354,
2.12241 0.475147,
2.12183 0.4757,
2.12134 0.476323,
2.12049 0.477998,
2.11998 0.478936,
2.11963 0.479948,
2.11955 0.480974,
2.11954 0.482016,
2.11952 0.483085,
2.11949 0.484153,
2.1195 0.485253,
2.11972 0.486332,
2.12013 0.487329,
2.12057 0.488061,
2.12116 0.489324,
2.1217 0.490371,
2.12223 0.491418,
2.1225 0.492779,
2.12262 0.494022,
2.12268 0.495285,
2.12272 0.496562,
2.12277 0.497943,
2.12275 0.499014,
2.12267 0.500297,
2.12242 0.501427,
2.12216 0.502558,
2.12162 0.503442,
2.12108 0.504326,
2.12044 0.505151,
2.11954 0.506901,
2.11919 0.507572,
2.11878 0.508541,
2.11821 0.509402,
2.11762 0.510263,
2.11699 0.511368,
2.11637 0.512474,
2.11575 0.513653,
2.1153 0.514606,
2.11445 0.516211,
2.11376 0.51763,
2.11273 0.519252,
2.11199 0.52031,
2.11161 0.521499,
2.1112 0.522568,
2.11079 0.523637,
2.10994 0.524577,
2.10948 0.525576,
2.10901 0.526576,
2.10884 0.527462,
2.10866 0.528644,
2.10848 0.529825,
2.10811 0.53105,
2.10804 0.532475,
2.10776 0.533503,
2.10747 0.534532,
2.10668 0.535219,
2.10594 0.535921,
2.10499 0.536683,
2.10402 0.537446,
2.10292 0.538207,
2.10182 0.538968,
2.10066 0.539635,
2.0995 0.540303,
2.09843 0.540639,
2.09735 0.540974,
2.09635 0.541095,
2.09535 0.541398,
2.09459 0.541802,
2.09439 0.541882,
2.09505 0.541526,
2.09405 0.541271,
"/>
</Transform>

</Section>
