<?xml version="1.0"?>
<!DOCTYPE Section SYSTEM "section.dtd">

<Section index="679" thickness="0.00164" alignLocked="true">
<Transform dim="0"
 xcoef=" 0 1 0 0 0 0"
 ycoef=" 0 0 1 0 0 0">
<Contour name="OuterMembrane" hidden="false" closed="true" simplified="true" border="1 0 0" fill="1 0 0" mode="11"
points="2.16603 0.5076,
2.16719 0.502137,
2.16897 0.493465,
2.16965 0.489007,
2.16974 0.480805,
2.17128 0.471036,
2.17266 0.462769,
2.17344 0.453847,
2.17431 0.440812,
2.174 0.435604,
2.17151 0.426536,
2.16903 0.417467,
2.1667 0.412235,
2.16139 0.403178,
2.15813 0.398587,
2.1493 0.388277,
2.14581 0.385254,
2.1379 0.380455,
2.13412 0.377641,
2.13006 0.375196,
2.12426 0.372534,
2.11785 0.370583,
2.10747 0.367844,
2.09894 0.366674,
2.08893 0.365341,
2.07304 0.365,
2.06786 0.3655,
2.05592 0.368723,
2.04577 0.373446,
2.03509 0.377056,
2.02727 0.380959,
2.01489 0.386586,
2.0102 0.389277,
1.99895 0.396247,
1.99519 0.398551,
1.9917 0.40116,
1.98384 0.408719,
1.97408 0.419927,
1.97154 0.424283,
1.96936 0.429193,
1.96772 0.434331,
1.96664 0.4397,
1.96647 0.449721,
1.96615 0.459777,
1.9668 0.466641,
1.96985 0.479528,
1.97302 0.487616,
1.97646 0.497651,
1.97964 0.507752,
1.98125 0.516087,
1.98365 0.524544,
1.98858 0.535849,
1.99211 0.541917,
1.99467 0.545338,
1.99936 0.552746,
2.00213 0.556249,
2.00464 0.558907,
2.00438 0.558673,
2.01031 0.564823,
2.01484 0.573272,
2.02091 0.580678,
2.02635 0.585375,
2.03244 0.589221,
2.03677 0.591272,
2.04128 0.592888,
2.05062 0.594987,
2.05541 0.595773,
2.07024 0.595835,
2.08045 0.594023,
2.08449 0.593029,
2.08843 0.591694,
2.09767 0.587104,
2.10673 0.582369,
2.11967 0.575763,
2.12816 0.570863,
2.13312 0.567556,
2.14212 0.559178,
2.14576 0.554922,
2.1507 0.545759,
2.15494 0.535942,
2.15896 0.528205,
2.16224 0.517832,
"/>
<Contour name="InnerMembrane" hidden="false" closed="true" simplified="true" border="1 0 0" fill="1 0 0" mode="11"
points="2.03084 0.555875,
2.03075 0.555855,
2.03826 0.558067,
2.04506 0.559104,
2.05085 0.559676,
2.05663 0.560019,
2.06238 0.56036,
2.06791 0.560222,
2.07342 0.560085,
2.07886 0.559725,
2.08388 0.55973,
2.08834 0.559311,
2.0931 0.557728,
2.09833 0.55544,
2.10353 0.553083,
2.10773 0.550692,
2.11194 0.5483,
2.11553 0.545566,
2.11909 0.542673,
2.12259 0.539609,
2.12618 0.536195,
2.12979 0.532782,
2.13269 0.528013,
2.13521 0.523014,
2.13754 0.518027,
2.13945 0.51283,
2.14115 0.507908,
2.14315 0.503118,
2.14491 0.498557,
2.14651 0.494089,
2.14819 0.48923,
2.14963 0.484223,
2.15132 0.479162,
2.15273 0.473744,
2.15383 0.468312,
2.1545 0.462793,
2.15496 0.457184,
2.15544 0.451577,
2.15432 0.446011,
2.15321 0.440445,
2.15127 0.435615,
2.14933 0.430784,
2.14663 0.425798,
2.14391 0.420811,
2.14071 0.416201,
2.13728 0.411943,
2.13421 0.408529,
2.13046 0.405241,
2.12615 0.40223,
2.12183 0.399217,
2.11739 0.397411,
2.11229 0.395471,
2.1072 0.393454,
2.10204 0.391484,
2.09708 0.389877,
2.09205 0.388511,
2.08716 0.386887,
2.08228 0.385264,
2.07752 0.384408,
2.07275 0.383935,
2.06796 0.383603,
2.06286 0.383629,
2.05776 0.383657,
2.05395 0.384603,
2.04679 0.38675,
2.04068 0.388501,
2.03458 0.390254,
2.02975 0.392313,
2.02507 0.394655,
2.02041 0.396996,
2.01666 0.399794,
2.01292 0.402592,
2.00967 0.405964,
2.00598 0.409295,
2.00218 0.412898,
1.99839 0.416591,
1.99462 0.420284,
1.99189 0.424812,
1.98934 0.429482,
1.9872 0.434324,
1.98594 0.439431,
1.98499 0.444679,
1.98404 0.449929,
1.98486 0.457137,
1.98556 0.464353,
1.98591 0.467725,
1.98683 0.474349,
1.98722 0.481032,
1.98794 0.486025,
1.98907 0.48956,
1.99144 0.496385,
1.99324 0.50243,
1.99504 0.508477,
1.99754 0.513789,
2.00005 0.519099,
2.00293 0.522855,
2.00608 0.528098,
2.00923 0.533341,
2.01238 0.537971,
2.01485 0.541989,
2.01731 0.546007,
2.02281 0.551543,
2.02683 0.55371,
"/>
</Transform>

</Section>
