<?xml version="1.0"?>
<!DOCTYPE Section SYSTEM "section.dtd">

<Section index="647" thickness="0.00164" alignLocked="true">
<Transform dim="0"
 xcoef=" 0 1 0 0 0 0"
 ycoef=" 0 0 1 0 0 0">
<Contour name="OuterMembrane" hidden="false" closed="true" simplified="true" border="1 0 0" fill="1 0 0" mode="11"
points="1.99747 0.604676,
1.99778 0.60493,
2.00224 0.608427,
2.0067 0.611923,
2.01149 0.614961,
2.0163 0.617996,
2.02197 0.620948,
2.02817 0.623802,
2.03386 0.626273,
2.03937 0.628561,
2.0451 0.630408,
2.0508 0.631871,
2.05649 0.633334,
2.06312 0.634318,
2.0696 0.634878,
2.07588 0.635203,
2.08226 0.63542,
2.08884 0.635538,
2.09554 0.635656,
2.10202 0.634783,
2.1085 0.633911,
2.11485 0.632358,
2.12121 0.630805,
2.1267 0.628509,
2.1322 0.626214,
2.13697 0.623066,
2.14202 0.620715,
2.14709 0.618364,
2.15196 0.615882,
2.15652 0.612825,
2.16108 0.609137,
2.16565 0.605449,
2.17049 0.601705,
2.17502 0.597085,
2.1794 0.591938,
2.18376 0.586794,
2.18792 0.581882,
2.19179 0.57677,
2.19555 0.571794,
2.19906 0.566979,
2.20198 0.56183,
2.20519 0.556726,
2.20833 0.551771,
2.21111 0.546574,
2.21351 0.541126,
2.21589 0.535676,
2.21846 0.530284,
2.22104 0.524892,
2.22254 0.519637,
2.22373 0.514147,
2.22505 0.50859,
2.22607 0.502737,
2.22732 0.496451,
2.22791 0.490234,
2.22832 0.484259,
2.22896 0.478632,
2.22924 0.472277,
2.22953 0.465675,
2.22965 0.459954,
2.22974 0.45468,
2.22976 0.447676,
2.22966 0.440366,
2.22896 0.433844,
2.22817 0.428043,
2.22738 0.422243,
2.22504 0.412362,
2.22089 0.403468,
2.2178 0.396326,
2.21564 0.390361,
2.21339 0.384401,
2.21113 0.378542,
2.20888 0.372683,
2.20624 0.367426,
2.20306 0.36235,
2.19985 0.35764,
2.19665 0.353176,
2.19322 0.348826,
2.18973 0.344231,
2.18625 0.339634,
2.18232 0.335136,
2.17856 0.330932,
2.17479 0.326727,
2.1718 0.3241,
2.16754 0.321338,
2.16103 0.318391,
2.15493 0.315764,
2.14884 0.313137,
2.14325 0.311372,
2.13735 0.310314,
2.13087 0.309747,
2.12485 0.309391,
2.11909 0.309137,
2.11373 0.309006,
2.10817 0.308948,
2.10245 0.308914,
2.09585 0.308889,
2.09036 0.308891,
2.08487 0.308891,
2.07968 0.309986,
2.07424 0.31147,
2.06902 0.313589,
2.06383 0.315874,
2.05846 0.317988,
2.05271 0.320579,
2.04697 0.32317,
2.04173 0.325279,
2.0369 0.327377,
2.03173 0.329935,
2.02656 0.332492,
2.02056 0.33535,
2.01484 0.339245,
2.0099 0.343498,
2.00539 0.348183,
2.00096 0.352685,
1.99703 0.357151,
1.99309 0.361615,
1.98943 0.366261,
1.98578 0.370909,
1.98227 0.375624,
1.97955 0.380306,
1.97682 0.38499,
1.97392 0.389528,
1.97098 0.394636,
1.96811 0.399883,
1.9659 0.40548,
1.96397 0.411174,
1.96215 0.416826,
1.96041 0.422494,
1.95867 0.428161,
1.95654 0.433731,
1.95427 0.438823,
1.95201 0.443915,
1.95112 0.451622,
1.9507 0.458162,
1.95034 0.464578,
1.95016 0.471018,
1.95006 0.476228,
1.95001 0.483339,
1.94999 0.489648,
1.95009 0.495395,
1.9506 0.50134,
1.95112 0.507285,
1.95234 0.513866,
1.95357 0.520323,
1.95521 0.527007,
1.95685 0.533694,
1.9587 0.54061,
1.96183 0.547361,
1.96482 0.553757,
1.96702 0.558897,
1.9692 0.564035,
1.9724 0.570958,
1.97571 0.577675,
1.97904 0.584394,
1.98361 0.590497,
1.9883 0.595343,
1.99299 0.600191,
"/>
<Contour name="InnerMembrane" hidden="false" closed="true" simplified="true" border="1 0 0" fill="1 0 0" mode="11"
points="2.04788 0.599363,
2.05379 0.6028,
2.05909 0.604456,
2.0651 0.605386,
2.0715 0.606001,
2.07699 0.606247,
2.0825 0.606438,
2.08997 0.606536,
2.096 0.606546,
2.10204 0.606556,
2.10784 0.604794,
2.11401 0.60282,
2.12014 0.600455,
2.12616 0.598093,
2.13218 0.595733,
2.13738 0.592406,
2.14256 0.58908,
2.14747 0.585206,
2.15224 0.581086,
2.15714 0.576473,
2.16204 0.57186,
2.16596 0.566914,
2.1699 0.561969,
2.17349 0.556349,
2.17682 0.550614,
2.18008 0.54459,
2.183 0.537966,
2.18579 0.531499,
2.18832 0.524913,
2.19083 0.518512,
2.19293 0.512323,
2.19476 0.50634,
2.19655 0.500436,
2.19758 0.49408,
2.1986 0.487251,
2.19916 0.480835,
2.19954 0.474818,
2.19976 0.468671,
2.19988 0.4623,
2.20003 0.455899,
2.20016 0.449499,
2.1985 0.442602,
2.19685 0.435705,
2.19532 0.429252,
2.19355 0.423279,
2.19178 0.417308,
2.18945 0.411709,
2.18722 0.406239,
2.18468 0.401182,
2.18084 0.396544,
2.17699 0.391908,
2.17249 0.387871,
2.16798 0.383835,
2.16264 0.380988,
2.15732 0.378261,
2.15201 0.375534,
2.14576 0.374032,
2.13986 0.373636,
2.1341 0.373695,
2.12833 0.373756,
2.12044 0.375895,
2.11255 0.378117,
2.10745 0.379053,
2.09745 0.379142,
2.08995 0.378346,
2.08244 0.377549,
2.07508 0.376564,
2.06774 0.375739,
2.06061 0.375052,
2.05336 0.374481,
2.04626 0.373467,
2.03937 0.372478,
2.0326 0.371639,
2.02607 0.371945,
2.02012 0.37446,
2.01448 0.377312,
2.01023 0.381197,
2.00661 0.385433,
2.00298 0.389667,
1.99977 0.394645,
1.99654 0.39962,
1.99304 0.405155,
1.98955 0.41069,
1.98604 0.416653,
1.98237 0.423028,
1.97909 0.430333,
1.9783 0.434451,
1.97704 0.44241,
1.97576 0.450369,
1.97436 0.456414,
1.9732 0.462293,
1.97205 0.468172,
1.971 0.4745,
1.97026 0.480664,
1.97107 0.486762,
1.97284 0.492717,
1.97543 0.498904,
1.97802 0.505092,
1.98076 0.512033,
1.98324 0.517782,
1.98604 0.522811,
1.98947 0.528457,
1.99253 0.534369,
1.9954 0.540762,
1.99844 0.546753,
2.00165 0.55256,
2.00524 0.558185,
2.00862 0.563962,
2.01197 0.569685,
2.01563 0.575092,
2.01943 0.580135,
2.02443 0.584301,
2.03125 0.59048,
2.03655 0.593639,
2.04221 0.596501,
"/>
<Contour name="CristaeMembrane" hidden="false" closed="true" simplified="true" border="1 0 0" fill="1 0 0" mode="11"
points="2.08805 0.553708,
2.08688 0.55371,
2.08572 0.553712,
2.08452 0.553746,
2.08331 0.553772,
2.08224 0.553813,
2.08121 0.553908,
2.08019 0.554092,
2.07873 0.55431,
2.07742 0.554612,
2.07611 0.554912,
2.07485 0.554927,
2.07358 0.554942,
2.07244 0.554958,
2.07048 0.554965,
2.06938 0.55494,
2.06837 0.554927,
2.06727 0.554725,
2.06617 0.554525,
2.06509 0.554202,
2.06391 0.554105,
2.06273 0.55401,
2.06191 0.553643,
2.06014 0.553126,
2.05915 0.552721,
2.05833 0.552526,
2.05717 0.552491,
2.05581 0.552475,
2.05467 0.552465,
2.05361 0.552459,
2.05249 0.552457,
2.05126 0.552454,
2.05002 0.55245,
2.04887 0.552559,
2.0478 0.55287,
2.04608 0.55372,
2.04528 0.554126,
2.04374 0.555319,
2.04269 0.555845,
2.04162 0.556568,
2.04055 0.557292,
2.0395 0.558031,
2.03882 0.558737,
2.03826 0.559543,
2.0378 0.56057,
2.0374 0.561757,
2.03701 0.562945,
2.03673 0.564846,
2.0368 0.566531,
2.03672 0.567778,
2.03668 0.568826,
2.03665 0.569874,
2.03675 0.570986,
2.03706 0.572086,
2.03759 0.573552,
2.03783 0.574418,
2.03862 0.575963,
2.03898 0.57679,
2.03967 0.577746,
2.04037 0.578702,
2.0407 0.579405,
2.04114 0.580058,
2.04205 0.581026,
2.04275 0.581529,
2.04387 0.582341,
2.04497 0.583153,
2.04588 0.583902,
2.04692 0.584434,
2.04793 0.584965,
2.04966 0.585828,
2.05064 0.586316,
2.05154 0.586751,
2.05246 0.587186,
2.05338 0.587658,
2.05441 0.588163,
2.05544 0.588667,
2.05669 0.588908,
2.05794 0.589149,
2.05904 0.589585,
2.06 0.589906,
2.06097 0.590229,
2.06233 0.590577,
2.06346 0.590603,
2.06483 0.590615,
2.06594 0.590621,
2.06793 0.590628,
2.06896 0.590559,
2.06999 0.590302,
2.07107 0.590056,
2.07216 0.58981,
2.07329 0.5897,
2.07439 0.589311,
2.0755 0.588922,
2.07658 0.588544,
2.07768 0.588166,
2.07881 0.588096,
2.08 0.587784,
2.0807 0.587466,
2.08155 0.586931,
2.08242 0.586397,
2.08378 0.585924,
2.08483 0.585185,
2.08598 0.584478,
2.08713 0.583771,
2.08798 0.583414,
2.08887 0.582853,
2.0897 0.582289,
2.09054 0.581723,
2.09123 0.581295,
2.09198 0.580511,
2.09287 0.579902,
2.09376 0.579296,
2.09476 0.578638,
2.09549 0.577923,
2.09638 0.576904,
2.09726 0.575886,
2.0981 0.575176,
2.09897 0.574377,
2.09992 0.57362,
2.10097 0.572932,
2.10202 0.572247,
2.10273 0.57194,
2.10419 0.571205,
2.10535 0.570643,
2.10653 0.57008,
2.10774 0.569695,
2.10894 0.56931,
2.11025 0.569183,
2.1115 0.568654,
2.11273 0.568126,
2.11421 0.567665,
2.11542 0.567488,
2.11653 0.567105,
2.11765 0.566722,
2.1187 0.566395,
2.1196 0.565953,
2.12055 0.565539,
2.12152 0.565126,
2.1225 0.564873,
2.12357 0.564373,
2.12452 0.56385,
2.12549 0.563327,
2.12654 0.562904,
2.12746 0.562223,
2.12838 0.561543,
2.12954 0.560946,
2.13121 0.56029,
2.13254 0.560134,
2.13428 0.559437,
2.1353 0.559235,
2.13638 0.558738,
2.13744 0.558258,
2.13853 0.557777,
2.13954 0.557552,
2.14135 0.556898,
2.14241 0.55658,
2.14355 0.555988,
2.14437 0.555399,
2.14601 0.554484,
2.14691 0.554276,
2.14791 0.553859,
2.14892 0.553285,
2.14993 0.55271,
2.15091 0.55225,
2.15189 0.551793,
2.1537 0.550922,
2.15488 0.550345,
2.15645 0.549165,
2.15753 0.548573,
2.15862 0.547542,
2.15958 0.546604,
2.16055 0.545664,
2.16152 0.544723,
2.16236 0.543735,
2.16295 0.542801,
2.16408 0.541338,
2.1646 0.540759,
2.16531 0.539571,
2.16585 0.538433,
2.16637 0.537297,
2.16678 0.536633,
2.16757 0.535058,
2.16801 0.533951,
2.16846 0.532844,
2.16901 0.532105,
2.16946 0.531262,
2.16979 0.530312,
2.16997 0.529285,
2.17016 0.528259,
2.17054 0.527275,
2.17065 0.526151,
2.1707 0.524915,
2.17074 0.523685,
2.17075 0.522507,
2.17075 0.521313,
2.17077 0.520118,
2.17069 0.518916,
2.17031 0.517594,
2.16993 0.516825,
2.16942 0.516106,
2.16838 0.515029,
2.16742 0.514076,
2.16654 0.513179,
2.16564 0.512282,
2.16452 0.511444,
2.16341 0.51088,
2.16229 0.510316,
2.16141 0.510007,
2.16044 0.509837,
2.15947 0.509825,
2.15824 0.509824,
2.15708 0.509819,
2.15589 0.509817,
2.15489 0.509817,
2.15342 0.509827,
2.15209 0.509819,
2.15076 0.50983,
2.14971 0.509824,
2.14868 0.509817,
2.14715 0.509817,
2.14599 0.509827,
2.14484 0.509835,
2.14404 0.509817,
2.14302 0.509951,
2.14191 0.510309,
2.14082 0.510852,
2.13976 0.51139,
2.13864 0.511975,
2.13754 0.512559,
2.13664 0.51294,
2.13579 0.513592,
2.13495 0.514243,
2.13382 0.514778,
2.13282 0.515654,
2.1318 0.516616,
2.13085 0.517551,
2.1301 0.518279,
2.12911 0.519268,
2.12824 0.520146,
2.12731 0.521064,
2.12639 0.521982,
2.12514 0.523212,
2.12393 0.524447,
2.12324 0.525166,
2.12264 0.526151,
2.12186 0.52713,
2.12118 0.527913,
2.12041 0.528729,
2.11963 0.529546,
2.11873 0.530656,
2.11808 0.531627,
2.11734 0.532529,
2.11652 0.533415,
2.1156 0.534373,
2.11467 0.535316,
2.11375 0.536254,
2.11301 0.53699,
2.11173 0.5383,
2.11032 0.539686,
2.10948 0.540547,
2.10866 0.541407,
2.10806 0.541949,
2.10751 0.542569,
2.10701 0.543455,
2.10627 0.544362,
2.10546 0.545267,
2.10412 0.546696,
2.10335 0.547481,
2.10225 0.548596,
2.10127 0.549582,
2.1003 0.55043,
2.09935 0.551278,
2.09818 0.551934,
2.09687 0.552924,
2.09585 0.553421,
2.09471 0.553777,
2.09356 0.554133,
2.09249 0.554364,
2.09151 0.554837,
2.09054 0.555309,
2.08985 0.554504,
"/>
</Transform>

</Section>
