<?xml version="1.0"?>
<!DOCTYPE Section SYSTEM "section.dtd">

<Section index="655" thickness="0.00164" alignLocked="true">
<Transform dim="0"
 xcoef=" 0 1 0 0 0 0"
 ycoef=" 0 0 1 0 0 0">
<Contour name="OuterMembrane" hidden="false" closed="true" simplified="true" border="1 0 0" fill="1 0 0" mode="11"
points="2.21672 0.425441,
2.21618 0.419774,
2.21562 0.414108,
2.21526 0.410048,
2.21293 0.401743,
2.21083 0.396011,
2.20874 0.390279,
2.20483 0.383691,
2.2016 0.377867,
2.19827 0.372331,
2.19435 0.366722,
2.19009 0.361258,
2.18571 0.356954,
2.1811 0.352812,
2.17648 0.348584,
2.17185 0.344357,
2.1657 0.341532,
2.15973 0.338642,
2.1536 0.335903,
2.14732 0.332997,
2.14148 0.330941,
2.13564 0.328884,
2.13011 0.327838,
2.12459 0.326793,
2.11908 0.32524,
2.11368 0.325084,
2.10806 0.324986,
2.1023 0.324856,
2.0959 0.324833,
2.08956 0.324781,
2.08321 0.324728,
2.07675 0.325875,
2.07027 0.327023,
2.06491 0.328441,
2.05927 0.330057,
2.05356 0.332198,
2.04777 0.334662,
2.04241 0.336708,
2.03704 0.338753,
2.03194 0.341189,
2.02665 0.343629,
2.02135 0.346071,
2.01671 0.348507,
2.01207 0.350942,
2.00579 0.355191,
2.00077 0.359283,
1.99588 0.363532,
1.99106 0.367944,
1.98625 0.372355,
1.98324 0.376977,
1.98022 0.381598,
1.97705 0.386043,
1.97389 0.390486,
1.97102 0.395604,
1.9683 0.401278,
1.96597 0.407178,
1.9638 0.413208,
1.96162 0.41924,
1.96026 0.42578,
1.95924 0.432755,
1.95783 0.439071,
1.95657 0.445016,
1.95567 0.450879,
1.95516 0.456914,
1.95475 0.462987,
1.95455 0.46998,
1.95445 0.475851,
1.9544 0.481417,
1.95452 0.486929,
1.95519 0.492922,
1.95608 0.498622,
1.95696 0.504323,
1.95844 0.509879,
1.9619 0.517436,
1.96434 0.52346,
1.96656 0.529333,
1.96867 0.534758,
1.97084 0.540259,
1.97328 0.545844,
1.97574 0.55143,
1.97777 0.555179,
1.98178 0.562438,
1.98404 0.5662,
1.98812 0.5739,
1.99235 0.578913,
1.99667 0.583866,
2.00075 0.588717,
2.00493 0.593605,
2.0099 0.598556,
2.01485 0.603507,
2.02127 0.606841,
2.02712 0.609857,
2.03337 0.612904,
2.03944 0.615216,
2.04552 0.617527,
2.05116 0.619208,
2.05682 0.620891,
2.06263 0.622227,
2.06811 0.622975,
2.07357 0.62352,
2.07904 0.623905,
2.08492 0.62392,
2.09121 0.623016,
2.09751 0.622114,
2.10327 0.619039,
2.10568 0.617745,
2.10456 0.618405,
2.09904 0.621658,
2.10232 0.620382,
2.10758 0.617317,
2.11309 0.614716,
2.11858 0.612115,
2.12473 0.610388,
2.13041 0.608153,
2.13608 0.605918,
2.14158 0.603553,
2.14681 0.600722,
2.15186 0.597168,
2.15671 0.593001,
2.16155 0.588834,
2.16542 0.584437,
2.16946 0.580217,
2.17302 0.576025,
2.17723 0.570951,
2.18179 0.565695,
2.18633 0.56044,
2.1916 0.555635,
2.19773 0.547945,
2.20193 0.540395,
2.20409 0.533348,
2.20634 0.526607,
2.20815 0.521046,
2.21 0.515554,
2.21167 0.509981,
2.21297 0.503644,
2.21428 0.497307,
2.21507 0.492038,
2.21571 0.486521,
2.2162 0.480566,
2.21646 0.47434,
2.21659 0.469119,
2.21661 0.461993,
2.21657 0.454929,
2.21664 0.447825,
2.21667 0.442054,
2.21667 0.43654,
2.21671 0.43099,
"/>
<Contour name="InnerMembrane" hidden="false" closed="true" simplified="true" border="1 0 0" fill="1 0 0" mode="11"
points="2.04577 0.593049,
2.05112 0.594333,
2.05671 0.595046,
2.06248 0.595441,
2.06809 0.596094,
2.07386 0.596543,
2.07931 0.596812,
2.08485 0.596953,
2.09079 0.597062,
2.09681 0.59714,
2.10281 0.597221,
2.10756 0.596235,
2.11296 0.594571,
2.11836 0.592908,
2.12398 0.589565,
2.12926 0.586392,
2.13418 0.58305,
2.13874 0.580106,
2.14296 0.577132,
2.14717 0.574161,
2.15463 0.568444,
2.15755 0.564657,
2.16032 0.560618,
2.16313 0.556378,
2.16621 0.551163,
2.16885 0.546435,
2.17125 0.541912,
2.17334 0.537228,
2.17539 0.532408,
2.17743 0.527586,
2.17887 0.521987,
2.18031 0.516388,
2.18164 0.511632,
2.18297 0.506876,
2.18463 0.501781,
2.1866 0.496479,
2.18838 0.49087,
2.18983 0.485876,
2.19129 0.480884,
2.19194 0.475589,
2.19273 0.470113,
2.19335 0.464476,
2.19376 0.458998,
2.19432 0.452865,
2.19473 0.446362,
2.19483 0.440701,
2.19421 0.435295,
2.1932 0.429813,
2.19184 0.424247,
2.18994 0.418684,
2.18712 0.413342,
2.1845 0.407622,
2.18151 0.401588,
2.17854 0.395557,
2.17515 0.389974,
2.17175 0.384391,
2.16911 0.378724,
2.166 0.374502,
2.16096 0.370038,
2.15457 0.367662,
2.14817 0.365287,
2.14168 0.366214,
2.13512 0.367532,
2.12857 0.368851,
2.12259 0.370291,
2.11688 0.371553,
2.11134 0.372603,
2.10569 0.373359,
2.09984 0.374161,
2.09405 0.375209,
2.08839 0.376523,
2.08308 0.37821,
2.07786 0.37936,
2.07237 0.379906,
2.06707 0.379152,
2.06164 0.377492,
2.0562 0.378294,
2.05074 0.379096,
2.04554 0.379921,
2.04036 0.380744,
2.03121 0.381031,
2.0263 0.381321,
2.02105 0.381894,
2.016 0.383035,
2.01116 0.385213,
2.00664 0.387798,
2.00255 0.391255,
1.99832 0.394559,
1.99391 0.397667,
1.98922 0.400749,
1.98429 0.404363,
1.98084 0.409251,
1.97774 0.414492,
1.97522 0.419807,
1.97341 0.425129,
1.9721 0.430423,
1.97148 0.435796,
1.9721 0.44119,
1.97269 0.446779,
1.9733 0.452366,
1.97351 0.458108,
1.97384 0.464125,
1.97449 0.470032,
1.97471 0.47561,
1.97515 0.48103,
1.97604 0.487303,
1.97746 0.493627,
1.97905 0.500018,
1.98092 0.50613,
1.98356 0.511687,
1.98699 0.517021,
1.99068 0.521953,
1.99337 0.527222,
1.99577 0.533254,
1.99841 0.538471,
2.00105 0.54369,
2.00408 0.54807,
2.00711 0.55245,
2.01023 0.556714,
2.01331 0.561137,
2.01595 0.565748,
2.01859 0.570359,
2.02094 0.574861,
2.02374 0.578995,
2.02747 0.582367,
2.03265 0.58484,
2.03665 0.58843,
2.04121 0.590739,
"/>
<Contour name="CristaeMembrane" hidden="false" closed="true" simplified="true" border="1 0 0" fill="1 0 0" mode="11"
points="2.07449 0.565213,
2.07316 0.564839,
2.0723 0.564752,
2.07002 0.564777,
2.06896 0.564764,
2.06794 0.564762,
2.06678 0.564755,
2.06543 0.564754,
2.0642 0.564772,
2.06299 0.56479,
2.06197 0.564775,
2.06081 0.564778,
2.05963 0.564782,
2.0584 0.564768,
2.05735 0.564762,
2.0563 0.56476,
2.05513 0.564777,
2.05399 0.564791,
2.05313 0.564752,
2.05221 0.564846,
2.05113 0.565147,
2.05023 0.565595,
2.04931 0.566041,
2.04806 0.566676,
2.04682 0.567309,
2.0457 0.567866,
2.04459 0.568424,
2.04349 0.568983,
2.0427 0.569677,
2.04193 0.570312,
2.04116 0.570946,
2.04047 0.571284,
2.03983 0.571707,
2.03919 0.572263,
2.03865 0.572901,
2.03813 0.573893,
2.0376 0.574891,
2.03709 0.575852,
2.0366 0.576814,
2.03552 0.578438,
2.03483 0.579532,
2.03411 0.580439,
2.03324 0.581164,
2.03237 0.581888,
2.03135 0.582339,
2.03024 0.582572,
2.02911 0.582805,
2.02809 0.582799,
2.02611 0.582831,
2.02506 0.582859,
2.02401 0.582886,
2.02322 0.582797,
2.02125 0.582802,
2.01948 0.582825,
2.01827 0.582818,
2.01664 0.583202,
2.01556 0.583409,
2.01448 0.583617,
2.01361 0.583717,
2.01256 0.583978,
2.01131 0.584253,
2.01008 0.584529,
2.00911 0.584432,
2.00793 0.584526,
2.00629 0.584936,
2.00518 0.585213,
2.00405 0.58549,
2.00323 0.585798,
2.00229 0.586259,
2.00126 0.586785,
2.00024 0.587312,
1.9987 0.588093,
1.99772 0.58857,
1.99667 0.589365,
1.99611 0.58998,
1.99565 0.590666,
1.99462 0.592291,
1.9937 0.593229,
1.99276 0.594167,
1.99226 0.594956,
1.99185 0.59591,
1.99145 0.597127,
1.99106 0.598049,
1.99066 0.598969,
1.98993 0.60046,
1.98947 0.601421,
1.98914 0.602759,
1.98909 0.603635,
1.98911 0.605514,
1.98911 0.606767,
1.98911 0.608022,
1.98911 0.609749,
1.98909 0.610807,
1.98909 0.611864,
1.98916 0.612625,
1.98932 0.613371,
1.98994 0.615154,
1.98993 0.616332,
1.99004 0.617083,
1.99025 0.617814,
1.99058 0.618782,
1.99091 0.619749,
1.9914 0.621027,
1.99194 0.622287,
1.99249 0.623544,
1.99293 0.624909,
1.99339 0.625722,
1.99403 0.62651,
1.99478 0.627498,
1.99537 0.628359,
1.99596 0.62922,
1.99644 0.630188,
1.9969 0.631154,
1.99722 0.631838,
1.99765 0.632504,
1.99842 0.633314,
1.99919 0.634126,
2.00028 0.635182,
2.00165 0.636474,
2.00249 0.637424,
2.00311 0.637926,
2.00439 0.638626,
2.00562 0.639367,
2.00652 0.640048,
2.00744 0.640728,
2.00823 0.641524,
2.00902 0.642317,
2.00969 0.642854,
2.01059 0.643328,
2.01151 0.643802,
2.01248 0.644302,
2.01346 0.644804,
2.01431 0.645199,
2.01541 0.645491,
2.01677 0.645589,
2.01813 0.645686,
2.01882 0.646216,
2.01973 0.646708,
2.02105 0.647113,
2.02194 0.647206,
2.02297 0.647331,
2.02414 0.647552,
2.0253 0.647774,
2.02624 0.647975,
2.02747 0.648003,
2.0287 0.64803,
2.02998 0.648138,
2.03119 0.648318,
2.0324 0.6485,
2.03398 0.64892,
2.03498 0.64936,
2.03629 0.64964,
2.03732 0.649653,
2.03844 0.649852,
2.03955 0.650048,
2.04036 0.650312,
2.04154 0.65038,
2.04272 0.650447,
2.04449 0.65046,
2.04575 0.650463,
2.04702 0.650467,
2.04887 0.650383,
2.05016 0.650394,
2.05146 0.650406,
2.05251 0.650435,
2.05354 0.650463,
2.05512 0.650457,
2.05622 0.650473,
2.05733 0.65049,
2.05904 0.650434,
2.06027 0.650431,
2.06151 0.650427,
2.06246 0.650209,
2.06356 0.649939,
2.06466 0.649668,
2.06542 0.649634,
2.0662 0.649494,
2.0673 0.649112,
2.0684 0.648732,
2.06917 0.64852,
2.06993 0.648205,
2.07084 0.647618,
2.07181 0.64669,
2.07276 0.645763,
2.07373 0.644797,
2.07471 0.643833,
2.07547 0.642914,
2.07603 0.642011,
2.0766 0.641106,
2.07711 0.640451,
2.07757 0.63963,
2.07791 0.638667,
2.07818 0.637457,
2.07862 0.636222,
2.07908 0.634985,
2.07944 0.634145,
2.07973 0.633193,
2.08003 0.632241,
2.08039 0.631238,
2.08067 0.62933,
2.08106 0.628445,
2.08131 0.627507,
2.08134 0.62558,
2.08134 0.624397,
2.08137 0.623236,
2.08142 0.622075,
2.08185 0.621145,
2.08211 0.620159,
2.08216 0.619095,
2.08218 0.617616,
2.08219 0.616276,
2.08218 0.615207,
2.08216 0.614139,
2.08218 0.612376,
2.08219 0.6111,
2.08219 0.609991,
2.08219 0.608909,
2.08219 0.607686,
2.08219 0.606462,
2.08209 0.605627,
2.08173 0.604634,
2.08155 0.603504,
2.08147 0.602085,
2.08142 0.600773,
2.08139 0.599461,
2.08139 0.59822,
2.08139 0.597016,
2.08136 0.595056,
2.0817 0.593972,
2.08236 0.593211,
2.08303 0.59245,
2.08401 0.591737,
2.08501 0.591023,
2.08618 0.5904,
2.08713 0.589511,
2.0879 0.588778,
2.08867 0.588045,
2.08925 0.587386,
2.08974 0.58659,
2.09021 0.585624,
2.0907 0.584658,
2.09113 0.583304,
2.09121 0.582551,
2.09123 0.581246,
2.09123 0.580104,
2.09123 0.578963,
2.09121 0.577469,
2.09121 0.575975,
2.09102 0.574868,
2.0907 0.574028,
2.09026 0.573211,
2.08951 0.572357,
2.08815 0.570932,
2.08711 0.569884,
2.08608 0.568834,
2.085 0.568029,
2.08362 0.567368,
2.0828 0.56692,
2.08178 0.566568,
2.08064 0.566479,
2.07957 0.566436,
2.07852 0.566422,
2.07599 0.566159,
2.07501 0.565482,
"/>
<Contour name="CristaeMembrane" hidden="false" closed="true" simplified="true" border="1 0 0" fill="1 0 0" mode="11"
points="2.13735 0.512264,
2.1364 0.513769,
2.13484 0.514045,
2.13334 0.514588,
2.13228 0.515135,
2.13123 0.515683,
2.12972 0.516976,
2.12879 0.517592,
2.12765 0.518348,
2.12698 0.518919,
2.12585 0.51965,
2.1247 0.520382,
2.1238 0.521289,
2.1229 0.522194,
2.12191 0.523155,
2.12093 0.524114,
2.11967 0.524725,
2.11842 0.525335,
2.11744 0.526022,
2.11662 0.526889,
2.11598 0.527903,
2.1144 0.529021,
2.11325 0.529574,
2.11199 0.530048,
2.11075 0.530522,
2.10981 0.53086,
2.1082 0.531668,
2.1065 0.532518,
2.10546 0.533138,
2.10422 0.534079,
2.10322 0.534571,
2.10222 0.535063,
2.1011 0.535806,
2.09951 0.536844,
2.09846 0.537738,
2.09758 0.538401,
2.09669 0.539061,
2.09569 0.539647,
2.09456 0.540578,
2.09344 0.541512,
2.09277 0.541867,
2.09216 0.542304,
2.0913 0.543173,
2.09074 0.54419,
2.09016 0.545211,
2.08966 0.546194,
2.08915 0.547176,
2.08877 0.547911,
2.08851 0.548692,
2.08834 0.549608,
2.08833 0.550945,
2.08833 0.552021,
2.08774 0.553439,
2.08754 0.554318,
2.08754 0.555573,
2.08752 0.556813,
2.08751 0.558067,
2.08749 0.55932,
2.08757 0.560199,
2.08803 0.56128,
2.08849 0.562363,
2.08928 0.563632,
2.09007 0.564759,
2.0909 0.565764,
2.09172 0.566771,
2.09266 0.567515,
2.09395 0.567984,
2.09526 0.568452,
2.09682 0.568444,
2.09818 0.568462,
2.09953 0.568475,
2.10081 0.568475,
2.1021 0.568481,
2.10319 0.568485,
2.10515 0.568486,
2.10615 0.568363,
2.10724 0.568029,
2.10832 0.567497,
2.10938 0.566958,
2.11045 0.566418,
2.11139 0.565959,
2.11232 0.565498,
2.11334 0.564909,
2.11421 0.564096,
2.11508 0.563284,
2.11631 0.562446,
2.11754 0.561608,
2.11824 0.561315,
2.11975 0.560226,
2.12073 0.559996,
2.12182 0.559517,
2.12278 0.558833,
2.12378 0.558189,
2.1248 0.557546,
2.12644 0.556724,
2.12733 0.556363,
2.12818 0.555812,
2.12903 0.555261,
2.13033 0.554897,
2.13161 0.554535,
2.13271 0.554353,
2.13371 0.553992,
2.13472 0.553631,
2.13572 0.553352,
2.13669 0.552888,
2.13766 0.552211,
2.13861 0.551535,
2.13969 0.550779,
2.14077 0.550023,
2.1424 0.549213,
2.14325 0.548792,
2.14409 0.54808,
2.14502 0.547352,
2.14597 0.546625,
2.14706 0.545794,
2.14802 0.545036,
2.14899 0.544278,
2.15001 0.543749,
2.15079 0.543145,
2.15142 0.542484,
2.15194 0.541702,
2.15258 0.540793,
2.15322 0.539883,
2.15419 0.538773,
2.15466 0.537918,
2.15501 0.536813,
2.15547 0.535663,
2.15593 0.534514,
2.15632 0.533761,
2.15667 0.532764,
2.15693 0.53158,
2.15719 0.530396,
2.1574 0.529051,
2.1575 0.527765,
2.15757 0.52646,
2.15763 0.525154,
2.15752 0.524106,
2.15739 0.52306,
2.15655 0.521336,
2.15611 0.520301,
2.15527 0.519309,
2.15445 0.518317,
2.15324 0.517105,
2.15242 0.516482,
2.15153 0.516028,
2.15063 0.515573,
2.14907 0.515152,
2.14763 0.514461,
2.14628 0.514215,
2.14496 0.513968,
2.14381 0.513423,
2.14258 0.513136,
2.14113 0.512534,
2.14007 0.51241,
2.13897 0.512341,
"/>
</Transform>

</Section>
