<?xml version="1.0"?>
<!DOCTYPE Section SYSTEM "section.dtd">

<Section index="637" thickness="0.00164" alignLocked="true">
<Transform dim="0"
 xcoef=" 0 1 0 0 0 0"
 ycoef=" 0 0 1 0 0 0">
<Contour name="OuterMembrane" hidden="false" closed="true" simplified="true" border="1 0 0" fill="1 0 0" mode="11"
points="2.0388 0.619031,
2.04464 0.622514,
2.05062 0.625084,
2.05659 0.627656,
2.06233 0.629749,
2.06807 0.631841,
2.0754 0.632233,
2.08195 0.63244,
2.08769 0.632522,
2.09338 0.632581,
2.09881 0.632095,
2.10425 0.631612,
2.10997 0.630477,
2.1157 0.629342,
2.12188 0.627548,
2.12805 0.625753,
2.13289 0.624054,
2.14138 0.621576,
2.14642 0.618797,
2.15104 0.616056,
2.15634 0.612884,
2.16165 0.609711,
2.16554 0.606352,
2.17052 0.602721,
2.17536 0.599122,
2.1802 0.595522,
2.18466 0.591546,
2.18909 0.586863,
2.19293 0.581798,
2.19706 0.577016,
2.20118 0.572234,
2.20505 0.566715,
2.20865 0.56117,
2.21205 0.556157,
2.21543 0.551143,
2.2181 0.54663,
2.22113 0.542241,
2.22417 0.537854,
2.22742 0.533481,
2.22969 0.528429,
2.23197 0.523378,
2.23355 0.51821,
2.23511 0.513041,
2.23666 0.507952,
2.23799 0.502106,
2.23957 0.496029,
2.24116 0.489955,
2.24186 0.484023,
2.24272 0.473758,
2.24286 0.468651,
2.24303 0.463515,
2.24318 0.458378,
2.24208 0.451749,
2.24099 0.445121,
2.23978 0.439833,
2.23857 0.434662,
2.23737 0.429491,
2.23607 0.424381,
2.23335 0.419236,
2.23053 0.414325,
2.22769 0.409411,
2.22476 0.404616,
2.22163 0.399391,
2.21849 0.394167,
2.21536 0.390066,
2.212 0.386,
2.20836 0.381695,
2.20452 0.377326,
2.2007 0.372956,
2.19686 0.36922,
2.19255 0.364843,
2.18809 0.360521,
2.18325 0.356588,
2.17823 0.353067,
2.17323 0.34983,
2.16823 0.346591,
2.1626 0.344184,
2.15647 0.34186,
2.15034 0.339536,
2.14386 0.337322,
2.13738 0.335106,
2.13215 0.334201,
2.12616 0.333556,
2.12 0.33313,
2.11437 0.332946,
2.10873 0.332845,
2.10274 0.333371,
2.09676 0.333896,
2.09111 0.335162,
2.08578 0.336166,
2.08045 0.337169,
2.07632 0.337804,
2.06811 0.339324,
2.06069 0.341945,
2.05433 0.343826,
2.04851 0.345835,
2.04296 0.347677,
2.03749 0.349518,
2.03199 0.35136,
2.0243 0.354137,
2.01823 0.357723,
2.01294 0.360957,
2.00766 0.364192,
2.00301 0.368767,
1.99888 0.37341,
1.9947 0.377859,
1.99086 0.381902,
1.98704 0.385944,
1.98355 0.391329,
1.98014 0.396542,
1.97699 0.402121,
1.97382 0.407701,
1.9719 0.412562,
1.96971 0.417428,
1.96761 0.422408,
1.96556 0.427479,
1.96351 0.43255,
1.96141 0.437391,
1.95931 0.442233,
1.95801 0.44668,
1.95726 0.453947,
1.95645 0.460071,
1.95565 0.466193,
1.9554 0.47436,
1.95537 0.481296,
1.95537 0.487884,
1.95636 0.494244,
1.9579 0.500559,
1.95942 0.506875,
1.96108 0.513751,
1.96315 0.519426,
1.9652 0.525123,
1.96723 0.530491,
1.9719 0.540719,
1.97705 0.550241,
1.98023 0.554868,
1.98342 0.559496,
1.98742 0.564147,
1.99142 0.5688,
1.99599 0.573879,
2.00075 0.578904,
2.00477 0.583041,
2.00872 0.586894,
2.01277 0.59099,
2.01682 0.595087,
2.02096 0.599087,
2.02443 0.603195,
2.02791 0.607303,
2.03285 0.613399,
"/>
<Contour name="InnerMembrane" hidden="false" closed="true" simplified="true" border="1 0 0" fill="1 0 0" mode="11"
points="2.02857 0.579422,
2.02822 0.579332,
2.0284 0.57945,
2.03312 0.581987,
2.03783 0.584526,
2.0431 0.587948,
2.04854 0.591696,
2.054 0.595445,
2.06045 0.599799,
2.06361 0.602167,
2.06853 0.604514,
2.0735 0.606461,
2.07845 0.608406,
2.08483 0.609224,
2.09136 0.609806,
2.09789 0.610387,
2.10319 0.609093,
2.10848 0.607799,
2.11693 0.605665,
2.12318 0.60341,
2.12921 0.600929,
2.13526 0.598449,
2.14035 0.595523,
2.14522 0.592038,
2.1502 0.588609,
2.15562 0.584981,
2.1609 0.581519,
2.16619 0.578057,
2.17174 0.57474,
2.17592 0.569925,
2.17979 0.564832,
2.18366 0.55974,
2.18655 0.553958,
2.18974 0.548173,
2.19294 0.542277,
2.19612 0.536383,
2.19817 0.530881,
2.1999 0.52518,
2.2014 0.519749,
2.2027 0.514345,
2.20357 0.508177,
2.20505 0.502376,
2.20659 0.49704,
2.20801 0.491616,
2.20944 0.486194,
2.21042 0.479916,
2.21123 0.473909,
2.2119 0.467967,
2.21218 0.461793,
2.21238 0.45604,
2.21252 0.450551,
2.21269 0.445063,
2.21118 0.437783,
2.20969 0.430503,
2.2068 0.424658,
2.20377 0.419299,
2.20044 0.41433,
2.19685 0.409631,
2.19325 0.404932,
2.18999 0.400034,
2.18673 0.395137,
2.1834 0.389692,
2.17851 0.385288,
2.17362 0.380883,
2.16818 0.376752,
2.16221 0.372995,
2.15662 0.371121,
2.15104 0.369248,
2.14337 0.368672,
2.13769 0.369189,
2.13203 0.369705,
2.12644 0.370443,
2.12111 0.370494,
2.11573 0.370596,
2.10956 0.37076,
2.10422 0.372187,
2.09774 0.373049,
2.09128 0.373912,
2.08503 0.373951,
2.07903 0.372683,
2.07332 0.372019,
2.06788 0.371575,
2.06156 0.37146,
2.05554 0.371307,
2.04998 0.371245,
2.04441 0.371184,
2.03832 0.372088,
2.03207 0.373628,
2.02709 0.375293,
2.01992 0.379389,
2.01428 0.383913,
2.00862 0.388437,
2.00493 0.393787,
2.00123 0.399137,
1.99845 0.403921,
1.99573 0.408745,
1.99319 0.413598,
1.99071 0.418371,
1.98824 0.423143,
1.98638 0.428583,
1.98479 0.43389,
1.9835 0.440286,
1.98269 0.446931,
1.98146 0.453504,
1.98041 0.460191,
1.97958 0.467049,
1.97907 0.473971,
1.97871 0.480912,
1.9792 0.49467,
1.98296 0.507601,
1.98535 0.513807,
1.98775 0.520013,
1.9894 0.526494,
1.99121 0.531655,
1.99549 0.539116,
1.99929 0.54558,
2.00298 0.551142,
2.0069 0.556723,
2.01046 0.561711,
2.01392 0.566071,
2.0174 0.57043,
2.02112 0.57451,
2.02525 0.577679,
"/>
<Contour name="CristaeMembrane" hidden="false" closed="true" simplified="true" border="1 0 0" fill="1 0 0" mode="11"
points="2.05754 0.536195,
2.05728 0.534323,
2.05697 0.533607,
2.0564 0.53268,
2.05608 0.531517,
2.05577 0.530353,
2.05559 0.529034,
2.05551 0.527768,
2.05553 0.52645,
2.05554 0.52513,
2.05553 0.523621,
2.05546 0.522437,
2.05538 0.521254,
2.05487 0.519724,
2.05469 0.518473,
2.05433 0.517371,
2.05395 0.516269,
2.05351 0.515109,
2.05307 0.513758,
2.05308 0.512659,
2.05331 0.511582,
2.05364 0.510734,
2.0541 0.509943,
2.05402 0.508149,
2.05335 0.506724,
2.05266 0.505299,
2.05244 0.504249,
2.05195 0.50307,
2.05125 0.502053,
2.05052 0.501038,
2.04977 0.499957,
2.04918 0.498922,
2.04887 0.49786,
2.04872 0.496777,
2.04857 0.495695,
2.04854 0.494562,
2.04841 0.493822,
2.04818 0.493105,
2.04765 0.491644,
2.04728 0.490453,
2.04657 0.489227,
2.0456 0.487928,
2.04518 0.487128,
2.04451 0.486373,
2.04374 0.485556,
2.04308 0.483684,
2.04247 0.48268,
2.04173 0.48186,
2.04072 0.480855,
2.03982 0.479949,
2.03895 0.479077,
2.03808 0.478206,
2.03734 0.477501,
2.03632 0.476873,
2.03547 0.47621,
2.0346 0.475548,
2.03355 0.474841,
2.03248 0.474135,
2.03168 0.473889,
2.03055 0.473832,
2.02935 0.473785,
2.02794 0.473762,
2.02679 0.473748,
2.02578 0.47374,
2.02474 0.473735,
2.02368 0.473737,
2.02261 0.473739,
2.02137 0.473944,
2.02061 0.474203,
2.01991 0.474559,
2.01895 0.475083,
2.01799 0.47561,
2.01671 0.476151,
2.01605 0.476581,
2.0153 0.477301,
2.01443 0.47816,
2.01369 0.478875,
2.01267 0.479898,
2.01166 0.480904,
2.01066 0.481907,
2.00964 0.482911,
2.0089 0.483841,
2.00803 0.485556,
2.00769 0.486211,
2.00744 0.487462,
2.00729 0.488736,
2.00721 0.489812,
2.00718 0.491314,
2.00715 0.492625,
2.00715 0.493717,
2.00715 0.494736,
2.00715 0.495815,
2.00715 0.497012,
2.00715 0.498035,
2.00715 0.499057,
2.00713 0.500082,
2.00713 0.501315,
2.00713 0.502357,
2.00713 0.5034,
2.00718 0.504292,
2.00746 0.505451,
2.0078 0.506473,
2.00816 0.507495,
2.00849 0.508421,
2.00898 0.509395,
2.00946 0.510371,
2.0101 0.511564,
2.01072 0.512756,
2.01102 0.513468,
2.01184 0.515139,
2.01249 0.51617,
2.01317 0.517645,
2.01366 0.518686,
2.01423 0.51977,
2.01479 0.520853,
2.01533 0.522027,
2.01589 0.523203,
2.01645 0.524328,
2.017 0.525453,
2.01713 0.526197,
2.01736 0.526921,
2.01789 0.528,
2.01841 0.52908,
2.01892 0.529973,
2.01945 0.530865,
2.01953 0.531627,
2.01973 0.532372,
2.02056 0.534061,
2.02105 0.535127,
2.02156 0.536193,
2.02219 0.53718,
2.02281 0.538169,
2.02307 0.539125,
2.02348 0.540026,
2.02412 0.540893,
2.02478 0.541759,
2.0253 0.542853,
2.02591 0.544054,
2.0265 0.545252,
2.02719 0.546433,
2.02807 0.54748,
2.02883 0.548582,
2.02958 0.549684,
2.02988 0.550394,
2.03057 0.551703,
2.03124 0.553013,
2.03173 0.554018,
2.03227 0.555074,
2.03283 0.556129,
2.03381 0.557406,
2.03421 0.558179,
2.03496 0.559063,
2.03567 0.559821,
2.03636 0.560598,
2.03704 0.561377,
2.03765 0.562541,
2.03859 0.56364,
2.03944 0.564294,
2.04047 0.565013,
2.04129 0.565661,
2.04211 0.566308,
2.04283 0.56682,
2.04437 0.567691,
2.04483 0.568245,
2.04559 0.568996,
2.04634 0.569749,
2.04765 0.570973,
2.04879 0.572194,
2.04954 0.572914,
2.05067 0.573542,
2.0518 0.574172,
2.05333 0.574989,
2.05399 0.57577,
2.05487 0.576496,
2.05648 0.577298,
2.0573 0.577765,
2.05848 0.578033,
2.05956 0.578589,
2.06041 0.579186,
2.06128 0.579784,
2.0621 0.580489,
2.06337 0.581182,
2.06504 0.581872,
2.06606 0.582426,
2.06706 0.582979,
2.06799 0.583463,
2.06893 0.583948,
2.07007 0.584521,
2.07132 0.584937,
2.07253 0.585462,
2.07375 0.585985,
2.07471 0.58633,
2.07572 0.586507,
2.07721 0.58649,
2.07862 0.586505,
2.0797 0.586512,
2.08113 0.586518,
2.08239 0.586525,
2.08365 0.58653,
2.085 0.586369,
2.08577 0.586129,
2.08734 0.585698,
2.08834 0.585678,
2.08959 0.585411,
2.09029 0.585124,
2.09189 0.584824,
2.0929 0.584578,
2.0939 0.584307,
2.0949 0.584037,
2.09589 0.583848,
2.09702 0.583464,
2.09815 0.583082,
2.09986 0.582394,
2.101 0.582149,
2.10215 0.581764,
2.1033 0.581378,
2.10456 0.58105,
2.10583 0.580722,
2.10681 0.580491,
2.10796 0.580106,
2.10911 0.57972,
2.10996 0.579394,
2.11075 0.578943,
2.11189 0.578535,
2.11306 0.578125,
2.11407 0.577762,
2.11509 0.5774,
2.11604 0.577039,
2.11699 0.576678,
2.11831 0.576025,
2.11962 0.575373,
2.12141 0.5748,
2.12252 0.574287,
2.12364 0.573772,
2.12441 0.573387,
2.12608 0.572555,
2.12726 0.572306,
2.12898 0.571458,
2.12992 0.571055,
2.13084 0.570441,
2.13208 0.569561,
2.13282 0.569147,
2.13349 0.568634,
2.13448 0.56784,
2.13548 0.567046,
2.13633 0.566415,
2.1374 0.565456,
2.13828 0.564618,
2.13922 0.563714,
2.14015 0.56281,
2.14109 0.561866,
2.14199 0.560972,
2.14289 0.560078,
2.14373 0.558953,
2.14427 0.557874,
2.14491 0.556823,
2.14571 0.555794,
2.14653 0.554766,
2.1476 0.55392,
2.14866 0.553074,
2.14986 0.55227,
2.15106 0.551468,
2.15173 0.551071,
2.15261 0.550617,
2.1535 0.550164,
2.15485 0.549539,
2.15552 0.549047,
2.15671 0.547752,
2.15765 0.547111,
2.15858 0.546471,
2.1596 0.545754,
2.16062 0.545038,
2.16168 0.5444,
2.16275 0.543762,
2.16411 0.543294,
2.16526 0.542573,
2.166 0.541859,
2.16687 0.541043,
2.16772 0.540227,
2.16862 0.53969,
2.16956 0.539078,
2.17047 0.538466,
2.1717 0.537748,
2.17282 0.536665,
2.17384 0.535665,
2.17484 0.534666,
2.17584 0.533669,
2.17633 0.533031,
2.17708 0.531942,
2.17784 0.530852,
2.17863 0.529974,
2.17925 0.528829,
2.17986 0.527713,
2.18046 0.526597,
2.18133 0.52551,
2.18207 0.524003,
2.18264 0.523096,
2.18322 0.522191,
2.18382 0.521117,
2.18443 0.520044,
2.18504 0.518901,
2.18566 0.517758,
2.18637 0.516324,
2.18714 0.514752,
2.18763 0.513732,
2.18794 0.512502,
2.18817 0.511516,
2.18842 0.51053,
2.18869 0.5092,
2.18896 0.50787,
2.18927 0.507147,
2.18978 0.505397,
2.19025 0.504179,
2.19035 0.502957,
2.19061 0.501804,
2.19089 0.500653,
2.19124 0.499232,
2.19122 0.498112,
2.19142 0.497063,
2.1916 0.496013,
2.19194 0.494988,
2.19199 0.493842,
2.19204 0.492528,
2.19206 0.491374,
2.19207 0.490291,
2.19207 0.489081,
2.19209 0.487872,
2.19204 0.486244,
2.19206 0.485109,
2.19209 0.483974,
2.19196 0.482555,
2.19173 0.481743,
2.19124 0.480746,
2.19076 0.479751,
2.19004 0.478342,
2.18958 0.477425,
2.18894 0.476522,
2.18838 0.47541,
2.18784 0.474299,
2.18763 0.473547,
2.18701 0.471777,
2.18656 0.470514,
2.1861 0.469734,
2.18537 0.46893,
2.18502 0.467874,
2.18487 0.466808,
2.18479 0.465491,
2.18474 0.464387,
2.18476 0.463244,
2.18478 0.462103,
2.1851 0.461022,
2.18541 0.45994,
2.18594 0.458929,
2.1863 0.457788,
2.18668 0.456647,
2.18684 0.454762,
2.18763 0.453052,
2.18817 0.45123,
2.18865 0.449924,
2.18884 0.448888,
2.18904 0.447851,
2.18947 0.446682,
2.18955 0.445527,
2.18958 0.444409,
2.1896 0.443171,
2.18961 0.441885,
2.18961 0.440545,
2.18961 0.439482,
2.18961 0.438418,
2.18961 0.437385,
2.18942 0.436317,
2.18902 0.435249,
2.18853 0.434436,
2.18796 0.433606,
2.18737 0.432776,
2.18656 0.431766,
2.18576 0.430754,
2.1845 0.429626,
2.18312 0.428991,
2.18207 0.428419,
2.181 0.427846,
2.18017 0.427427,
2.17926 0.427145,
2.17751 0.426531,
2.17644 0.426252,
2.17449 0.426172,
2.17369 0.426247,
2.17272 0.426485,
2.17174 0.426753,
2.17075 0.427022,
2.16947 0.427299,
2.16872 0.42761,
2.16723 0.427809,
2.16573 0.428007,
2.16464 0.428417,
2.16346 0.429427,
2.16239 0.430405,
2.16132 0.431384,
2.16024 0.432378,
2.15944 0.433623,
2.15839 0.435123,
2.1577 0.436286,
2.15734 0.437418,
2.15686 0.438461,
2.15622 0.439379,
2.15558 0.440296,
2.15489 0.441163,
2.15434 0.442224,
2.15401 0.443274,
2.15368 0.444324,
2.15329 0.445309,
2.15289 0.446295,
2.1524 0.446951,
2.15153 0.448676,
2.15081 0.449749,
2.15009 0.450821,
2.14968 0.451497,
2.14881 0.452832,
2.14827 0.453553,
2.14781 0.454452,
2.14735 0.455351,
2.1465 0.456481,
2.14566 0.457611,
2.14482 0.458767,
2.14386 0.459904,
2.14289 0.46104,
2.14168 0.461704,
2.14086 0.46247,
2.14012 0.46317,
2.1394 0.463889,
2.13866 0.464609,
2.13792 0.465358,
2.13718 0.466108,
2.13584 0.467006,
2.13507 0.467477,
2.13438 0.468059,
2.13372 0.468814,
2.13305 0.469863,
2.13238 0.470913,
2.13187 0.471602,
2.13141 0.472514,
2.13085 0.473553,
2.12979 0.475146,
2.12838 0.476541,
2.12775 0.477374,
2.12726 0.478322,
2.12677 0.479272,
2.12629 0.480215,
2.1258 0.481245,
2.12529 0.482273,
2.1248 0.483259,
2.1246 0.484477,
2.12439 0.485696,
2.12395 0.486634,
2.12365 0.487775,
2.12341 0.488776,
2.12318 0.489778,
2.12285 0.490893,
2.12282 0.492039,
2.12254 0.493875,
2.12193 0.494729,
2.12139 0.495916,
2.12127 0.496925,
2.12114 0.497932,
2.12029 0.499629,
2.11947 0.50101,
2.11883 0.501809,
2.11837 0.502703,
2.11791 0.503596,
2.11739 0.504626,
2.11686 0.505658,
2.11612 0.507136,
2.1156 0.50817,
2.11503 0.509317,
2.11445 0.510461,
2.11414 0.511155,
2.1138 0.512223,
2.11345 0.513292,
2.11316 0.514073,
2.11298 0.514886,
2.11245 0.516447,
2.11191 0.518007,
2.11142 0.519347,
2.11102 0.520751,
2.11063 0.522155,
2.11001 0.522862,
2.10948 0.523703,
2.10914 0.524793,
2.10873 0.525863,
2.10832 0.526932,
2.1075 0.527832,
2.10696 0.528866,
2.1064 0.529899,
2.10584 0.530771,
2.10515 0.531603,
2.10448 0.532434,
2.10379 0.533623,
2.1032 0.534752,
2.10264 0.535773,
2.10209 0.536795,
2.1011 0.53636,
2.09994 0.536096,
2.09868 0.536093,
2.0974 0.535808,
2.09612 0.535521,
2.09531 0.535321,
2.0941 0.535278,
2.09284 0.535257,
2.09182 0.535245,
2.09005 0.53527,
2.089 0.535252,
2.08779 0.535245,
2.08677 0.535242,
2.08519 0.535237,
2.08369 0.53525,
2.08218 0.535263,
2.08123 0.535442,
2.08018 0.535754,
2.07911 0.536064,
2.07804 0.536237,
2.07701 0.536557,
2.07598 0.536875,
2.07476 0.537054,
2.07367 0.537379,
2.07258 0.537536,
2.07148 0.537692,
2.07042 0.537722,
2.06937 0.537751,
2.06838 0.538036,
2.06668 0.538653,
2.06555 0.53915,
2.06442 0.539645,
2.06322 0.54005,
2.062 0.540457,
2.06069 0.54061,
2.0594 0.5404,
2.05761 0.539717,
2.05759 0.538632,
2.05758 0.537546,
"/>
<Contour name="CristaeMembrane" hidden="false" closed="true" simplified="true" border="1 0 0" fill="1 0 0" mode="11"
points="2.17221 0.511568,
2.17231 0.510542,
2.17236 0.509389,
2.17238 0.508018,
2.17239 0.506868,
2.17239 0.50582,
2.17241 0.504733,
2.17239 0.503467,
2.17239 0.502406,
2.17241 0.500443,
2.17236 0.499475,
2.17215 0.498437,
2.17179 0.497373,
2.17141 0.49631,
2.17106 0.495308,
2.17054 0.49436,
2.16977 0.493517,
2.16893 0.492134,
2.16867 0.491329,
2.16828 0.490572,
2.16737 0.48941,
2.16652 0.488702,
2.16523 0.488041,
2.16382 0.487856,
2.16268 0.487764,
2.16157 0.48767,
2.16019 0.487674,
2.15895 0.487675,
2.15772 0.487677,
2.15694 0.48769,
2.15614 0.487808,
2.15522 0.488089,
2.15427 0.488558,
2.15325 0.489091,
2.15224 0.489624,
2.15153 0.489907,
2.15009 0.49064,
2.14925 0.491087,
2.14851 0.491656,
2.14747 0.492825,
2.14632 0.493907,
2.14517 0.49499,
2.14456 0.495641,
2.14404 0.496426,
2.14355 0.497502,
2.1434 0.498762,
2.14333 0.500084,
2.14305 0.501197,
2.14277 0.502311,
2.14256 0.503036,
2.1421 0.504667,
2.14146 0.505637,
2.141 0.506793,
2.14091 0.507998,
2.14086 0.509297,
2.14082 0.510322,
2.14081 0.51168,
2.14081 0.512892,
2.14081 0.514066,
2.14079 0.51524,
2.14095 0.516384,
2.14135 0.517472,
2.14186 0.519114,
2.14218 0.519972,
2.14287 0.521333,
2.14325 0.522091,
2.14374 0.522786,
2.14455 0.523596,
2.14542 0.524472,
2.14628 0.525349,
2.14701 0.526074,
2.14806 0.52667,
2.14912 0.527263,
2.15012 0.527788,
2.15112 0.528311,
2.15263 0.528692,
2.15412 0.529071,
2.15486 0.52913,
2.15562 0.529094,
2.15635 0.528964,
2.15686 0.528757,
2.15665 0.528887,
2.15765 0.528365,
2.15867 0.527844,
2.1605 0.527457,
2.16157 0.527249,
2.16247 0.526901,
2.16337 0.52636,
2.16416 0.52562,
2.16496 0.524849,
2.16577 0.524077,
2.16696 0.522835,
2.16772 0.521656,
2.16828 0.520482,
2.16883 0.519386,
2.16928 0.518458,
2.16972 0.517528,
2.17021 0.516572,
2.1707 0.515616,
2.17115 0.514742,
2.17147 0.513712,
2.17179 0.512684,
"/>
</Transform>

</Section>
