<?xml version="1.0"?>
<!DOCTYPE Section SYSTEM "section.dtd">

<Section index="619" thickness="0.00164" alignLocked="true">
<Transform dim="0"
 xcoef=" 0 1 0 0 0 0"
 ycoef=" 0 0 1 0 0 0">
<Contour name="OuterMembrane" hidden="false" closed="true" simplified="true" border="1 0 0" fill="1 0 0" mode="11"
points="2.09981 0.622045,
2.10483 0.620947,
2.10973 0.6197,
2.11452 0.618403,
2.11929 0.617106,
2.12393 0.615474,
2.12856 0.613842,
2.13426 0.610834,
2.14035 0.608368,
2.14512 0.606308,
2.1513 0.602961,
2.15667 0.599527,
2.16178 0.596181,
2.16685 0.59284,
2.17177 0.589575,
2.1768 0.586134,
2.18125 0.582576,
2.18569 0.579018,
2.18961 0.575712,
2.1938 0.570294,
2.19837 0.565101,
2.20193 0.561137,
2.20577 0.556377,
2.21008 0.551401,
2.21346 0.547043,
2.21682 0.542706,
2.22005 0.538091,
2.22328 0.533477,
2.22561 0.528787,
2.22796 0.524095,
2.2302 0.518948,
2.23225 0.513294,
2.23458 0.507464,
2.23601 0.501297,
2.23758 0.495049,
2.2389 0.489291,
2.23973 0.483946,
2.24045 0.478847,
2.24127 0.473427,
2.24208 0.468005,
2.24252 0.461809,
2.2428 0.456043,
2.24259 0.450178,
2.24236 0.444215,
2.24213 0.438252,
2.24062 0.433006,
2.23909 0.427758,
2.2388 0.423865,
2.23798 0.420047,
2.2346 0.412476,
2.23207 0.407793,
2.22956 0.40311,
2.22691 0.397935,
2.22458 0.392714,
2.22187 0.387417,
2.21908 0.382783,
2.2163 0.37815,
2.21282 0.373977,
2.20911 0.370114,
2.20541 0.366251,
2.20136 0.363534,
2.19489 0.35988,
2.18897 0.357192,
2.18297 0.354404,
2.17718 0.35221,
2.17177 0.350809,
2.16637 0.34951,
2.16075 0.348551,
2.15458 0.347747,
2.14865 0.347206,
2.14317 0.346837,
2.13777 0.346604,
2.13236 0.346489,
2.12652 0.346437,
2.11963 0.346404,
2.11365 0.346799,
2.10766 0.347193,
2.10258 0.348161,
2.09748 0.349217,
2.09152 0.350916,
2.08544 0.353238,
2.07936 0.35556,
2.07385 0.357781,
2.06842 0.360077,
2.06282 0.362571,
2.05733 0.365279,
2.05184 0.367986,
2.04664 0.370661,
2.04144 0.373338,
2.03652 0.375852,
2.0316 0.378364,
2.02711 0.381254,
2.02146 0.385954,
2.01654 0.390384,
2.01223 0.394245,
2.00816 0.397943,
2.00418 0.401684,
1.99898 0.406338,
1.99476 0.410321,
1.99053 0.414307,
1.98601 0.420406,
1.98071 0.427545,
1.97718 0.433467,
1.97454 0.439066,
1.97244 0.445021,
1.9712 0.450579,
1.96995 0.456138,
1.96926 0.461926,
1.96887 0.467362,
1.96864 0.472451,
1.96852 0.477499,
1.96843 0.482586,
1.96879 0.487959,
1.96938 0.493711,
1.96984 0.499588,
1.97031 0.505464,
1.97199 0.510663,
1.97412 0.517218,
1.97625 0.523773,
1.97897 0.530228,
1.98153 0.53669,
1.98445 0.542774,
1.98735 0.548491,
1.99047 0.553826,
1.9936 0.559161,
1.99619 0.56346,
1.99918 0.567712,
2.0029 0.57236,
2.00656 0.577004,
2.01025 0.581514,
2.01394 0.586024,
2.01797 0.58987,
2.02184 0.593606,
2.0254 0.597368,
2.02894 0.601583,
2.03809 0.608433,
2.04834 0.614823,
2.05369 0.617736,
2.0595 0.61981,
2.06533 0.621255,
2.07121 0.62219,
2.07701 0.622851,
2.08285 0.623243,
2.0887 0.623636,
2.09425 0.622841,
"/>
<Contour name="InnerMembrane" hidden="false" closed="true" simplified="true" border="1 0 0" fill="1 0 0" mode="11"
points="1.99696 0.469445,
1.99516 0.474864,
1.99414 0.479772,
1.99311 0.484681,
1.99227 0.489424,
1.99145 0.494165,
1.99209 0.496941,
1.99319 0.501422,
1.99429 0.505901,
1.99545 0.510114,
1.99652 0.513984,
1.99762 0.517745,
1.99987 0.521874,
2.00211 0.526002,
2.00405 0.528303,
2.0067 0.531759,
2.00934 0.535214,
2.01197 0.538617,
2.01433 0.541843,
2.01713 0.545236,
2.01992 0.548631,
2.02322 0.552281,
2.02635 0.556124,
2.02958 0.55996,
2.03288 0.56364,
2.03627 0.567086,
2.03968 0.5703,
2.0431 0.573515,
2.04654 0.576614,
2.04987 0.579853,
2.05367 0.582295,
2.05749 0.584739,
2.06194 0.586049,
2.06645 0.587541,
2.07096 0.589034,
2.07604 0.590648,
2.0809 0.590849,
2.08516 0.591182,
2.08975 0.591415,
2.09441 0.591646,
2.09831 0.591758,
2.10555 0.591832,
2.10971 0.590676,
2.11424 0.589165,
2.11875 0.587656,
2.12306 0.586185,
2.12738 0.584712,
2.1318 0.583586,
2.13623 0.582459,
2.14018 0.580352,
2.14412 0.578244,
2.14814 0.576068,
2.15201 0.573469,
2.15598 0.570951,
2.15995 0.568434,
2.16523 0.565538,
2.16998 0.563046,
2.17472 0.560557,
2.17858 0.55768,
2.1814 0.55442,
2.18422 0.551161,
2.18692 0.547217,
2.18953 0.543768,
2.19216 0.540318,
2.19437 0.536941,
2.19816 0.530875,
2.20034 0.527437,
2.20219 0.523754,
2.20411 0.52001,
2.20601 0.516264,
2.20705 0.512511,
2.20819 0.508193,
2.20934 0.503875,
2.21042 0.499888,
2.21151 0.495903,
2.21226 0.492069,
2.213 0.488235,
2.21436 0.483362,
2.2151 0.478053,
2.21584 0.472743,
2.21648 0.467523,
2.21671 0.463166,
2.2168 0.458618,
2.21695 0.453947,
2.21703 0.450046,
2.21594 0.439294,
2.21446 0.434195,
2.21184 0.427773,
2.20916 0.424568,
2.20713 0.420929,
2.20493 0.417462,
2.20273 0.413997,
2.20042 0.410567,
2.19816 0.408239,
2.19442 0.403261,
2.19115 0.400231,
2.18789 0.3972,
2.18469 0.394335,
2.1815 0.39147,
2.17799 0.389095,
2.17434 0.387102,
2.1707 0.385108,
2.1668 0.383135,
2.16255 0.381346,
2.15831 0.379557,
2.15412 0.378163,
2.14996 0.376769,
2.14489 0.375521,
2.13984 0.374271,
2.13466 0.373649,
2.12946 0.373029,
2.12387 0.37164,
2.11981 0.371699,
2.11576 0.371757,
2.1107 0.371883,
2.10579 0.372142,
2.10076 0.372651,
2.09574 0.373312,
2.09067 0.374451,
2.08636 0.376034,
2.08206 0.377617,
2.07798 0.379355,
2.07394 0.381175,
2.06961 0.382942,
2.06502 0.384977,
2.06053 0.386991,
2.05566 0.38846,
2.05141 0.390438,
2.04831 0.392673,
2.04541 0.395678,
2.04236 0.398582,
2.03931 0.401488,
2.0359 0.40418,
2.03281 0.407817,
2.0306 0.411871,
2.02893 0.416057,
2.02724 0.420243,
2.02404 0.423804,
2.02059 0.427294,
2.01715 0.430744,
2.01399 0.434584,
2.01082 0.438421,
2.00795 0.442426,
2.0058 0.446895,
2.00365 0.451362,
2.00169 0.45583,
2.00009 0.460248,
1.99852 0.464664,
"/>
<Contour name="CristaeMembrane" hidden="false" closed="true" simplified="true" border="1 0 0" fill="1 0 0" mode="11"
points="2.0942 0.523631,
2.09295 0.524515,
2.09185 0.525604,
2.09084 0.52663,
2.0898 0.52766,
2.08884 0.528624,
2.08788 0.529561,
2.08685 0.530614,
2.08601 0.531447,
2.08516 0.532278,
2.08459 0.532964,
2.0839 0.53411,
2.08352 0.53528,
2.08314 0.536449,
2.08262 0.537835,
2.08252 0.53947,
2.08241 0.541107,
2.08241 0.542689,
2.08241 0.544272,
2.08249 0.545549,
2.08273 0.546596,
2.0836 0.548398,
2.084 0.54931,
2.08452 0.550158,
2.08536 0.550999,
2.08619 0.551839,
2.0871 0.552796,
2.08808 0.553812,
2.08906 0.554827,
2.09018 0.555942,
2.0913 0.557057,
2.09236 0.557838,
2.09328 0.558294,
2.09446 0.558681,
2.09571 0.559209,
2.09695 0.559784,
2.09822 0.56036,
2.09951 0.560808,
2.10069 0.561267,
2.10187 0.561726,
2.10296 0.562297,
2.10404 0.562868,
2.10548 0.563465,
2.10661 0.563843,
2.10794 0.564257,
2.1092 0.564754,
2.11042 0.565265,
2.11163 0.565857,
2.11286 0.566449,
2.11417 0.566848,
2.1155 0.567246,
2.1169 0.568065,
2.1185 0.56855,
2.12 0.568585,
2.12147 0.568619,
2.12318 0.568626,
2.12462 0.568639,
2.12618 0.568631,
2.12774 0.568622,
2.12885 0.568422,
2.13006 0.567884,
2.13128 0.567348,
2.13238 0.56681,
2.13348 0.566274,
2.13482 0.565588,
2.13615 0.564903,
2.13805 0.564275,
2.139 0.563916,
2.14015 0.563137,
2.14141 0.562389,
2.14266 0.561641,
2.14437 0.560796,
2.14607 0.55995,
2.14763 0.559161,
2.1492 0.558372,
2.15025 0.557869,
2.15122 0.557193,
2.15207 0.55634,
2.15311 0.555527,
2.15414 0.554715,
2.15527 0.553785,
2.15635 0.552751,
2.15745 0.551716,
2.15895 0.550988,
2.16044 0.550259,
2.16136 0.549877,
2.16221 0.549366,
2.16303 0.548695,
2.16391 0.547811,
2.1648 0.546925,
2.16562 0.545703,
2.16644 0.54448,
2.16728 0.543127,
2.16831 0.542043,
2.16934 0.540959,
2.1707 0.540127,
2.17139 0.539522,
2.17198 0.538833,
2.17248 0.538084,
2.17287 0.537279,
2.17316 0.536408,
2.17344 0.535158,
2.17392 0.533902,
2.17439 0.532644,
2.1748 0.531475,
2.17508 0.530238,
2.17536 0.529003,
2.17576 0.527836,
2.17613 0.526666,
2.17656 0.525212,
2.17667 0.523698,
2.1769 0.522074,
2.17713 0.520452,
2.17736 0.519611,
2.17748 0.518747,
2.17748 0.51734,
2.17749 0.516018,
2.17749 0.514719,
2.17749 0.513223,
2.17749 0.511747,
2.17748 0.510143,
2.17749 0.508838,
2.17751 0.507534,
2.17799 0.506398,
2.1782 0.50553,
2.17826 0.504064,
2.17828 0.502553,
2.1783 0.501351,
2.1783 0.49966,
2.1783 0.498091,
2.1783 0.496864,
2.17831 0.495231,
2.17831 0.493597,
2.17818 0.49233,
2.17797 0.491477,
2.17764 0.490658,
2.17718 0.489832,
2.17623 0.487911,
2.17561 0.486668,
2.17466 0.485638,
2.17364 0.484559,
2.17262 0.48348,
2.17093 0.482355,
2.16969 0.481232,
2.16844 0.480108,
2.16715 0.479247,
2.16582 0.478732,
2.16442 0.478578,
2.16305 0.478424,
2.16198 0.477991,
2.16075 0.477721,
2.15936 0.477696,
2.15806 0.477683,
2.15676 0.477678,
2.15548 0.477673,
2.15389 0.477927,
2.15265 0.478488,
2.15157 0.479003,
2.1505 0.479516,
2.14861 0.480497,
2.14768 0.48134,
2.14645 0.482345,
2.14523 0.483351,
2.14412 0.484113,
2.143 0.484874,
2.14161 0.485734,
2.14051 0.486613,
2.13941 0.48749,
2.13756 0.488569,
2.13554 0.489283,
2.13451 0.489578,
2.13344 0.490093,
2.13236 0.490608,
2.13115 0.491323,
2.12938 0.491846,
2.12828 0.492241,
2.12683 0.492771,
2.12539 0.493302,
2.12418 0.493709,
2.12296 0.494117,
2.12173 0.494506,
2.12054 0.494995,
2.11932 0.495564,
2.11806 0.496105,
2.11678 0.496646,
2.1157 0.496941,
2.11467 0.497409,
2.11345 0.49827,
2.11271 0.499034,
2.11209 0.499903,
2.1116 0.500895,
2.11139 0.502099,
2.11125 0.503354,
2.11111 0.504607,
2.11129 0.505899,
2.1117 0.507101,
2.11216 0.507985,
2.11275 0.508792,
2.11409 0.509768,
2.11544 0.510742,
2.11657 0.511111,
2.11772 0.51148,
2.11911 0.511752,
2.12049 0.51191,
2.12206 0.511975,
2.12342 0.512064,
2.12477 0.512151,
2.12588 0.512593,
2.12731 0.512931,
2.12872 0.513261,
2.13015 0.513592,
2.13123 0.514104,
2.13239 0.51442,
2.13379 0.514643,
2.13521 0.515053,
2.13597 0.516001,
2.13664 0.517084,
2.13731 0.518166,
2.13807 0.519285,
2.13884 0.520402,
2.13907 0.521576,
2.1393 0.522748,
2.13902 0.524077,
2.139 0.525812,
2.139 0.527083,
2.13884 0.528324,
2.13864 0.529617,
2.13843 0.530909,
2.13754 0.531837,
2.13664 0.532764,
2.13543 0.533225,
2.13421 0.533686,
2.13305 0.533968,
2.13187 0.534115,
2.13041 0.534182,
2.12908 0.534002,
2.12777 0.5336,
2.12672 0.532764,
2.12569 0.531927,
2.1249 0.530835,
2.1239 0.529917,
2.12298 0.529013,
2.12211 0.528087,
2.12123 0.52716,
2.11947 0.526237,
2.11816 0.525113,
2.1176 0.524372,
2.11694 0.523709,
2.11621 0.523137,
2.1154 0.522668,
2.11381 0.522394,
2.1123 0.522202,
2.11083 0.522078,
2.10938 0.522015,
2.1082 0.521986,
2.10688 0.521968,
2.10507 0.522012,
2.10356 0.521984,
2.10209 0.521968,
2.10069 0.521974,
2.09931 0.521982,
2.09805 0.52223,
2.09681 0.522696,
2.09554 0.523163,
"/>
</Transform>

</Section>
