<?xml version="1.0"?>
<!DOCTYPE Section SYSTEM "section.dtd">

<Section index="673" thickness="0.00164" alignLocked="true">
<Transform dim="0"
 xcoef=" 0 1 0 0 0 0"
 ycoef=" 0 0 1 0 0 0">
<Contour name="OuterMembrane" hidden="false" closed="true" simplified="true" border="1 0 0" fill="1 0 0" mode="11"
points="2.01287 0.580744,
2.01185 0.580152,
2.01904 0.584701,
2.02671 0.590436,
2.03416 0.596624,
2.03855 0.598761,
2.04782 0.601949,
2.05264 0.603031,
2.06756 0.606626,
2.0716 0.607466,
2.0757 0.607963,
2.0897 0.607454,
2.1034 0.604247,
2.11385 0.60004,
2.1219 0.595838,
2.12995 0.591635,
2.13661 0.585979,
2.14312 0.580063,
2.14638 0.576557,
2.15176 0.569152,
2.15463 0.565702,
2.15924 0.558882,
2.16423 0.549328,
2.16995 0.540129,
2.17412 0.531778,
2.17621 0.52725,
2.17807 0.521791,
2.1791 0.517058,
2.1823 0.504871,
2.18399 0.499178,
2.18702 0.49034,
2.18799 0.485509,
2.18815 0.476054,
2.1883 0.467236,
2.18832 0.456881,
2.18822 0.441145,
2.1873 0.435769,
2.18579 0.430505,
2.18269 0.420562,
2.18113 0.415505,
2.17589 0.404737,
2.16798 0.391944,
2.16505 0.387383,
2.15929 0.380655,
2.15355 0.373913,
2.1421 0.363326,
2.13784 0.360561,
2.1333 0.358247,
2.12328 0.354435,
2.11362 0.349687,
2.1072 0.347687,
2.10292 0.346873,
2.08895 0.345279,
2.08011 0.345279,
2.06428 0.345381,
2.05772 0.346261,
2.05134 0.348021,
2.03945 0.352347,
2.02998 0.356308,
2.02215 0.359001,
2.01461 0.362673,
2.00467 0.368552,
2.00106 0.371143,
1.99081 0.379845,
1.98268 0.389023,
1.97838 0.397187,
1.97436 0.404593,
1.97048 0.414008,
1.96625 0.423286,
1.96334 0.433204,
1.96162 0.443635,
1.96092 0.448271,
1.96085 0.457722,
1.96087 0.468059,
1.96088 0.478396,
1.96198 0.485183,
1.96338 0.495288,
1.96446 0.500592,
1.96798 0.513602,
1.97131 0.522401,
1.97282 0.526873,
1.97758 0.536436,
1.9813 0.541758,
1.98635 0.549625,
1.99413 0.56182,
1.99975 0.568914,
2.0061 0.57564,
2.01157 0.579963,
"/>
<Contour name="InnerMembrane" hidden="false" closed="true" simplified="true" border="1 0 0" fill="1 0 0" mode="11"
points="2.07229 0.566978,
2.07189 0.567425,
2.07786 0.562238,
2.08188 0.559002,
2.08454 0.55696,
2.09023 0.553959,
2.09561 0.552746,
2.10102 0.55209,
2.10668 0.551125,
2.11201 0.550046,
2.11734 0.548969,
2.12247 0.547562,
2.12667 0.545526,
2.13087 0.543489,
2.13544 0.540734,
2.13959 0.537781,
2.14363 0.534656,
2.14763 0.531437,
2.15122 0.528073,
2.15483 0.524708,
2.15727 0.520807,
2.15972 0.516907,
2.16167 0.511954,
2.16331 0.506517,
2.16467 0.501023,
2.16603 0.496118,
2.16739 0.491211,
2.168 0.485488,
2.16838 0.47998,
2.16869 0.474682,
2.16888 0.469468,
2.16828 0.463802,
2.16719 0.458208,
2.16611 0.452615,
2.16385 0.447964,
2.16136 0.443441,
2.15881 0.438615,
2.15639 0.434039,
2.1538 0.429983,
2.15119 0.425928,
2.14668 0.419315,
2.14428 0.416745,
2.13923 0.412785,
2.13436 0.408713,
2.12949 0.40464,
2.12429 0.401861,
2.11909 0.399081,
2.11389 0.396214,
2.10911 0.393689,
2.10405 0.391465,
2.09927 0.389597,
2.09471 0.388199,
2.09013 0.386801,
2.08556 0.385185,
2.08031 0.3848,
2.07444 0.3852,
2.06855 0.3856,
2.06189 0.386871,
2.05608 0.38786,
2.05028 0.388849,
2.04506 0.389861,
2.04052 0.39155,
2.03547 0.392955,
2.03066 0.3947,
2.02586 0.396444,
2.01797 0.400322,
2.01412 0.403834,
2.01025 0.407346,
2.00633 0.411425,
2.00252 0.41556,
1.99878 0.41993,
1.99481 0.424073,
1.99093 0.42834,
1.98742 0.432606,
1.98532 0.437429,
1.98304 0.44299,
1.98087 0.44845,
1.97886 0.453662,
1.97748 0.458954,
1.9764 0.46434,
1.97531 0.46967,
1.97499 0.475108,
1.97507 0.480615,
1.97564 0.486191,
1.97676 0.491465,
1.97804 0.496576,
1.97948 0.501433,
1.98155 0.505838,
1.98365 0.510266,
1.98607 0.514829,
1.98835 0.518757,
1.99112 0.522903,
1.99362 0.527062,
1.99604 0.531081,
1.99882 0.535094,
2.00157 0.539106,
2.00515 0.543158,
2.00872 0.547211,
2.01272 0.550773,
2.01671 0.554336,
2.02079 0.557921,
2.02527 0.561198,
2.02975 0.564477,
2.0349 0.567568,
2.04003 0.570658,
2.04352 0.572424,
2.04721 0.573662,
2.05435 0.573518,
2.06148 0.573374,
2.06674 0.571168,
2.07165 0.567689,
"/>
</Transform>

</Section>
