<?xml version="1.0"?>
<!DOCTYPE Section SYSTEM "section.dtd">

<Section index="589" thickness="0.00164" alignLocked="true">
<Transform dim="0"
 xcoef=" 0 1 0 0 0 0"
 ycoef=" 0 0 1 0 0 0">
<Contour name="OuterMembrane" hidden="false" closed="true" simplified="true" border="1 0 0" fill="1 0 0" mode="11"
points="2.03237 0.5666,
2.03759 0.56817,
2.04293 0.569777,
2.04826 0.571384,
2.05423 0.572975,
2.0602 0.574566,
2.06676 0.575961,
2.0733 0.577357,
2.08009 0.578548,
2.08567 0.578495,
2.09126 0.578543,
2.10064 0.578556,
2.1075 0.577124,
2.11435 0.575694,
2.11926 0.573375,
2.12418 0.571058,
2.12924 0.568859,
2.1339 0.566415,
2.13854 0.563973,
2.14302 0.560306,
2.14751 0.556639,
2.15198 0.552075,
2.15591 0.546851,
2.15939 0.541456,
2.16286 0.536059,
2.16547 0.529817,
2.16778 0.524196,
2.16946 0.518698,
2.17136 0.513302,
2.1731 0.507782,
2.17484 0.502263,
2.17579 0.497092,
2.17682 0.491731,
2.17825 0.485884,
2.17931 0.480427,
2.1803 0.474277,
2.18102 0.467731,
2.18148 0.461601,
2.18194 0.455471,
2.1811 0.449703,
2.17994 0.444353,
2.17849 0.43944,
2.1769 0.434557,
2.17495 0.429332,
2.17221 0.423709,
2.16944 0.418205,
2.16667 0.412701,
2.16223 0.408237,
2.15744 0.403832,
2.15243 0.400265,
2.14738 0.397174,
2.14235 0.394082,
2.13699 0.391643,
2.13134 0.390327,
2.12593 0.389431,
2.12026 0.388718,
2.11458 0.388003,
2.10868 0.388847,
2.10297 0.389949,
2.09748 0.391547,
2.0921 0.393592,
2.08687 0.396705,
2.08141 0.399857,
2.07614 0.403658,
2.07211 0.406951,
2.0661 0.411891,
2.06184 0.41645,
2.05758 0.421009,
2.05312 0.425532,
2.04813 0.428804,
2.04293 0.431266,
2.03773 0.433726,
2.03291 0.436404,
2.02825 0.43873,
2.02373 0.441531,
2.01904 0.445086,
2.01436 0.44864,
2.01148 0.451889,
2.00784 0.458216,
2.00436 0.463758,
2.00151 0.468458,
1.99864 0.473158,
1.99698 0.47732,
1.99575 0.48214,
1.99454 0.486959,
1.99372 0.492454,
1.99322 0.498494,
1.99293 0.504013,
1.99265 0.509243,
1.99255 0.516213,
1.99247 0.523183,
1.99322 0.52796,
1.99432 0.531457,
1.99713 0.538379,
2.00005 0.543097,
2.00485 0.548862,
2.00964 0.554417,
2.01631 0.559804,
2.02141 0.562039,
2.02652 0.564273,
"/>
</Transform>

</Section>
