<?xml version="1.0"?>
<!DOCTYPE Section SYSTEM "section.dtd">

<Section index="623" thickness="0.00164" alignLocked="true">
<Transform dim="0"
 xcoef=" 0 1 0 0 0 0"
 ycoef=" 0 0 1 0 0 0">
<Contour name="OuterMembrane" hidden="false" closed="true" simplified="true" border="1 0 0" fill="1 0 0" mode="11"
points="1.99844 0.581659,
1.99829 0.581575,
2.00405 0.587204,
2.00825 0.591863,
2.01244 0.596522,
2.01654 0.59984,
2.02084 0.603272,
2.02512 0.606705,
2.02802 0.608924,
2.03119 0.610764,
2.03718 0.613339,
2.04277 0.61552,
2.04813 0.617557,
2.05348 0.618915,
2.05892 0.620063,
2.0642 0.62083,
2.06934 0.621698,
2.07465 0.622113,
2.08021 0.622426,
2.08585 0.622647,
2.09228 0.622721,
2.09851 0.622797,
2.10474 0.62282,
2.11116 0.622779,
2.11755 0.622739,
2.12252 0.62187,
2.12769 0.620707,
2.13284 0.619544,
2.13841 0.618082,
2.14415 0.61651,
2.14999 0.614866,
2.15591 0.61304,
2.16154 0.610698,
2.16728 0.60845,
2.173 0.605693,
2.17843 0.602616,
2.18386 0.59954,
2.18899 0.595932,
2.1934 0.590739,
2.19788 0.58587,
2.20157 0.581897,
2.20503 0.57791,
2.20836 0.573444,
2.21141 0.568585,
2.21411 0.56377,
2.21641 0.558794,
2.21838 0.553674,
2.22025 0.548222,
2.22161 0.542151,
2.22295 0.536096,
2.22489 0.530143,
2.22686 0.524351,
2.22868 0.51887,
2.23048 0.513387,
2.23156 0.507355,
2.23306 0.501069,
2.23443 0.495018,
2.23565 0.489056,
2.23635 0.4835,
2.23678 0.477778,
2.23711 0.472035,
2.23686 0.466118,
2.2366 0.4602,
2.23576 0.455138,
2.23494 0.450073,
2.23391 0.444615,
2.23243 0.438803,
2.2307 0.432714,
2.2286 0.426643,
2.22668 0.421964,
2.22448 0.417172,
2.22199 0.412271,
2.21881 0.407192,
2.21561 0.402267,
2.21225 0.397534,
2.20901 0.393095,
2.20557 0.388913,
2.20186 0.384867,
2.19776 0.380983,
2.19347 0.377057,
2.18915 0.373131,
2.1833 0.369354,
2.17808 0.366161,
2.17289 0.36297,
2.16742 0.360938,
2.16213 0.359216,
2.15663 0.35765,
2.15089 0.35601,
2.14551 0.354353,
2.14013 0.352695,
2.1351 0.351837,
2.12974 0.351231,
2.12416 0.350852,
2.1176 0.350662,
2.11207 0.35057,
2.10686 0.350573,
2.10163 0.350575,
2.09266 0.352152,
2.0868 0.353589,
2.08134 0.355221,
2.07588 0.356853,
2.07106 0.35897,
2.0663 0.361395,
2.06141 0.363677,
2.05633 0.366199,
2.05108 0.368374,
2.04565 0.370925,
2.04009 0.373508,
2.0348 0.376054,
2.02948 0.378656,
2.02412 0.381598,
2.01923 0.384298,
2.01469 0.386751,
2.01048 0.389559,
2.00649 0.392636,
2.00251 0.396621,
1.99852 0.40137,
1.99472 0.406735,
1.99089 0.412098,
1.98819 0.417518,
1.98578 0.422349,
1.98366 0.427395,
1.98127 0.432581,
1.97887 0.437767,
1.97686 0.44288,
1.97574 0.449493,
1.97454 0.456038,
1.97372 0.461975,
1.97322 0.468461,
1.97287 0.474847,
1.97272 0.481081,
1.97259 0.487315,
1.97292 0.492289,
1.97325 0.497264,
1.97348 0.501414,
1.9749 0.509156,
1.97572 0.515693,
1.97654 0.521692,
1.97736 0.527508,
1.97817 0.533321,
1.97953 0.539147,
1.98074 0.54492,
1.98235 0.550725,
1.98443 0.556731,
1.98689 0.562271,
1.98929 0.567471,
1.9917 0.572672,
1.99475 0.577685,
"/>
<Contour name="InnerMembrane" hidden="false" closed="true" simplified="true" border="1 0 0" fill="1 0 0" mode="11"
points="2.0594 0.589747,
2.0591 0.589644,
2.06325 0.59151,
2.06752 0.592501,
2.07309 0.593557,
2.07867 0.594612,
2.08321 0.595227,
2.08797 0.596243,
2.09316 0.596968,
2.09835 0.597691,
2.10397 0.598587,
2.10904 0.599158,
2.11357 0.599551,
2.11804 0.599766,
2.12287 0.599882,
2.12787 0.599973,
2.13207 0.600001,
2.13643 0.600027,
2.14091 0.60005,
2.14538 0.600074,
2.14837 0.599843,
2.15134 0.599213,
2.15547 0.59757,
2.15931 0.595804,
2.16336 0.593501,
2.16706 0.59111,
2.17065 0.588827,
2.17431 0.586354,
2.17797 0.583879,
2.18145 0.581275,
2.18492 0.578672,
2.18809 0.576332,
2.1903 0.574077,
2.19219 0.571535,
2.19534 0.566631,
2.19808 0.561734,
2.1998 0.557999,
2.20152 0.554263,
2.20345 0.550937,
2.20528 0.545279,
2.20687 0.540172,
2.20823 0.535768,
2.20959 0.531367,
2.21046 0.526678,
2.21133 0.521991,
2.21177 0.517433,
2.21198 0.512684,
2.21208 0.508815,
2.21243 0.503724,
2.21266 0.498672,
2.21284 0.49355,
2.21292 0.489373,
2.21297 0.485548,
2.213 0.481453,
2.21288 0.476855,
2.21251 0.472984,
2.21215 0.469112,
2.21072 0.463582,
2.20933 0.458078,
2.20816 0.453936,
2.20701 0.449793,
2.20487 0.444807,
2.20293 0.440563,
2.20116 0.436614,
2.19939 0.432665,
2.19801 0.429582,
2.19578 0.426366,
2.19365 0.422692,
2.19152 0.419018,
2.18992 0.416445,
2.1863 0.412432,
2.18271 0.408432,
2.17913 0.404432,
2.17699 0.402376,
2.17285 0.398589,
2.16872 0.394802,
2.16483 0.39174,
2.161 0.388796,
2.15716 0.385851,
2.15265 0.383406,
2.14889 0.381689,
2.14532 0.380273,
2.14153 0.378915,
2.13776 0.377558,
2.13389 0.376377,
2.13002 0.375198,
2.12651 0.374358,
2.12086 0.373271,
2.11391 0.371988,
2.10856 0.371806,
2.10392 0.371714,
2.09943 0.37168,
2.09453 0.372083,
2.08964 0.372485,
2.08647 0.3729,
2.08116 0.374446,
2.07654 0.376042,
2.07191 0.377636,
2.06825 0.378519,
2.06299 0.380961,
2.05771 0.383402,
2.05364 0.384887,
2.04956 0.386371,
2.04421 0.388652,
2.03983 0.390864,
2.03545 0.393075,
2.03173 0.395748,
2.02766 0.398528,
2.0236 0.401748,
2.02035 0.404611,
2.0171 0.407474,
2.01461 0.410804,
2.0121 0.414134,
2.0092 0.418567,
2.00695 0.422198,
2.0048 0.425952,
2.00244 0.429939,
2.00009 0.433924,
1.99818 0.437627,
1.99626 0.441358,
1.99432 0.445089,
1.99263 0.449373,
1.99094 0.453655,
1.98973 0.458103,
1.98868 0.4629,
1.98761 0.467697,
1.98637 0.472855,
1.9863 0.478068,
1.98625 0.482883,
1.98624 0.487967,
1.98622 0.49211,
1.9862 0.499678,
1.98661 0.503652,
1.98839 0.508162,
1.9898 0.511819,
1.99122 0.515475,
1.99345 0.520423,
1.99598 0.524885,
1.99804 0.529476,
2.00013 0.534066,
2.00364 0.54036,
2.00602 0.544255,
2.00839 0.548149,
2.0102 0.550701,
2.0143 0.55444,
2.01827 0.558241,
2.02223 0.562043,
2.02571 0.564711,
2.02919 0.567379,
2.03444 0.571793,
2.03854 0.574631,
2.04264 0.57747,
2.04611 0.580176,
2.04967 0.583107,
2.05321 0.586038,
2.05859 0.589337,
"/>
<Contour name="CristaeMembrane" hidden="false" closed="true" simplified="true" border="1 0 0" fill="1 0 0" mode="11"
points="2.12168 0.530586,
2.12104 0.529241,
2.12034 0.527829,
2.11963 0.526415,
2.11922 0.525531,
2.11819 0.524313,
2.11722 0.523247,
2.11624 0.522224,
2.11526 0.5212,
2.11403 0.520344,
2.11314 0.519896,
2.11225 0.51945,
2.1112 0.519103,
2.11016 0.518757,
2.10874 0.518712,
2.10751 0.518693,
2.10584 0.51868,
2.10446 0.518712,
2.10307 0.518745,
2.10199 0.519003,
2.10076 0.51957,
2.09948 0.520197,
2.0982 0.520825,
2.09736 0.52124,
2.09633 0.52195,
2.095 0.52236,
2.09356 0.522573,
2.09212 0.522786,
2.09082 0.523011,
2.08861 0.523586,
2.08716 0.523726,
2.0857 0.524103,
2.08424 0.52448,
2.08339 0.524661,
2.08257 0.524946,
2.0815 0.525505,
2.08037 0.526271,
2.07911 0.526991,
2.07785 0.527709,
2.0768 0.528562,
2.07585 0.529284,
2.07488 0.530005,
2.07376 0.530673,
2.07289 0.531483,
2.07204 0.532293,
2.07139 0.533077,
2.07084 0.533981,
2.07043 0.534988,
2.07014 0.537248,
2.07014 0.538558,
2.07012 0.539824,
2.07012 0.541031,
2.07012 0.543296,
2.07029 0.54438,
2.07058 0.545385,
2.0716 0.547458,
2.0725 0.548631,
2.0734 0.549805,
2.07468 0.551112,
2.07562 0.55187,
2.07681 0.552509,
2.07809 0.553159,
2.07937 0.55381,
2.08095 0.554461,
2.08187 0.554651,
2.08337 0.555201,
2.08488 0.555752,
2.08698 0.556395,
2.08826 0.556828,
2.08964 0.557413,
2.09072 0.558223,
2.09159 0.559329,
2.09205 0.560624,
2.09256 0.561964,
2.09307 0.563306,
2.09323 0.564839,
2.09354 0.565864,
2.09407 0.566935,
2.09461 0.568027,
2.09517 0.569119,
2.09576 0.5703,
2.09674 0.571402,
2.09771 0.572503,
2.0984 0.573067,
2.09913 0.573539,
2.10063 0.574267,
2.10199 0.57491,
2.10335 0.575553,
2.10458 0.576253,
2.10548 0.576581,
2.10642 0.576783,
2.10804 0.577433,
2.10902 0.577624,
2.11055 0.577647,
2.11189 0.57766,
2.11321 0.577664,
2.11453 0.577659,
2.11581 0.577665,
2.11758 0.57766,
2.11936 0.577665,
2.12077 0.577592,
2.12165 0.577395,
2.1225 0.577082,
2.12449 0.576819,
2.12565 0.576601,
2.12703 0.576147,
2.12841 0.575692,
2.13025 0.575178,
2.13189 0.574807,
2.13371 0.573918,
2.1349 0.573313,
2.13605 0.572486,
2.1374 0.571752,
2.13874 0.571015,
2.13963 0.570408,
2.14053 0.569633,
2.14143 0.568857,
2.14253 0.568234,
2.1435 0.567337,
2.14446 0.56644,
2.14545 0.565577,
2.14643 0.564714,
2.14745 0.563988,
2.14845 0.563263,
2.15038 0.56232,
2.15153 0.561679,
2.15247 0.560823,
2.15429 0.559548,
2.15558 0.558902,
2.15686 0.558256,
2.15785 0.557748,
2.15896 0.557198,
2.16008 0.556649,
2.16124 0.556032,
2.16255 0.554848,
2.16326 0.55422,
2.16426 0.553205,
2.16516 0.552291,
2.16603 0.551427,
2.16692 0.550538,
2.16785 0.549543,
2.16877 0.548546,
2.16997 0.547503,
2.17054 0.546755,
2.1711 0.545703,
2.17166 0.544654,
2.17211 0.54333,
2.17257 0.542007,
2.17298 0.540785,
2.17346 0.539585,
2.17393 0.538384,
2.17451 0.5373,
2.1749 0.536004,
2.17512 0.534597,
2.17533 0.53319,
2.17566 0.53219,
2.17582 0.531152,
2.17584 0.529799,
2.17605 0.528465,
2.17626 0.527132,
2.17664 0.525535,
2.17667 0.524321,
2.17671 0.523108,
2.17718 0.52196,
2.1774 0.521026,
2.17741 0.519188,
2.17746 0.517819,
2.17769 0.516293,
2.17794 0.514766,
2.17828 0.513202,
2.1783 0.511726,
2.17851 0.510406,
2.17874 0.509087,
2.17908 0.507577,
2.17931 0.505868,
2.17956 0.504159,
2.17982 0.503221,
2.1799 0.501669,
2.18 0.500118,
2.18043 0.499075,
2.18064 0.497924,
2.18086 0.496771,
2.1813 0.495654,
2.18168 0.494527,
2.18207 0.493401,
2.18266 0.49229,
2.18302 0.491232,
2.18333 0.489939,
2.18363 0.488643,
2.18391 0.487333,
2.18417 0.486022,
2.18448 0.484612,
2.18479 0.483201,
2.18484 0.481953,
2.18484 0.480654,
2.18486 0.479338,
2.18486 0.478157,
2.18487 0.476974,
2.18487 0.475292,
2.18486 0.473991,
2.18487 0.4724,
2.18487 0.470824,
2.18487 0.469204,
2.18487 0.467626,
2.18487 0.466398,
2.18487 0.464661,
2.18487 0.462998,
2.18487 0.461334,
2.18476 0.460441,
2.18455 0.459556,
2.18386 0.457547,
2.18343 0.45634,
2.18263 0.455113,
2.18181 0.453886,
2.18113 0.452729,
2.1802 0.451653,
2.17908 0.45081,
2.17754 0.450062,
2.176 0.449316,
2.1751 0.449084,
2.17372 0.449025,
2.17256 0.448996,
2.17139 0.448966,
2.17003 0.448968,
2.16869 0.44897,
2.16772 0.449068,
2.16651 0.449393,
2.16524 0.450003,
2.16429 0.450829,
2.16324 0.451576,
2.16221 0.452322,
2.16098 0.453139,
2.15975 0.453855,
2.15849 0.454547,
2.15721 0.455239,
2.15583 0.456012,
2.1546 0.45718,
2.15345 0.458287,
2.15232 0.459395,
2.15134 0.460753,
2.15035 0.461965,
2.14932 0.463105,
2.14825 0.46424,
2.14719 0.465373,
2.14632 0.466237,
2.14538 0.467154,
2.14445 0.468145,
2.14351 0.469135,
2.14248 0.47006,
2.14173 0.471305,
2.14099 0.472551,
2.13971 0.47448,
2.13899 0.475211,
2.13838 0.476041,
2.13767 0.477096,
2.13699 0.47815,
2.13633 0.479162,
2.13567 0.480172,
2.13505 0.481245,
2.13441 0.482316,
2.13343 0.483211,
2.13266 0.484238,
2.1317 0.485474,
2.13077 0.486709,
2.12993 0.487649,
2.1291 0.48859,
2.12723 0.489891,
2.12616 0.490636,
2.1251 0.49138,
2.12382 0.492216,
2.12255 0.493053,
2.12119 0.493871,
2.1205 0.49449,
2.11988 0.495193,
2.11936 0.496023,
2.11814 0.497794,
2.11765 0.499203,
2.11716 0.50061,
2.11699 0.501958,
2.11694 0.503152,
2.1169 0.504344,
2.11688 0.505707,
2.11686 0.507985,
2.11698 0.508903,
2.11721 0.509774,
2.11757 0.510676,
2.11806 0.511516,
2.11913 0.512728,
2.12014 0.513491,
2.1215 0.514173,
2.12285 0.514855,
2.12378 0.515152,
2.12477 0.515321,
2.12577 0.515345,
2.12739 0.515347,
2.1288 0.515334,
2.1301 0.515342,
2.13138 0.515332,
2.133 0.515342,
2.13443 0.515345,
2.13572 0.515331,
2.13697 0.515339,
2.13826 0.515603,
2.13936 0.516328,
2.14 0.51744,
2.14031 0.518717,
2.14018 0.519996,
2.14018 0.521192,
2.14017 0.522388,
2.14045 0.523378,
2.14056 0.525454,
2.14012 0.527331,
2.13974 0.528128,
2.13912 0.529302,
2.13848 0.530474,
2.13784 0.531255,
2.13708 0.531932,
2.13625 0.532493,
2.13533 0.532926,
2.13408 0.533277,
2.13282 0.533407,
2.13156 0.533536,
2.13031 0.533677,
2.12908 0.533969,
2.12792 0.534294,
2.12636 0.534681,
2.12488 0.534617,
2.12393 0.534228,
2.12298 0.533838,
2.12264 0.532916,
2.12216 0.531752,
"/>
</Transform>

</Section>
