<?xml version="1.0"?>
<!DOCTYPE Section SYSTEM "section.dtd">

<Section index="590" thickness="0.00164" alignLocked="true">
<Transform dim="0"
 xcoef=" 0 1 0 0 0 0"
 ycoef=" 0 0 1 0 0 0">
<Contour name="OuterMembrane" hidden="false" closed="true" simplified="true" border="1 0 0" fill="1 0 0" mode="11"
points="2.06414 0.580409,
2.06245 0.580037,
2.06068 0.579658,
2.05866 0.579686,
2.06086 0.580263,
2.06305 0.580842,
2.06525 0.581421,
2.06745 0.582,
2.07004 0.582239,
2.07262 0.58248,
2.07432 0.582539,
2.07604 0.582599,
2.07775 0.582658,
2.07945 0.582717,
2.08219 0.582772,
2.08492 0.58283,
2.08765 0.582886,
2.09039 0.582943,
2.09231 0.582546,
2.09421 0.582151,
2.09613 0.581756,
2.09804 0.58136,
2.10458 0.579479,
2.11112 0.5776,
2.11696 0.57442,
2.12213 0.571469,
2.12688 0.568577,
2.13162 0.565684,
2.13677 0.562294,
2.14141 0.559032,
2.14605 0.55577,
2.1534 0.549572,
2.15624 0.545367,
2.15908 0.541161,
2.1615 0.536646,
2.16391 0.531996,
2.16598 0.527308,
2.16774 0.522524,
2.16974 0.517705,
2.17174 0.512889,
2.17398 0.507477,
2.17598 0.502322,
2.17799 0.497166,
2.17894 0.490973,
2.17989 0.484779,
2.18068 0.478816,
2.18112 0.472748,
2.18143 0.466475,
2.18161 0.460888,
2.18172 0.455651,
2.18184 0.450416,
2.18187 0.445447,
2.18086 0.440556,
2.17935 0.435699,
2.17782 0.430841,
2.17584 0.425854,
2.1738 0.42076,
2.17151 0.415315,
2.16921 0.40987,
2.16506 0.403773,
2.16185 0.399183,
2.15839 0.394738,
2.1547 0.390423,
2.15102 0.386107,
2.14532 0.382597,
2.13961 0.379088,
2.13416 0.377459,
2.12865 0.376073,
2.12264 0.374976,
2.11634 0.374351,
2.11002 0.373726,
2.10568 0.374233,
2.10145 0.375386,
2.09548 0.378855,
2.08987 0.382663,
2.08426 0.386471,
2.08059 0.391404,
2.07691 0.396337,
2.07467 0.40201,
2.07262 0.408316,
2.07019 0.413908,
2.06745 0.418692,
2.06451 0.42325,
2.06005 0.42679,
2.05499 0.429537,
2.04951 0.432006,
2.04393 0.43468,
2.03818 0.437477,
2.0328 0.440397,
2.02766 0.443508,
2.02281 0.44733,
2.01794 0.451151,
2.013 0.455525,
2.0099 0.460314,
2.00705 0.464807,
2.00424 0.469099,
2.00165 0.47345,
1.99905 0.477803,
1.99701 0.485986,
1.9944 0.494017,
1.9937 0.497722,
1.99363 0.50319,
1.99358 0.508657,
1.99357 0.51784,
1.99434 0.522566,
1.99693 0.528833,
1.99964 0.535025,
2.00301 0.540992,
2.00706 0.546441,
2.01089 0.551258,
2.01469 0.55577,
2.01874 0.559937,
2.02343 0.563622,
2.02847 0.567265,
2.03308 0.569911,
2.03534 0.57124,
2.03762 0.572568,
2.03988 0.573897,
2.04214 0.575227,
2.04462 0.576076,
2.0471 0.576926,
2.04969 0.577478,
2.05228 0.578029,
2.05487 0.578581,
2.05746 0.579132,
2.06038 0.579145,
2.0623 0.579786,
"/>
</Transform>

</Section>
