<?xml version="1.0"?>
<!DOCTYPE Section SYSTEM "section.dtd">

<Section index="656" thickness="0.00164" alignLocked="true">
<Transform dim="0"
 xcoef=" 0 1 0 0 0 0"
 ycoef=" 0 0 1 0 0 0">
<Contour name="OuterMembrane" hidden="false" closed="true" simplified="true" border="1 0 0" fill="1 0 0" mode="11"
points="2.21236 0.459047,
2.21126 0.452943,
2.21072 0.445898,
2.21044 0.439287,
2.21016 0.432675,
2.20923 0.425916,
2.20803 0.41781,
2.20528 0.408303,
2.20265 0.401661,
2.20001 0.395017,
2.19658 0.389198,
2.19347 0.383607,
2.19048 0.378419,
2.18681 0.373087,
2.18338 0.367437,
2.17979 0.362089,
2.1763 0.357135,
2.17226 0.352316,
2.1679 0.347301,
2.16324 0.342849,
2.15858 0.338396,
2.15278 0.33457,
2.14628 0.331392,
2.13977 0.328212,
2.13618 0.326629,
2.12598 0.32484,
2.12001 0.324781,
2.11275 0.324823,
2.10607 0.324818,
2.09956 0.324771,
2.0932 0.324797,
2.08682 0.324823,
2.08283 0.325414,
2.07424 0.326472,
2.06719 0.327854,
2.06014 0.329237,
2.05436 0.330644,
2.04859 0.332049,
2.04355 0.333855,
2.0387 0.335861,
2.03165 0.339257,
2.02576 0.342539,
2.02022 0.345914,
2.01499 0.349417,
2.00993 0.353366,
2.0049 0.357313,
2.00001 0.361945,
1.99337 0.369567,
1.98981 0.374343,
1.98604 0.379691,
1.98245 0.384708,
1.97887 0.389726,
1.97589 0.394615,
1.9729 0.399504,
1.97007 0.404839,
1.96752 0.410011,
1.96561 0.415604,
1.96346 0.421411,
1.96144 0.426915,
1.95941 0.432419,
1.95798 0.437567,
1.95644 0.442811,
1.9549 0.448055,
1.95391 0.454595,
1.95293 0.461084,
1.95221 0.467703,
1.95176 0.473722,
1.9514 0.479436,
1.95183 0.48717,
1.95224 0.494903,
1.9535 0.50017,
1.95499 0.50535,
1.95731 0.51252,
1.95973 0.518955,
1.96211 0.52501,
1.96449 0.530966,
1.96698 0.536593,
1.96977 0.542476,
1.97231 0.548042,
1.97479 0.55332,
1.97754 0.558594,
1.9804 0.563988,
1.98324 0.569382,
1.98679 0.573633,
1.99017 0.57788,
1.9939 0.582197,
1.99775 0.586602,
2.00162 0.591007,
2.00464 0.593682,
2.00974 0.598948,
2.01466 0.603702,
2.01982 0.60782,
2.02499 0.611936,
2.03047 0.614803,
2.03614 0.617565,
2.04226 0.619495,
2.04816 0.621196,
2.05371 0.623279,
2.05923 0.624876,
2.06479 0.626114,
2.07034 0.627351,
2.07599 0.626993,
2.08165 0.626634,
2.08752 0.625253,
2.09339 0.623872,
2.09946 0.621686,
2.10535 0.619354,
2.11099 0.617109,
2.11619 0.614506,
2.12134 0.611946,
2.12711 0.608519,
2.13287 0.605089,
2.1384 0.600911,
2.14386 0.597016,
2.14897 0.59328,
2.15444 0.58896,
2.16003 0.58424,
2.1649 0.579874,
2.16949 0.575955,
2.17423 0.571055,
2.17799 0.567189,
2.18225 0.561039,
2.18633 0.554799,
2.18984 0.548815,
2.19334 0.54283,
2.19612 0.537551,
2.19873 0.532116,
2.20136 0.526679,
2.20368 0.521077,
2.20559 0.515534,
2.20737 0.50961,
2.20874 0.503103,
2.20995 0.496635,
2.21103 0.489998,
2.21162 0.483497,
2.21188 0.477283,
2.21208 0.471223,
2.21221 0.465135,
"/>
<Contour name="InnerMembrane" hidden="false" closed="true" simplified="true" border="1 0 0" fill="1 0 0" mode="11"
points="2.03062 0.589918,
2.03048 0.589833,
2.02766 0.58772,
2.03339 0.593291,
2.03755 0.596722,
2.04556 0.599748,
2.05194 0.601063,
2.05812 0.601926,
2.06378 0.602338,
2.0692 0.602628,
2.07488 0.602746,
2.0807 0.602833,
2.08651 0.602918,
2.09174 0.601801,
2.09697 0.600516,
2.10215 0.59913,
2.10719 0.597478,
2.11207 0.595556,
2.11653 0.593496,
2.12077 0.591282,
2.12514 0.588957,
2.12944 0.585983,
2.13348 0.583079,
2.13753 0.580175,
2.14189 0.575469,
2.14558 0.571253,
2.14868 0.566725,
2.1515 0.562264,
2.1546 0.557767,
2.15744 0.553267,
2.16034 0.548867,
2.16324 0.544447,
2.16583 0.540277,
2.16851 0.536131,
2.17118 0.531986,
2.1732 0.527654,
2.17515 0.523588,
2.17715 0.519506,
2.17928 0.51518,
2.18143 0.510855,
2.18304 0.506547,
2.1845 0.501978,
2.18614 0.497296,
2.18756 0.492605,
2.18899 0.487915,
2.19022 0.482481,
2.19101 0.477163,
2.19138 0.472363,
2.19173 0.46761,
2.19186 0.461865,
2.19193 0.456617,
2.19196 0.451333,
2.19197 0.446036,
2.19135 0.440402,
2.19025 0.434529,
2.18914 0.428657,
2.18622 0.423825,
2.18335 0.419202,
2.1804 0.41463,
2.17679 0.410471,
2.17318 0.406313,
2.17047 0.403709,
2.16744 0.40151,
2.16411 0.399758,
2.15962 0.398577,
2.15501 0.397118,
2.15094 0.393775,
2.14701 0.389953,
2.14309 0.386069,
2.13917 0.382186,
2.1342 0.379225,
2.12923 0.376267,
2.12321 0.375125,
2.11742 0.374443,
2.11176 0.374099,
2.10599 0.373766,
2.10089 0.373659,
2.09581 0.373549,
2.09133 0.37349,
2.0849 0.373461,
2.07908 0.373531,
2.07324 0.373484,
2.06738 0.373436,
2.06261 0.374104,
2.05774 0.374899,
2.05285 0.375694,
2.04833 0.376314,
2.0437 0.377061,
2.03898 0.377603,
2.03401 0.378328,
2.02906 0.379053,
2.02447 0.380268,
2.01987 0.381482,
2.01572 0.383161,
2.00911 0.386984,
2.00397 0.390563,
1.99934 0.394264,
1.99504 0.397903,
1.99088 0.401702,
1.98671 0.405498,
1.98435 0.409925,
1.98201 0.414349,
1.9792 0.420476,
1.97686 0.426431,
1.97449 0.432388,
1.97305 0.435563,
1.97166 0.440255,
1.97053 0.44524,
1.96912 0.450201,
1.96821 0.455864,
1.96762 0.461496,
1.96733 0.467085,
1.96715 0.472781,
1.96705 0.477332,
1.96769 0.483857,
1.96867 0.489442,
1.97003 0.494617,
1.97208 0.499644,
1.97426 0.50463,
1.97671 0.509251,
1.97932 0.513725,
1.98197 0.518176,
1.98448 0.522804,
1.98702 0.527706,
1.98937 0.532301,
1.99155 0.536521,
1.99426 0.541325,
1.99659 0.545159,
1.99949 0.550045,
2.00246 0.55496,
2.00554 0.560057,
2.00874 0.564642,
2.01195 0.569228,
2.01518 0.573191,
2.01861 0.577134,
2.02133 0.58067,
2.02694 0.587074,
"/>
<Contour name="CristaeMembrane" hidden="false" closed="true" simplified="true" border="1 0 0" fill="1 0 0" mode="11"
points="2.07419 0.572942,
2.07339 0.57195,
2.0726 0.570959,
2.0716 0.570025,
2.07029 0.569474,
2.06929 0.569077,
2.06829 0.56868,
2.06755 0.568365,
2.06678 0.568152,
2.06584 0.568035,
2.06481 0.568034,
2.06374 0.568039,
2.06266 0.568042,
2.06069 0.568091,
2.05969 0.568065,
2.05866 0.56805,
2.05758 0.56804,
2.05572 0.56803,
2.05417 0.568244,
2.05279 0.568696,
2.05157 0.569192,
2.05036 0.569688,
2.04915 0.569908,
2.0481 0.570272,
2.04702 0.570641,
2.0459 0.571028,
2.04478 0.571415,
2.04352 0.571807,
2.04283 0.572155,
2.04221 0.572588,
2.04103 0.573708,
2.0398 0.574956,
2.03914 0.576081,
2.0385 0.577205,
2.03798 0.57821,
2.03745 0.579214,
2.03699 0.580199,
2.03678 0.581411,
2.03622 0.582277,
2.03568 0.583143,
2.03406 0.583382,
2.03244 0.58362,
2.03155 0.58374,
2.02968 0.584434,
2.02827 0.584448,
2.02686 0.584465,
2.02581 0.584448,
2.02478 0.584434,
2.02374 0.584434,
2.02253 0.584462,
2.0213 0.584488,
2.02056 0.58443,
2.01979 0.584471,
2.01881 0.58467,
2.01779 0.585068,
2.01686 0.58567,
2.0152 0.58653,
2.01413 0.586741,
2.01307 0.586953,
2.0123 0.587113,
2.01057 0.587776,
2.00951 0.588042,
2.00803 0.588609,
2.00708 0.588849,
2.00521 0.589501,
2.00428 0.589859,
2.00333 0.590218,
2.002 0.590544,
2.00106 0.59099,
2.00014 0.59166,
1.99908 0.592745,
1.99773 0.594067,
1.99677 0.595022,
1.99596 0.59583,
1.99514 0.59664,
1.99444 0.597419,
1.99393 0.598362,
1.99344 0.599305,
1.99267 0.60045,
1.99191 0.601595,
1.99142 0.602538,
1.99091 0.603481,
1.9905 0.604199,
1.99012 0.605212,
1.98993 0.606441,
1.98993 0.607951,
1.99003 0.609719,
1.98991 0.610729,
1.98991 0.611989,
1.98991 0.613248,
1.98993 0.615018,
1.98991 0.616291,
1.98991 0.617563,
1.99001 0.618549,
1.99032 0.619776,
1.99058 0.620797,
1.99083 0.621819,
1.99107 0.622805,
1.99135 0.62393,
1.99165 0.625056,
1.99185 0.625886,
1.99221 0.626749,
1.99288 0.627772,
1.99344 0.628617,
1.99399 0.62946,
1.99445 0.630162,
1.99521 0.630885,
1.99593 0.63178,
1.99714 0.633322,
1.99757 0.634024,
1.99839 0.634844,
1.99921 0.635662,
1.99968 0.636261,
2.00093 0.637525,
2.00141 0.638541,
2.00229 0.639697,
2.00303 0.640335,
2.00403 0.640923,
2.00503 0.641514,
2.00549 0.642076,
2.0061 0.642623,
2.00698 0.643215,
2.00813 0.643687,
2.00889 0.643856,
2.00966 0.643928,
2.01118 0.644264,
2.01215 0.644843,
2.01312 0.64542,
2.01385 0.645827,
2.01487 0.646124,
2.01587 0.646421,
2.01707 0.646942,
2.01879 0.64748,
2.02 0.647877,
2.0212 0.648276,
2.0223 0.648613,
2.02338 0.648951,
2.02489 0.649704,
2.02666 0.650596,
2.0274 0.650929,
2.02868 0.651214,
2.02994 0.651498,
2.03093 0.651693,
2.03204 0.651941,
2.03314 0.652189,
2.03383 0.652517,
2.0346 0.652766,
2.03591 0.65303,
2.03708 0.653242,
2.03824 0.653453,
2.03932 0.653711,
2.04011 0.65377,
2.04183 0.653717,
2.04306 0.653743,
2.04411 0.653734,
2.04516 0.653724,
2.04624 0.653701,
2.04733 0.653678,
2.04805 0.653761,
2.04984 0.653689,
2.05098 0.653768,
2.05177 0.653693,
2.05325 0.653305,
2.05472 0.652917,
2.05548 0.652789,
2.05623 0.652554,
2.05802 0.652126,
2.05941 0.652007,
2.0603 0.651751,
2.06127 0.651175,
2.06245 0.650829,
2.06363 0.650481,
2.06469 0.650442,
2.06596 0.650142,
2.06674 0.649786,
2.06837 0.64884,
2.06953 0.648659,
2.07032 0.648397,
2.07196 0.647575,
2.07293 0.647067,
2.07353 0.646619,
2.07408 0.646101,
2.07547 0.645325,
2.0766 0.644802,
2.07773 0.644281,
2.07862 0.643823,
2.07941 0.643023,
2.08039 0.64234,
2.08137 0.641657,
2.08205 0.641268,
2.08283 0.640554,
2.08362 0.639841,
2.08462 0.638836,
2.08562 0.637832,
2.08634 0.636809,
2.08708 0.635328,
2.08772 0.633968,
2.08815 0.633238,
2.08849 0.632373,
2.0889 0.630901,
2.08925 0.630101,
2.08959 0.62905,
2.08993 0.627999,
2.09033 0.626646,
2.09036 0.625283,
2.09038 0.624136,
2.09038 0.62299,
2.09036 0.621881,
2.09038 0.620615,
2.09038 0.619349,
2.09025 0.618524,
2.08997 0.617676,
2.08951 0.616758,
2.08884 0.615809,
2.08818 0.614859,
2.08739 0.613655,
2.08644 0.612683,
2.08549 0.61171,
2.08465 0.610977,
2.08364 0.610324,
2.08257 0.60945,
2.08152 0.608574,
2.08082 0.607899,
2.07975 0.607312,
2.07868 0.606725,
2.07767 0.606193,
2.07665 0.605662,
2.0756 0.605265,
2.07455 0.604868,
2.07347 0.604076,
2.07186 0.60303,
2.07083 0.602338,
2.0697 0.601987,
2.06896 0.601145,
2.06911 0.599409,
2.06976 0.598569,
2.0703 0.597552,
2.07055 0.596763,
2.0715 0.595435,
2.07222 0.594282,
2.07291 0.593355,
2.07362 0.592429,
2.07432 0.591692,
2.07494 0.59058,
2.07552 0.58949,
2.07606 0.588466,
2.0766 0.587443,
2.07693 0.586279,
2.07711 0.585262,
2.07719 0.583786,
2.07722 0.582548,
2.07724 0.581309,
2.07729 0.579514,
2.07698 0.577815,
2.07658 0.576941,
2.07613 0.576196,
2.07535 0.575378,
2.07488 0.574936,
2.07503 0.575028,
2.0746 0.573985,
"/>
<Contour name="CristaeMembrane" hidden="false" closed="true" simplified="true" border="1 0 0" fill="1 0 0" mode="11"
points="2.14035 0.514437,
2.13966 0.514529,
2.13822 0.514519,
2.13677 0.514509,
2.1353 0.514493,
2.13379 0.514453,
2.13228 0.514565,
2.13134 0.515314,
2.13041 0.516062,
2.12943 0.516605,
2.12769 0.517504,
2.1269 0.518224,
2.12528 0.519106,
2.12434 0.519739,
2.12275 0.520772,
2.1219 0.521125,
2.12113 0.521604,
2.12037 0.522296,
2.11909 0.522942,
2.11788 0.523555,
2.11668 0.524169,
2.11586 0.52457,
2.11496 0.525223,
2.11406 0.525877,
2.11296 0.526499,
2.11221 0.527199,
2.11137 0.528006,
2.10971 0.528938,
2.10796 0.529833,
2.10709 0.530428,
2.1062 0.531024,
2.1053 0.531773,
2.10433 0.532651,
2.10346 0.533359,
2.10164 0.534655,
2.10068 0.53545,
2.09994 0.536569,
2.0992 0.537687,
2.09843 0.538579,
2.09784 0.539514,
2.09725 0.540451,
2.09669 0.541162,
2.09592 0.542733,
2.09541 0.543649,
2.09489 0.545528,
2.09438 0.546612,
2.09423 0.547822,
2.09413 0.549054,
2.0941 0.550125,
2.09408 0.551142,
2.09405 0.55216,
2.09421 0.553272,
2.09471 0.554592,
2.0954 0.555921,
2.09607 0.557249,
2.09646 0.558064,
2.09695 0.558812,
2.09754 0.559456,
2.0982 0.560011,
2.09951 0.561387,
2.10041 0.562007,
2.10148 0.562468,
2.10263 0.562663,
2.10376 0.562858,
2.10492 0.563337,
2.1063 0.56345,
2.10766 0.563563,
2.10915 0.563568,
2.11058 0.563558,
2.11199 0.56355,
2.11312 0.563347,
2.11429 0.563046,
2.1155 0.562887,
2.11673 0.562728,
2.1178 0.562723,
2.11868 0.562571,
2.1197 0.562207,
2.12072 0.561843,
2.12193 0.561495,
2.12339 0.560983,
2.12442 0.560606,
2.12546 0.560231,
2.12616 0.560088,
2.12775 0.559468,
2.12875 0.559409,
2.12974 0.559181,
2.13087 0.558648,
2.13202 0.558113,
2.13351 0.557356,
2.13451 0.556811,
2.13531 0.556091,
2.13674 0.554919,
2.13769 0.554451,
2.13864 0.553984,
2.13935 0.553589,
2.14071 0.552367,
2.14163 0.551583,
2.14253 0.550799,
2.14328 0.550412,
2.14405 0.549751,
2.14492 0.548941,
2.14579 0.548131,
2.14691 0.547273,
2.14802 0.546414,
2.14892 0.545751,
2.14983 0.54509,
2.15079 0.544593,
2.15171 0.54387,
2.15276 0.542727,
2.15357 0.541964,
2.15491 0.54066,
2.15547 0.540083,
2.15601 0.539294,
2.15653 0.538269,
2.15704 0.537246,
2.15752 0.535878,
2.15811 0.53421,
2.15849 0.533098,
2.15885 0.531841,
2.15922 0.530584,
2.15926 0.529049,
2.15924 0.52775,
2.15926 0.526451,
2.15927 0.525117,
2.15926 0.52408,
2.15929 0.522307,
2.15922 0.521481,
2.15904 0.520669,
2.15875 0.519847,
2.15824 0.51897,
2.15753 0.518183,
2.15678 0.517389,
2.15593 0.516516,
2.15507 0.515646,
2.1545 0.515147,
2.15386 0.514724,
2.15307 0.514334,
2.15222 0.514066,
2.1512 0.513989,
2.15011 0.513951,
2.14888 0.513932,
2.14763 0.51391,
2.14642 0.51391,
2.14519 0.51391,
2.1441 0.513915,
2.14277 0.514069,
2.14143 0.514222,
"/>
</Transform>

</Section>
