<?xml version="1.0"?>
<!DOCTYPE Section SYSTEM "section.dtd">

<Section index="602" thickness="0.00164" alignLocked="true">
<Transform dim="0"
 xcoef=" 0 1 0 0 0 0"
 ycoef=" 0 0 1 0 0 0">
<Contour name="OuterMembrane" hidden="false" closed="true" simplified="true" border="1 0 0" fill="1 0 0" mode="11"
points="2.01441 0.568932,
2.01625 0.570148,
2.0195 0.572296,
2.02438 0.575238,
2.02925 0.577821,
2.03362 0.579971,
2.038 0.582123,
2.04272 0.584084,
2.04764 0.586136,
2.05198 0.588088,
2.05613 0.590059,
2.06009 0.591997,
2.06422 0.593798,
2.06879 0.595366,
2.0736 0.597039,
2.07813 0.598426,
2.08237 0.59951,
2.08651 0.600197,
2.09067 0.600911,
2.09518 0.601419,
2.09976 0.601809,
2.10527 0.602008,
2.10971 0.602052,
2.11414 0.602096,
2.11844 0.602121,
2.12246 0.600965,
2.12633 0.599486,
2.13018 0.598005,
2.13398 0.595727,
2.13738 0.593834,
2.14077 0.591942,
2.14415 0.589426,
2.14753 0.58691,
2.15083 0.584199,
2.15412 0.581487,
2.15904 0.575635,
2.16134 0.572444,
2.16382 0.569188,
2.16641 0.565449,
2.16898 0.561711,
2.17141 0.557379,
2.17367 0.553108,
2.17544 0.548839,
2.17715 0.544687,
2.17894 0.540355,
2.18071 0.53588,
2.18248 0.531404,
2.18387 0.527509,
2.1853 0.523293,
2.18704 0.518745,
2.18853 0.514375,
2.18956 0.510291,
2.19076 0.506217,
2.19196 0.502007,
2.19324 0.497829,
2.19457 0.493929,
2.19708 0.490362,
2.19978 0.486499,
2.20247 0.482639,
2.20508 0.478985,
2.20769 0.475331,
2.21211 0.472651,
2.21843 0.468376,
2.22153 0.465486,
2.22482 0.461814,
2.2281 0.458144,
2.23111 0.453242,
2.23202 0.448879,
2.23247 0.444355,
2.23279 0.439861,
2.23297 0.435353,
2.23316 0.430846,
2.2317 0.424124,
2.23001 0.419786,
2.2283 0.415446,
2.22623 0.411269,
2.2241 0.407324,
2.22217 0.403638,
2.22025 0.399953,
2.21846 0.396854,
2.21464 0.391991,
2.21098 0.38816,
2.20757 0.38468,
2.20414 0.3812,
2.2008 0.378684,
2.19747 0.376168,
2.19353 0.373587,
2.18929 0.371017,
2.18504 0.368447,
2.18012 0.366307,
2.17518 0.364167,
2.16872 0.361746,
2.16186 0.35954,
2.15632 0.357602,
2.1536 0.356328,
2.14694 0.354353,
2.14296 0.353848,
2.13892 0.352961,
2.13428 0.352329,
2.12977 0.351993,
2.12539 0.351818,
2.12103 0.351639,
2.1166 0.352028,
2.11219 0.352418,
2.10755 0.353743,
2.10327 0.355693,
2.09881 0.357203,
2.09435 0.358712,
2.09007 0.360621,
2.08578 0.36253,
2.08034 0.367271,
2.07845 0.369635,
2.07594 0.373959,
2.07386 0.377792,
2.07181 0.381736,
2.06952 0.385831,
2.06738 0.390092,
2.06487 0.394167,
2.06281 0.397543,
2.06074 0.400918,
2.05708 0.406292,
2.05344 0.410636,
2.0498 0.413882,
2.04611 0.416808,
2.04203 0.41943,
2.03783 0.4216,
2.03349 0.423786,
2.02929 0.425547,
2.0251 0.42731,
2.01891 0.428883,
2.01299 0.430098,
2.01 0.431092,
2.00523 0.433883,
2.00113 0.436324,
1.99724 0.439062,
1.99344 0.441864,
1.98963 0.444665,
1.98597 0.447648,
1.98273 0.451728,
1.97986 0.457219,
1.97866 0.460927,
1.97748 0.464637,
1.97676 0.468837,
1.97602 0.473037,
1.97566 0.477998,
1.97546 0.483032,
1.97536 0.487926,
1.97522 0.492843,
1.97513 0.496779,
1.97523 0.503039,
1.97515 0.507936,
1.97505 0.512833,
1.97594 0.5168,
1.97682 0.520767,
1.9781 0.525303,
1.97938 0.52984,
1.98073 0.532518,
1.98337 0.53742,
1.98612 0.541897,
1.98883 0.545748,
1.99153 0.549598,
1.9957 0.55361,
1.99927 0.557101,
2.00265 0.560026,
2.00585 0.562825,
2.00903 0.565625,
2.0118 0.567389,
"/>
<Contour name="InnerMembrane" hidden="false" closed="true" simplified="true" border="1 0 0" fill="1 0 0" mode="11"
points="2.0191 0.528562,
2.01909 0.528564,
2.01968 0.52889,
2.02514 0.533546,
2.02727 0.535736,
2.03107 0.539593,
2.0333 0.54139,
2.03552 0.543186,
2.03759 0.544751,
2.04228 0.547294,
2.04523 0.548713,
2.04831 0.550376,
2.05139 0.55204,
2.05336 0.553154,
2.05738 0.555117,
2.06091 0.556901,
2.06442 0.558686,
2.06796 0.559835,
2.07155 0.561326,
2.07514 0.562815,
2.07809 0.563878,
2.08098 0.564757,
2.08387 0.565634,
2.08813 0.566028,
2.09015 0.566914,
2.09228 0.567537,
2.09572 0.567886,
2.09927 0.568189,
2.10268 0.568563,
2.1062 0.568968,
2.10996 0.569393,
2.11353 0.569795,
2.11708 0.570057,
2.12065 0.570223,
2.12423 0.570387,
2.1281 0.569838,
2.13136 0.568181,
2.13456 0.566581,
2.13781 0.56485,
2.14061 0.562781,
2.14343 0.560711,
2.14646 0.557843,
2.1495 0.554973,
2.15165 0.552378,
2.15381 0.549784,
2.15567 0.547476,
2.1575 0.545169,
2.15977 0.541623,
2.16201 0.538077,
2.16347 0.535419,
2.16495 0.532598,
2.16618 0.529717,
2.16746 0.526617,
2.16895 0.523339,
2.17002 0.520283,
2.17092 0.51719,
2.1721 0.514186,
2.17328 0.511181,
2.17433 0.508221,
2.17538 0.505261,
2.17625 0.502261,
2.17723 0.498773,
2.17807 0.495997,
2.17956 0.491142,
2.18043 0.488449,
2.18153 0.484418,
2.18258 0.480882,
2.18346 0.478062,
2.18463 0.474085,
2.18587 0.4705,
2.18712 0.466916,
2.18807 0.463252,
2.18856 0.458669,
2.18958 0.454188,
2.18973 0.450564,
2.18981 0.447213,
2.18984 0.443666,
2.18986 0.44078,
2.18988 0.436701,
2.18988 0.432965,
2.18988 0.430019,
2.18986 0.427072,
2.1896 0.424894,
2.18891 0.422341,
2.18758 0.419579,
2.18578 0.416447,
2.18409 0.413154,
2.18266 0.410359,
2.18092 0.407732,
2.17918 0.405106,
2.17749 0.402318,
2.1749 0.400021,
2.17229 0.397723,
2.16954 0.39594,
2.16682 0.394392,
2.16365 0.393115,
2.16049 0.391839,
2.15708 0.390458,
2.15296 0.389762,
2.14922 0.388864,
2.1461 0.388124,
2.14307 0.387399,
2.13982 0.386594,
2.13653 0.385776,
2.13313 0.384798,
2.12997 0.38384,
2.12701 0.383022,
2.12408 0.382204,
2.12037 0.381917,
2.11724 0.381772,
2.11363 0.381731,
2.11004 0.381692,
2.10783 0.382033,
2.10396 0.383097,
2.10009 0.384162,
2.09628 0.384967,
2.09346 0.386502,
2.09062 0.388037,
2.08798 0.389971,
2.08534 0.391903,
2.08254 0.394276,
2.07973 0.396649,
2.07832 0.398568,
2.07586 0.401851,
2.07367 0.404982,
2.07145 0.40807,
2.06935 0.411028,
2.06724 0.413985,
2.06492 0.416622,
2.06264 0.419671,
2.06005 0.422541,
2.05794 0.424788,
2.05579 0.426948,
2.05366 0.429108,
2.05097 0.431581,
2.0482 0.43409,
2.04595 0.436204,
2.04369 0.438111,
2.04141 0.440019,
2.03745 0.443791,
2.03598 0.44567,
2.03362 0.449057,
2.03104 0.452227,
2.02847 0.455395,
2.02566 0.458519,
2.02286 0.461645,
2.02096 0.463751,
2.0183 0.467052,
2.01672 0.468653,
2.01536 0.470449,
2.01405 0.473509,
2.013 0.476491,
2.01195 0.479474,
2.01107 0.482265,
2.01016 0.485045,
2.00926 0.487825,
2.00869 0.490317,
2.00864 0.4949,
2.00866 0.499126,
2.00861 0.502286,
2.00859 0.505425,
2.00856 0.508608,
2.00851 0.511793,
2.01015 0.518542,
2.0173 0.527667,
"/>
<Contour name="CristaeMembrane" hidden="false" closed="true" simplified="true" border="1 0 0" fill="1 0 0" mode="11"
points="2.07637 0.490926,
2.07494 0.490245,
2.07378 0.490193,
2.0726 0.490162,
2.07134 0.490099,
2.07007 0.490037,
2.0694 0.48972,
2.06868 0.489492,
2.06781 0.48934,
2.06674 0.48936,
2.06566 0.489379,
2.06451 0.489348,
2.06343 0.489197,
2.06235 0.489046,
2.06127 0.488664,
2.06043 0.48852,
2.05846 0.488326,
2.05707 0.48782,
2.05599 0.487772,
2.0549 0.487725,
2.05339 0.48771,
2.05195 0.487702,
2.05051 0.487692,
2.04972 0.487677,
2.04888 0.487775,
2.04774 0.488133,
2.04647 0.488333,
2.04519 0.488533,
2.04423 0.488727,
2.04321 0.489127,
2.0421 0.489858,
2.04123 0.490629,
2.04034 0.4914,
2.03949 0.491941,
2.03863 0.492482,
2.0379 0.493263,
2.03739 0.494222,
2.03688 0.49518,
2.03586 0.496882,
2.03521 0.497686,
2.03465 0.498762,
2.03408 0.499838,
2.03373 0.500963,
2.03337 0.502088,
2.03291 0.502998,
2.03245 0.503985,
2.03193 0.504995,
2.03142 0.506007,
2.03107 0.507004,
2.03093 0.508044,
2.03091 0.509345,
2.03091 0.510542,
2.03091 0.511762,
2.03093 0.512981,
2.03093 0.514142,
2.03091 0.515306,
2.03091 0.51647,
2.03114 0.517676,
2.03137 0.518883,
2.03209 0.520159,
2.03275 0.520905,
2.03352 0.521531,
2.03452 0.521971,
2.03557 0.522222,
2.03665 0.52237,
2.03773 0.522465,
2.03885 0.522515,
2.04016 0.522538,
2.04126 0.522552,
2.04228 0.52256,
2.04329 0.522565,
2.04436 0.522561,
2.04544 0.522558,
2.0468 0.522317,
2.04756 0.52203,
2.04928 0.521492,
2.05043 0.520961,
2.05157 0.520429,
2.05303 0.519683,
2.05402 0.519201,
2.055 0.518719,
2.05626 0.51792,
2.05751 0.517164,
2.05876 0.516406,
2.05982 0.515892,
2.06082 0.515536,
2.06182 0.51518,
2.06289 0.515019,
2.06401 0.514689,
2.06512 0.514358,
2.06592 0.514256,
2.06673 0.514037,
2.06781 0.513674,
2.06888 0.513313,
2.06968 0.513018,
2.07153 0.512726,
2.07285 0.51253,
2.07381 0.512218,
2.07486 0.512059,
2.07591 0.511901,
2.0774 0.511903,
2.0789 0.511906,
2.0797 0.511824,
2.08055 0.511616,
2.08168 0.511354,
2.0827 0.511221,
2.08429 0.511154,
2.08549 0.511119,
2.08649 0.511198,
2.08757 0.511605,
2.08852 0.512224,
2.08928 0.513123,
2.09003 0.51402,
2.09098 0.515747,
2.09131 0.516623,
2.09202 0.517992,
2.09274 0.519363,
2.09325 0.520431,
2.09376 0.521499,
2.09456 0.523098,
2.09507 0.524031,
2.09554 0.524647,
2.09628 0.525781,
2.09704 0.526835,
2.09777 0.52789,
2.09848 0.529131,
2.09971 0.530458,
2.1004 0.531652,
2.10104 0.53281,
2.10187 0.533922,
2.10269 0.535034,
2.1032 0.535609,
2.1041 0.536505,
2.10501 0.537398,
2.10587 0.538058,
2.10704 0.538428,
2.1082 0.538797,
2.10937 0.539398,
2.11009 0.539622,
2.11142 0.539699,
2.11273 0.539776,
2.11399 0.539773,
2.11512 0.539781,
2.11627 0.539783,
2.11737 0.53978,
2.11854 0.539757,
2.11986 0.539773,
2.12103 0.539781,
2.12219 0.53979,
2.12329 0.539681,
2.12457 0.539278,
2.12595 0.538569,
2.12682 0.538148,
2.12764 0.537453,
2.12849 0.536659,
2.12936 0.535865,
2.13033 0.534784,
2.13075 0.534068,
2.13156 0.532487,
2.13202 0.531539,
2.13249 0.530592,
2.13274 0.529344,
2.13298 0.528096,
2.13302 0.526776,
2.13303 0.525735,
2.13305 0.524413,
2.13303 0.523211,
2.13303 0.522007,
2.13287 0.520884,
2.13238 0.519793,
2.13189 0.518701,
2.13148 0.517797,
2.13082 0.516892,
2.13015 0.515985,
2.12951 0.514819,
2.12859 0.51384,
2.12777 0.51304,
2.12697 0.512238,
2.12623 0.511459,
2.12537 0.510576,
2.12462 0.509815,
2.12388 0.509054,
2.12313 0.508431,
2.12205 0.507714,
2.12098 0.506998,
2.12027 0.506289,
2.11962 0.505482,
2.11934 0.504497,
2.1196 0.503493,
2.11988 0.502489,
2.12129 0.501118,
2.12211 0.500523,
2.12291 0.499928,
2.12388 0.499393,
2.12472 0.498622,
2.12613 0.497274,
2.12718 0.496236,
2.12816 0.495239,
2.12915 0.494244,
2.12993 0.493086,
2.13031 0.491905,
2.13074 0.49078,
2.13116 0.489653,
2.13179 0.488507,
2.13223 0.486818,
2.13264 0.485984,
2.1329 0.485099,
2.13303 0.484221,
2.13303 0.483069,
2.13303 0.481917,
2.13351 0.480909,
2.13374 0.480115,
2.1338 0.478916,
2.13382 0.477865,
2.13385 0.476868,
2.13385 0.475756,
2.13387 0.474482,
2.13387 0.473416,
2.13387 0.47241,
2.13387 0.471333,
2.13387 0.470109,
2.13387 0.469027,
2.13385 0.468002,
2.13387 0.466985,
2.13387 0.465955,
2.13387 0.464697,
2.13387 0.463649,
2.13387 0.462603,
2.13382 0.461762,
2.13366 0.460902,
2.13338 0.460099,
2.13287 0.459166,
2.13208 0.458298,
2.1312 0.457378,
2.13049 0.456647,
2.12977 0.455915,
2.1292 0.455385,
2.12844 0.454861,
2.12756 0.454437,
2.12652 0.454113,
2.12549 0.453786,
2.12429 0.453376,
2.12301 0.453309,
2.12173 0.45327,
2.1207 0.45325,
2.11937 0.45324,
2.11827 0.453235,
2.11686 0.453253,
2.11547 0.45327,
2.11442 0.453253,
2.11339 0.453235,
2.11199 0.453342,
2.11116 0.453567,
2.10968 0.45425,
2.10829 0.454761,
2.10689 0.455272,
2.10535 0.456056,
2.10451 0.456435,
2.1036 0.457063,
2.10284 0.457801,
2.102 0.458647,
2.10114 0.459513,
2.10017 0.460466,
2.0992 0.461417,
2.09813 0.462495,
2.097 0.463466,
2.09592 0.464243,
2.09484 0.465022,
2.09369 0.465548,
2.09208 0.467085,
2.09157 0.467836,
2.09043 0.46997,
2.08985 0.471113,
2.08916 0.472528,
2.08875 0.473762,
2.08834 0.474995,
2.08787 0.475961,
2.08757 0.477045,
2.08731 0.478158,
2.08705 0.47927,
2.08667 0.480402,
2.08619 0.481534,
2.0857 0.482575,
2.08519 0.483616,
2.08447 0.484464,
2.08396 0.485327,
2.08285 0.486798,
2.08223 0.487597,
2.08159 0.488395,
2.08085 0.488876,
2.08018 0.489465,
2.07939 0.490086,
2.0786 0.490708,
2.07737 0.490829,
"/>
</Transform>

</Section>
