<?xml version="1.0"?>
<!DOCTYPE Section SYSTEM "section.dtd">

<Section index="645" thickness="0.00164" alignLocked="true">
<Transform dim="0"
 xcoef=" 0 1 0 0 0 0"
 ycoef=" 0 0 1 0 0 0">
<Contour name="OuterMembrane" hidden="false" closed="true" simplified="true" border="1 0 0" fill="1 0 0" mode="11"
points="2.03627 0.625937,
2.04275 0.628071,
2.04962 0.629645,
2.05667 0.63088,
2.06358 0.631512,
2.07027 0.631949,
2.07667 0.632222,
2.08301 0.632358,
2.0897 0.632405,
2.09594 0.631874,
2.10199 0.631,
2.10799 0.629811,
2.11399 0.628622,
2.11898 0.62709,
2.12391 0.625306,
2.12897 0.62302,
2.13402 0.620732,
2.139 0.618615,
2.14407 0.616427,
2.14942 0.613763,
2.15521 0.610875,
2.16093 0.607481,
2.16665 0.604086,
2.17129 0.600591,
2.17592 0.597094,
2.18223 0.591269,
2.18746 0.586295,
2.19176 0.581083,
2.19603 0.576009,
2.19972 0.570846,
2.20319 0.56517,
2.20669 0.559494,
2.21001 0.552923,
2.21257 0.546847,
2.21487 0.541,
2.21679 0.536167,
2.21869 0.531022,
2.22061 0.525877,
2.22189 0.519816,
2.22358 0.514173,
2.22543 0.508923,
2.22664 0.503093,
2.22751 0.497214,
2.22801 0.4917,
2.2283 0.485757,
2.22853 0.479513,
2.22865 0.472053,
2.22868 0.465972,
2.22865 0.459764,
2.22869 0.453481,
2.22873 0.44638,
2.22871 0.44064,
2.22868 0.434979,
2.22866 0.429319,
2.22763 0.423543,
2.22553 0.416678,
2.22381 0.411214,
2.22186 0.405756,
2.21967 0.400126,
2.21753 0.395022,
2.21561 0.389985,
2.21354 0.385034,
2.21159 0.380213,
2.20941 0.375386,
2.20706 0.370522,
2.20426 0.365287,
2.20116 0.359934,
2.19753 0.354391,
2.19407 0.349405,
2.19081 0.344907,
2.18756 0.340407,
2.18346 0.336394,
2.17879 0.332325,
2.17385 0.328372,
2.16893 0.32442,
2.16301 0.321261,
2.1577 0.319157,
2.15232 0.317483,
2.14694 0.315808,
2.14082 0.315092,
2.13471 0.314375,
2.12841 0.314459,
2.12209 0.314542,
2.11576 0.31465,
2.10966 0.314967,
2.10358 0.315315,
2.09749 0.316069,
2.09156 0.317297,
2.08572 0.318785,
2.08001 0.320517,
2.07426 0.322408,
2.06837 0.324586,
2.06245 0.327152,
2.05677 0.330291,
2.05085 0.333233,
2.04456 0.336413,
2.03719 0.339667,
2.03252 0.34355,
2.02784 0.347434,
2.02217 0.351814,
2.01699 0.35648,
2.01195 0.360593,
2.00692 0.364457,
2.0021 0.368078,
1.99618 0.372875,
1.99098 0.377054,
1.98579 0.381231,
1.98187 0.385638,
1.97795 0.390044,
1.97269 0.39624,
1.96852 0.403101,
1.96434 0.409959,
1.96256 0.414172,
1.96039 0.421783,
1.95821 0.429396,
1.95711 0.435835,
1.95641 0.442178,
1.95604 0.448348,
1.95554 0.454864,
1.95501 0.460897,
1.95468 0.466728,
1.95468 0.474352,
1.9545 0.481804,
1.95442 0.487518,
1.95434 0.493232,
1.95462 0.497287,
1.95691 0.504508,
1.95909 0.511129,
1.96129 0.517748,
1.963 0.524011,
1.96526 0.531388,
1.9672 0.538153,
1.96907 0.544667,
1.97107 0.551048,
1.97367 0.556893,
1.97638 0.562445,
1.97884 0.568012,
1.98143 0.573661,
1.98396 0.579558,
1.98707 0.58569,
1.99071 0.591822,
1.99458 0.597742,
2.00378 0.608761,
2.00893 0.613852,
2.01533 0.617714,
2.02932 0.623026,
"/>
<Contour name="InnerMembrane" hidden="false" closed="true" simplified="true" border="1 0 0" fill="1 0 0" mode="11"
points="2.03035 0.375768,
2.02391 0.37784,
2.01748 0.379909,
2.0108 0.382696,
2.00405 0.385777,
1.9997 0.389549,
1.99595 0.394249,
1.99276 0.399397,
1.98958 0.404544,
1.98761 0.41032,
1.98565 0.416096,
1.98429 0.422336,
1.98253 0.430587,
1.97968 0.436829,
1.97681 0.443071,
1.97486 0.449271,
1.97404 0.455136,
1.97322 0.461001,
1.97349 0.466629,
1.97377 0.472258,
1.97423 0.478211,
1.97505 0.485005,
1.97625 0.492566,
1.97709 0.499961,
1.97848 0.507209,
1.97987 0.514457,
1.98258 0.521394,
1.98494 0.528449,
1.98752 0.535414,
1.99044 0.542176,
1.9936 0.548801,
1.99718 0.554648,
2.00101 0.56029,
2.00495 0.56577,
2.00889 0.571253,
2.01338 0.576511,
2.01786 0.58177,
2.02363 0.585549,
2.02948 0.588747,
2.03534 0.591945,
2.04085 0.595432,
2.04629 0.598393,
2.05197 0.60057,
2.05833 0.602359,
2.06469 0.604146,
2.07081 0.604711,
2.07695 0.605275,
2.08278 0.605332,
2.08856 0.605124,
2.09469 0.604187,
2.10082 0.603251,
2.10727 0.601913,
2.11371 0.600576,
2.12059 0.5984,
2.12785 0.595925,
2.13325 0.593967,
2.13977 0.591551,
2.14835 0.586526,
2.15352 0.581432,
2.15814 0.575711,
2.16277 0.569989,
2.16698 0.562638,
2.17005 0.556275,
2.1731 0.54991,
2.17633 0.543355,
2.17994 0.536708,
2.18389 0.530348,
2.18806 0.523923,
2.19073 0.517592,
2.1934 0.51126,
2.19596 0.504884,
2.1978 0.498694,
2.19898 0.493292,
2.20017 0.487892,
2.20124 0.477873,
2.20119 0.471042,
2.20113 0.46421,
2.20111 0.457663,
2.20113 0.451736,
2.20099 0.446106,
2.20085 0.440378,
2.20068 0.434206,
2.20022 0.427505,
2.19935 0.419753,
2.19808 0.411838,
2.19653 0.407202,
2.19442 0.403033,
2.19007 0.397338,
2.18645 0.391529,
2.18281 0.385718,
2.17721 0.380915,
2.17164 0.376111,
2.16769 0.373602,
2.16178 0.371371,
2.15588 0.369143,
2.14876 0.369008,
2.14164 0.368872,
2.13477 0.369125,
2.12834 0.369458,
2.12232 0.369953,
2.11619 0.370876,
2.1097 0.372465,
2.10353 0.37432,
2.09772 0.376083,
2.09141 0.377257,
2.08354 0.377146,
2.07516 0.376498,
2.06842 0.375583,
2.06168 0.374668,
2.0554 0.374089,
2.0489 0.374237,
2.04239 0.374382,
2.0356 0.374484,
"/>
<Contour name="CristaeMembrane" hidden="false" closed="true" simplified="true" border="1 0 0" fill="1 0 0" mode="11"
points="2.11242 0.52316,
2.11111 0.524559,
2.11042 0.52503,
2.10938 0.525754,
2.10837 0.526479,
2.1076 0.527196,
2.10647 0.527829,
2.10532 0.5286,
2.10417 0.529371,
2.10291 0.530386,
2.10237 0.531375,
2.10148 0.531983,
2.10061 0.532593,
2.09956 0.533267,
2.09849 0.53413,
2.09743 0.534856,
2.09636 0.535583,
2.09503 0.536229,
2.09372 0.536875,
2.09267 0.536923,
2.09148 0.537212,
2.08984 0.53803,
2.08908 0.538355,
2.08739 0.539201,
2.08547 0.539334,
2.08449 0.539381,
2.08326 0.539678,
2.08198 0.540314,
2.08042 0.54066,
2.07919 0.540816,
2.07798 0.54097,
2.07703 0.541031,
2.07581 0.541341,
2.07511 0.541653,
2.07389 0.542135,
2.07262 0.542399,
2.07134 0.542665,
2.0705 0.542842,
2.06938 0.54315,
2.06829 0.543458,
2.06735 0.543624,
2.06622 0.543947,
2.06509 0.54427,
2.06425 0.5444,
2.06323 0.544757,
2.06214 0.544975,
2.06105 0.545195,
2.05989 0.54507,
2.05863 0.545195,
2.05725 0.545661,
2.05597 0.54579,
2.05469 0.54592,
2.05394 0.545892,
2.05295 0.546002,
2.05184 0.546356,
2.05066 0.546537,
2.04954 0.546623,
2.04847 0.546668,
2.04739 0.546712,
2.04659 0.546787,
2.04579 0.546974,
2.04493 0.547307,
2.04395 0.547804,
2.04296 0.548303,
2.0419 0.549218,
2.04109 0.549948,
2.04029 0.550678,
2.03937 0.551596,
2.03844 0.552514,
2.03775 0.553323,
2.03688 0.554541,
2.03603 0.55576,
2.03513 0.556842,
2.0345 0.558167,
2.03429 0.559005,
2.03363 0.560757,
2.03355 0.561964,
2.03345 0.563171,
2.03342 0.56418,
2.03339 0.565502,
2.03337 0.566823,
2.03347 0.567691,
2.03373 0.568667,
2.03421 0.569643,
2.03468 0.570618,
2.03526 0.57166,
2.03586 0.572526,
2.03645 0.573392,
2.03719 0.574433,
2.03788 0.575543,
2.03859 0.576654,
2.03888 0.577421,
2.03929 0.578138,
2.04011 0.579025,
2.04147 0.580467,
2.04252 0.581506,
2.04349 0.582477,
2.04428 0.583268,
2.04498 0.583984,
2.04574 0.584735,
2.04652 0.585523,
2.0479 0.586872,
2.04872 0.587697,
2.04954 0.588522,
2.05011 0.589109,
2.05077 0.589618,
2.05249 0.590484,
2.05361 0.591066,
2.05472 0.591648,
2.05554 0.591981,
2.05654 0.592109,
2.05759 0.59242,
2.05863 0.592734,
2.05992 0.593167,
2.06122 0.5936,
2.062 0.593805,
2.06309 0.593842,
2.06453 0.59387,
2.06581 0.59387,
2.06701 0.593888,
2.06838 0.593898,
2.06952 0.593903,
2.07057 0.593903,
2.07175 0.59388,
2.07371 0.59391,
2.07553 0.593908,
2.07672 0.593765,
2.07745 0.593552,
2.07896 0.592991,
2.0799 0.59274,
2.0809 0.592268,
2.08173 0.591561,
2.08255 0.590853,
2.08373 0.590262,
2.0849 0.589672,
2.08613 0.589259,
2.08761 0.588512,
2.08856 0.587992,
2.08952 0.587194,
2.09043 0.58629,
2.09125 0.585472,
2.0921 0.584617,
2.09349 0.58322,
2.09474 0.581938,
2.09559 0.581162,
2.09644 0.580385,
2.09745 0.579896,
2.09845 0.579409,
2.09954 0.57874,
2.10027 0.578056,
2.10122 0.577587,
2.10215 0.577118,
2.10356 0.57638,
2.10448 0.57593,
2.10542 0.575481,
2.10696 0.574928,
2.10796 0.574554,
2.10897 0.574182,
2.1097 0.574044,
2.11061 0.573726,
2.11148 0.573259,
2.1133 0.572508,
2.11421 0.572281,
2.1154 0.571722,
2.11644 0.571289,
2.11749 0.570854,
2.11862 0.570533,
2.11983 0.569875,
2.12104 0.569054,
2.12226 0.568232,
2.12298 0.567957,
2.12442 0.567033,
2.12542 0.5664,
2.12713 0.565474,
2.12865 0.564708,
2.13021 0.564199,
2.13116 0.563863,
2.13218 0.563358,
2.13333 0.562938,
2.13446 0.562518,
2.13531 0.562203,
2.1362 0.561703,
2.13726 0.56078,
2.13833 0.559858,
2.1393 0.559381,
2.14028 0.558905,
2.14166 0.5582,
2.14259 0.557708,
2.14346 0.556936,
2.14443 0.556227,
2.14617 0.555278,
2.1471 0.555028,
2.14814 0.554548,
2.14879 0.554105,
2.15006 0.553315,
2.15134 0.552523,
2.15255 0.551896,
2.15345 0.55127,
2.15445 0.550663,
2.15545 0.550054,
2.15632 0.549638,
2.15722 0.54888,
2.15824 0.547931,
2.15914 0.547248,
2.16003 0.546566,
2.16108 0.545917,
2.16195 0.545064,
2.16275 0.544275,
2.16362 0.543414,
2.16447 0.542553,
2.16524 0.541369,
2.16611 0.540101,
2.16683 0.538988,
2.16719 0.537866,
2.16754 0.536746,
2.16803 0.535637,
2.16842 0.534455,
2.16874 0.533261,
2.16905 0.532067,
2.16964 0.530819,
2.16992 0.529469,
2.16992 0.5283,
2.16993 0.527073,
2.16993 0.525758,
2.16993 0.524428,
2.16993 0.523127,
2.16995 0.521858,
2.16995 0.520587,
2.16977 0.519216,
2.16929 0.518194,
2.16887 0.517231,
2.16841 0.516328,
2.16778 0.515063,
2.16715 0.513799,
2.16655 0.512136,
2.16624 0.511109,
2.16569 0.510042,
2.16487 0.509138,
2.16395 0.508177,
2.16298 0.507203,
2.16201 0.50623,
2.16137 0.505781,
2.16068 0.505415,
2.15986 0.505115,
2.15876 0.504743,
2.15765 0.504371,
2.15685 0.504167,
2.15578 0.504133,
2.15466 0.50401,
2.15355 0.503887,
2.1523 0.503613,
2.15106 0.503339,
2.15002 0.503296,
2.14899 0.50328,
2.14796 0.503267,
2.14687 0.503259,
2.14568 0.503257,
2.14453 0.503254,
2.14337 0.503323,
2.14218 0.503391,
2.14094 0.503736,
2.13969 0.504079,
2.13838 0.504154,
2.1371 0.504523,
2.13538 0.505092,
2.13436 0.505405,
2.13256 0.505717,
2.13175 0.505807,
2.13098 0.506002,
2.13023 0.506304,
2.12928 0.506783,
2.12824 0.507303,
2.12721 0.507824,
2.12575 0.508321,
2.125 0.508548,
2.12339 0.509354,
2.12232 0.509865,
2.12127 0.510375,
2.12003 0.511149,
2.11926 0.511888,
2.11804 0.513395,
2.11773 0.51457,
2.11742 0.515742,
2.11721 0.516718,
2.11668 0.517937,
2.11596 0.518922,
2.11529 0.520403,
2.1146 0.5211,
2.11352 0.52213,
"/>
</Transform>

</Section>
