<?xml version="1.0"?>
<!DOCTYPE Section SYSTEM "section.dtd">

<Section index="641" thickness="0.00164" alignLocked="true">
<Transform dim="0"
 xcoef=" 0 1 0 0 0 0"
 ycoef=" 0 0 1 0 0 0">
<Contour name="OuterMembrane" hidden="false" closed="true" simplified="true" border="1 0 0" fill="1 0 0" mode="11"
points="2.05215 0.629458,
2.05877 0.631725,
2.06547 0.632883,
2.07214 0.63404,
2.07804 0.634352,
2.08396 0.634664,
2.09215 0.63445,
2.09626 0.634678,
2.10151 0.633986,
2.10768 0.633129,
2.11371 0.632125,
2.11975 0.631123,
2.12523 0.629714,
2.13067 0.628164,
2.1361 0.626469,
2.14171 0.624309,
2.14728 0.622121,
2.15286 0.619935,
2.15803 0.617244,
2.16311 0.614377,
2.16818 0.611121,
2.17361 0.607436,
2.17869 0.603632,
2.1835 0.599636,
2.18768 0.595315,
2.19197 0.590884,
2.19575 0.586364,
2.19922 0.5821,
2.20272 0.577836,
2.20572 0.573216,
2.20874 0.568598,
2.21188 0.564442,
2.2141 0.55927,
2.21608 0.55368,
2.21785 0.548165,
2.21964 0.54265,
2.22163 0.537074,
2.22381 0.531352,
2.22614 0.52554,
2.22781 0.519321,
2.22919 0.512966,
2.23055 0.506611,
2.23186 0.500056,
2.23275 0.493989,
2.23384 0.487772,
2.2345 0.482186,
2.23489 0.476691,
2.23504 0.469871,
2.23519 0.4633,
2.23512 0.457555,
2.23465 0.451987,
2.23386 0.44636,
2.23306 0.440734,
2.23168 0.434741,
2.22989 0.428461,
2.22815 0.422518,
2.22641 0.416575,
2.22436 0.411528,
2.22192 0.406317,
2.21946 0.400937,
2.21667 0.395678,
2.21389 0.390418,
2.21023 0.385348,
2.20724 0.380452,
2.20427 0.375557,
2.20163 0.371457,
2.1966 0.366238,
2.19171 0.361797,
2.18705 0.357386,
2.1824 0.352974,
2.17754 0.349943,
2.17285 0.346873,
2.16803 0.343956,
2.1627 0.341332,
2.1568 0.339285,
2.15125 0.337751,
2.14571 0.33622,
2.13902 0.335841,
2.13256 0.335477,
2.12716 0.335359,
2.1217 0.335296,
2.11578 0.335231,
2.10988 0.335167,
2.10335 0.33569,
2.09708 0.335946,
2.09084 0.336202,
2.08511 0.337337,
2.07941 0.338471,
2.07271 0.340177,
2.06604 0.341881,
2.06032 0.343739,
2.05449 0.345551,
2.04882 0.34756,
2.04326 0.349799,
2.03772 0.352037,
2.03248 0.353815,
2.02722 0.35577,
2.02141 0.358217,
2.01561 0.360666,
2.00931 0.364972,
2.00306 0.369233,
1.99695 0.373672,
1.99085 0.378113,
1.98547 0.38304,
1.9801 0.388068,
1.97587 0.39214,
1.97197 0.396044,
1.96849 0.4006,
1.965 0.405155,
1.96203 0.410123,
1.95905 0.415092,
1.957 0.420612,
1.95527 0.426503,
1.9536 0.432086,
1.95227 0.437381,
1.95135 0.442839,
1.95071 0.448563,
1.95039 0.454847,
1.95017 0.461398,
1.95007 0.466915,
1.95011 0.47447,
1.95004 0.481855,
1.95001 0.487538,
1.94998 0.493219,
1.9504 0.497276,
1.95272 0.505287,
1.95439 0.513476,
1.95663 0.51862,
1.95937 0.525463,
1.96205 0.531768,
1.96449 0.537968,
1.96692 0.543478,
1.96961 0.548641,
1.97258 0.553938,
1.97563 0.558651,
1.98094 0.567573,
1.98593 0.573634,
1.99093 0.579202,
1.99593 0.58477,
2.0006 0.588337,
2.00534 0.591988,
2.00989 0.595983,
2.01413 0.599968,
2.01843 0.603564,
2.02251 0.607303,
2.02666 0.611646,
2.0308 0.615987,
2.03503 0.620486,
2.04008 0.624056,
2.04611 0.626757,
"/>
<Contour name="InnerMembrane" hidden="false" closed="true" simplified="true" border="1 0 0" fill="1 0 0" mode="11"
points="2.10084 0.608529,
2.10756 0.607868,
2.1143 0.607208,
2.12296 0.604274,
2.12934 0.601665,
2.13572 0.599054,
2.14048 0.595856,
2.1454 0.592596,
2.15037 0.588932,
2.15563 0.585209,
2.16126 0.581383,
2.16641 0.577367,
2.17154 0.573352,
2.17608 0.569439,
2.1804 0.565226,
2.18409 0.560642,
2.18778 0.55606,
2.1907 0.551109,
2.19363 0.545966,
2.19655 0.540821,
2.19826 0.536915,
2.19949 0.531573,
2.2008 0.525631,
2.20211 0.51969,
2.20385 0.514015,
2.20508 0.506824,
2.20644 0.500394,
2.20818 0.493971,
2.20972 0.486509,
2.21079 0.479592,
2.21146 0.473247,
2.21169 0.466718,
2.2119 0.459681,
2.21213 0.452643,
2.21088 0.445303,
2.20965 0.43796,
2.20664 0.43124,
2.20341 0.424983,
2.20008 0.418958,
2.19689 0.413168,
2.19353 0.407884,
2.19015 0.4026,
2.18681 0.398297,
2.18251 0.392649,
2.17823 0.387002,
2.17361 0.382181,
2.16892 0.37814,
2.16365 0.374512,
2.15809 0.371078,
2.15006 0.372262,
2.14286 0.373238,
2.13646 0.374035,
2.13029 0.374891,
2.12367 0.375652,
2.11703 0.376413,
2.1083 0.378068,
2.10379 0.378033,
2.09933 0.377375,
2.09297 0.377121,
2.08659 0.376867,
2.07991 0.376011,
2.07324 0.375155,
2.06666 0.373995,
2.0603 0.372291,
2.05369 0.370535,
2.0467 0.368846,
2.04052 0.367854,
2.03506 0.369572,
2.02958 0.371291,
2.02396 0.373894,
2.01817 0.377264,
2.01253 0.381285,
2.00688 0.385308,
2.00236 0.390005,
1.99791 0.394651,
1.99399 0.399963,
1.99068 0.405516,
1.98735 0.411069,
1.98509 0.41684,
1.98281 0.42261,
1.98137 0.428014,
1.97937 0.434406,
1.97736 0.440796,
1.97592 0.446731,
1.97446 0.452665,
1.9744 0.459395,
1.97435 0.465596,
1.97426 0.471679,
1.97418 0.477762,
1.97476 0.483943,
1.97674 0.489752,
1.9781 0.495757,
1.97966 0.502171,
1.98092 0.508812,
1.98289 0.515586,
1.98535 0.522525,
1.98771 0.528839,
1.9903 0.535637,
1.99312 0.542719,
1.99568 0.548562,
1.99841 0.553789,
2.00113 0.559015,
2.00506 0.563642,
2.00926 0.568409,
2.01423 0.573137,
2.01974 0.577962,
2.02502 0.582362,
2.03029 0.586764,
2.03542 0.589913,
2.04036 0.59285,
2.04531 0.595787,
2.05331 0.598411,
2.06077 0.601411,
2.06819 0.603174,
2.0756 0.604937,
2.0828 0.607171,
2.08733 0.607695,
2.09408 0.608112,
"/>
<Contour name="CristaeMembrane" hidden="false" closed="true" simplified="true" border="1 0 0" fill="1 0 0" mode="11"
points="2.09175 0.542163,
2.09233 0.541923,
2.09111 0.54189,
2.08988 0.541859,
2.08885 0.541825,
2.08744 0.541808,
2.08628 0.5418,
2.08521 0.541799,
2.08413 0.541808,
2.08296 0.541802,
2.08157 0.541797,
2.08047 0.541813,
2.07937 0.541828,
2.07755 0.54181,
2.0765 0.5418,
2.07542 0.541808,
2.07435 0.541817,
2.07307 0.541808,
2.07188 0.5418,
2.06989 0.541794,
2.06907 0.541822,
2.06807 0.54201,
2.06689 0.54233,
2.06571 0.54265,
2.06486 0.542812,
2.06389 0.543124,
2.06278 0.543294,
2.06166 0.543465,
2.06079 0.543624,
2.05895 0.544316,
2.05792 0.544569,
2.05604 0.545077,
2.05477 0.545287,
2.05369 0.545608,
2.05264 0.545749,
2.05149 0.545825,
2.05049 0.545863,
2.04893 0.545877,
2.04747 0.545982,
2.04601 0.546087,
2.04474 0.546661,
2.04346 0.547235,
2.04262 0.547689,
2.04114 0.548808,
2.04029 0.549249,
2.03936 0.550071,
2.03847 0.550896,
2.0376 0.551719,
2.0367 0.552852,
2.03634 0.553559,
2.03601 0.554596,
2.0357 0.55563,
2.03539 0.556327,
2.03503 0.557925,
2.03503 0.559329,
2.03504 0.560501,
2.03503 0.561567,
2.03503 0.562604,
2.03501 0.563681,
2.03501 0.564759,
2.03501 0.565962,
2.03501 0.567263,
2.03501 0.568565,
2.03527 0.57002,
2.03567 0.570986,
2.03626 0.571904,
2.03731 0.573014,
2.03831 0.574013,
2.03929 0.575004,
2.04029 0.575994,
2.04114 0.576836,
2.04201 0.577675,
2.04264 0.578348,
2.04334 0.578918,
2.04447 0.579519,
2.04546 0.579997,
2.04706 0.581103,
2.04784 0.581629,
2.04926 0.582315,
2.05062 0.583064,
2.05171 0.583719,
2.05279 0.584373,
2.05367 0.585236,
2.05494 0.586006,
2.05605 0.586362,
2.05717 0.586718,
2.05861 0.587435,
2.05966 0.587835,
2.06058 0.588425,
2.0615 0.589017,
2.06228 0.589632,
2.06315 0.59011,
2.0642 0.590585,
2.06525 0.591061,
2.06643 0.591702,
2.06761 0.592345,
2.06835 0.592688,
2.06963 0.592883,
2.07075 0.592983,
2.07201 0.593032,
2.07327 0.593081,
2.07491 0.593081,
2.07603 0.592917,
2.07729 0.592498,
2.07855 0.592078,
2.07978 0.591745,
2.0809 0.591566,
2.08201 0.591389,
2.08306 0.591141,
2.08462 0.590344,
2.08554 0.589857,
2.08662 0.589396,
2.08769 0.588937,
2.08859 0.588747,
2.08944 0.588424,
2.09029 0.587929,
2.0912 0.587097,
2.09302 0.58641,
2.09382 0.586184,
2.09461 0.585841,
2.09546 0.585185,
2.09656 0.584591,
2.09766 0.583997,
2.0984 0.583833,
2.09912 0.583576,
2.10013 0.58301,
2.10191 0.582123,
2.10309 0.581731,
2.10425 0.581339,
2.10499 0.581054,
2.10592 0.58059,
2.10702 0.580035,
2.10812 0.579483,
2.10902 0.579038,
2.11011 0.578484,
2.11119 0.577928,
2.11273 0.577383,
2.11394 0.576983,
2.11463 0.576624,
2.11626 0.575684,
2.1175 0.575214,
2.11827 0.57474,
2.11924 0.57441,
2.12021 0.574082,
2.12096 0.573854,
2.1217 0.573521,
2.12267 0.572826,
2.12364 0.57213,
2.12513 0.571619,
2.12618 0.571278,
2.12728 0.570653,
2.12841 0.569952,
2.12954 0.569252,
2.13084 0.568924,
2.13174 0.568481,
2.13264 0.568039,
2.13367 0.567483,
2.13457 0.56702,
2.13548 0.566558,
2.1362 0.566271,
2.13758 0.56557,
2.13828 0.565219,
2.13915 0.564575,
2.14004 0.563932,
2.14112 0.563342,
2.14228 0.562525,
2.14345 0.561708,
2.14474 0.56118,
2.1464 0.56015,
2.14763 0.559737,
2.1483 0.55937,
2.14981 0.55822,
2.15096 0.5576,
2.15237 0.55697,
2.15314 0.556829,
2.15388 0.556588,
2.15458 0.55626,
2.15522 0.555844,
2.15617 0.554994,
2.15712 0.554145,
2.15835 0.553487,
2.15931 0.552841,
2.16026 0.552193,
2.16136 0.551422,
2.16245 0.550325,
2.16334 0.549651,
2.16423 0.548979,
2.1649 0.548578,
2.16565 0.547903,
2.16651 0.547079,
2.16723 0.546366,
2.16803 0.545572,
2.16897 0.544654,
2.16983 0.543778,
2.17072 0.542902,
2.17144 0.542004,
2.17198 0.541138,
2.17252 0.540272,
2.17315 0.539191,
2.17375 0.538109,
2.17397 0.537271,
2.17498 0.535806,
2.17538 0.534615,
2.17589 0.533359,
2.17639 0.532101,
2.17687 0.531175,
2.17735 0.530246,
2.17777 0.529328,
2.1783 0.528383,
2.17881 0.52744,
2.17949 0.526638,
2.18012 0.525536,
2.18049 0.524354,
2.18089 0.523324,
2.1813 0.522294,
2.18179 0.521374,
2.18212 0.520293,
2.18223 0.519057,
2.18233 0.51782,
2.18264 0.516587,
2.183 0.515354,
2.18336 0.514122,
2.18374 0.513033,
2.18381 0.511893,
2.18389 0.510763,
2.18397 0.509635,
2.18448 0.508392,
2.18464 0.507637,
2.18468 0.506284,
2.18469 0.505069,
2.18469 0.50387,
2.18476 0.502639,
2.18481 0.501407,
2.18525 0.500375,
2.18538 0.499178,
2.18545 0.497947,
2.1855 0.496713,
2.18587 0.495336,
2.18623 0.493957,
2.1865 0.492863,
2.18674 0.491769,
2.18692 0.490583,
2.1871 0.489399,
2.18765 0.488267,
2.18781 0.486888,
2.18791 0.485796,
2.18794 0.484595,
2.18797 0.483397,
2.18765 0.481822,
2.1872 0.480476,
2.18674 0.479128,
2.18635 0.478327,
2.18584 0.477596,
2.18482 0.476554,
2.18396 0.475674,
2.18312 0.474824,
2.18225 0.47395,
2.18138 0.473078,
2.18079 0.472545,
2.1801 0.472084,
2.17926 0.471675,
2.17818 0.470724,
2.17776 0.469621,
2.17754 0.468371,
2.17767 0.467226,
2.17789 0.465991,
2.1781 0.464758,
2.17869 0.463446,
2.17889 0.462655,
2.17897 0.461845,
2.17894 0.460981,
2.17917 0.459928,
2.1794 0.458875,
2.18022 0.457252,
2.18049 0.456227,
2.18056 0.455218,
2.18058 0.453691,
2.18059 0.452304,
2.18081 0.451092,
2.18102 0.44988,
2.18122 0.448674,
2.18131 0.447449,
2.18136 0.446206,
2.18143 0.444962,
2.18141 0.44329,
2.18128 0.44227,
2.1809 0.441185,
2.18007 0.439479,
2.17954 0.438444,
2.17902 0.437409,
2.17817 0.436404,
2.17735 0.4355,
2.17651 0.434597,
2.17564 0.433837,
2.17467 0.433324,
2.17369 0.432811,
2.1727 0.432315,
2.17167 0.432019,
2.17067 0.431965,
2.16921 0.431946,
2.16798 0.431933,
2.16685 0.431943,
2.16572 0.431953,
2.16414 0.43237,
2.16252 0.432911,
2.16168 0.433193,
2.16083 0.433631,
2.15999 0.434365,
2.15913 0.435179,
2.15826 0.435992,
2.15737 0.437039,
2.15665 0.438526,
2.15619 0.439297,
2.15576 0.440332,
2.15535 0.441367,
2.15468 0.442544,
2.15401 0.44372,
2.15355 0.444622,
2.15314 0.445819,
2.15281 0.446798,
2.15243 0.447994,
2.15206 0.449191,
2.15132 0.450674,
2.15089 0.451735,
2.15063 0.452961,
2.1502 0.454182,
2.14961 0.45509,
2.14901 0.455999,
2.1481 0.456886,
2.14719 0.457772,
2.14645 0.45848,
2.14571 0.459189,
2.14497 0.460009,
2.14422 0.460827,
2.1434 0.461567,
2.14258 0.462352,
2.14177 0.463138,
2.14087 0.463343,
2.14004 0.463682,
2.13918 0.464184,
2.13831 0.465038,
2.13746 0.465893,
2.13669 0.466669,
2.13594 0.467444,
2.13456 0.468715,
2.13369 0.46958,
2.13282 0.470444,
2.13231 0.47099,
2.13187 0.471597,
2.13097 0.472591,
2.13006 0.473584,
2.12906 0.474244,
2.12841 0.474857,
2.12777 0.475972,
2.12711 0.477089,
2.12669 0.477811,
2.12618 0.479205,
2.1259 0.481005,
2.12549 0.481981,
2.12526 0.483014,
2.12514 0.484126,
2.12488 0.48514,
2.12462 0.486152,
2.12413 0.487103,
2.12364 0.488154,
2.12314 0.489205,
2.12249 0.490289,
2.12224 0.491638,
2.12198 0.492986,
2.12144 0.494162,
2.12127 0.49536,
2.12106 0.496536,
2.12083 0.497714,
2.12042 0.49899,
2.12036 0.500016,
2.11996 0.501389,
2.11957 0.502762,
2.11908 0.503729,
2.11881 0.504551,
2.1185 0.506473,
2.11808 0.507542,
2.1179 0.508618,
2.11754 0.509643,
2.11719 0.510668,
2.11647 0.511513,
2.1159 0.512516,
2.11549 0.513773,
2.11524 0.514898,
2.11481 0.516024,
2.11429 0.51723,
2.11376 0.518437,
2.11321 0.519306,
2.11252 0.520146,
2.11183 0.520985,
2.11104 0.522222,
2.11065 0.523395,
2.11016 0.52462,
2.10965 0.525845,
2.10888 0.527403,
2.10838 0.528364,
2.10786 0.529359,
2.10733 0.530356,
2.10663 0.531178,
2.10609 0.53221,
2.10555 0.533243,
2.10515 0.534215,
2.10469 0.535198,
2.10425 0.53618,
2.10371 0.537202,
2.10315 0.538223,
2.10215 0.539265,
2.10102 0.539993,
2.10009 0.540647,
2.09915 0.541302,
2.0984 0.541713,
2.09759 0.542013,
2.09638 0.542233,
2.09512 0.542225,
2.09387 0.542217,
2.09253 0.542184,
"/>
<Contour name="CristaeMembrane" hidden="false" closed="true" simplified="true" border="1 0 0" fill="1 0 0" mode="11"
points="2.16619 0.522768,
2.16665 0.522099,
2.16701 0.521376,
2.16752 0.520361,
2.16803 0.519344,
2.16908 0.518055,
2.17006 0.516477,
2.17085 0.515388,
2.17134 0.514219,
2.17154 0.513087,
2.1719 0.511829,
2.17226 0.510571,
2.17241 0.508682,
2.17239 0.507493,
2.17239 0.506491,
2.17239 0.505487,
2.17233 0.504184,
2.1719 0.50325,
2.17154 0.502268,
2.17118 0.501286,
2.17072 0.500377,
2.17006 0.499618,
2.16941 0.498858,
2.16864 0.498079,
2.16785 0.497327,
2.16708 0.496576,
2.16639 0.495847,
2.16528 0.494765,
2.16414 0.493683,
2.16337 0.49322,
2.16254 0.492879,
2.16108 0.492328,
2.15963 0.491777,
2.15842 0.491451,
2.15721 0.491126,
2.15634 0.490977,
2.15493 0.490982,
2.1535 0.490985,
2.1524 0.49121,
2.15143 0.49167,
2.15047 0.49213,
2.14966 0.492492,
2.14891 0.492969,
2.1481 0.493701,
2.14745 0.494568,
2.14686 0.49547,
2.14617 0.496326,
2.14546 0.497184,
2.14471 0.498344,
2.14437 0.499446,
2.14402 0.500546,
2.14358 0.50152,
2.14343 0.502621,
2.14335 0.503716,
2.1433 0.504815,
2.14328 0.506061,
2.14327 0.507414,
2.14327 0.508512,
2.14327 0.510199,
2.14328 0.511778,
2.14327 0.513235,
2.14327 0.514616,
2.14325 0.515965,
2.14325 0.517376,
2.14325 0.518475,
2.14325 0.519573,
2.14328 0.521322,
2.1435 0.522404,
2.14402 0.523555,
2.14446 0.524469,
2.14502 0.525627,
2.1456 0.526786,
2.14602 0.527478,
2.14661 0.528173,
2.14733 0.528797,
2.14865 0.529484,
2.15112 0.529923,
2.15239 0.529909,
2.15362 0.529628,
2.1557 0.529085,
2.15691 0.528802,
2.15814 0.528213,
2.15903 0.527731,
2.1607 0.526958,
2.16152 0.526506,
2.16227 0.525833,
2.16318 0.525141,
2.16409 0.524447,
2.16518 0.523783,
"/>
</Transform>

</Section>
