<?xml version="1.0"?>
<!DOCTYPE Section SYSTEM "section.dtd">

<Section index="653" thickness="0.00164" alignLocked="true">
<Transform dim="0"
 xcoef=" 0 1 0 0 0 0"
 ycoef=" 0 0 1 0 0 0">
<Contour name="OuterMembrane" hidden="false" closed="true" simplified="true" border="1 0 0" fill="1 0 0" mode="11"
points="2.03842 0.6201,
2.03614 0.619708,
2.03485 0.619111,
2.0377 0.620724,
2.04326 0.622951,
2.04928 0.624568,
2.05528 0.626185,
2.06141 0.628095,
2.06755 0.630006,
2.0754 0.630159,
2.08196 0.630232,
2.08852 0.630306,
2.09371 0.629547,
2.09917 0.6282,
2.10461 0.62692,
2.11004 0.625637,
2.11553 0.624072,
2.12106 0.622182,
2.12687 0.619502,
2.13236 0.616733,
2.13785 0.613965,
2.14341 0.610428,
2.14897 0.607231,
2.15404 0.603702,
2.15886 0.600237,
2.1637 0.596773,
2.16838 0.593083,
2.1733 0.589585,
2.1783 0.585588,
2.18328 0.581592,
2.1875 0.576895,
2.19109 0.572362,
2.19417 0.56785,
2.19726 0.563338,
2.19995 0.558822,
2.20262 0.554307,
2.20557 0.546512,
2.20778 0.539506,
2.20911 0.533151,
2.21026 0.526855,
2.21187 0.52059,
2.21361 0.514161,
2.21512 0.507385,
2.21626 0.501156,
2.21741 0.494926,
2.21851 0.487224,
2.21902 0.479759,
2.21938 0.473186,
2.21969 0.467049,
2.21985 0.459515,
2.21938 0.452752,
2.21894 0.44627,
2.21823 0.440138,
2.21739 0.434326,
2.21656 0.428514,
2.21516 0.422902,
2.21369 0.417137,
2.21221 0.411371,
2.21082 0.405615,
2.20929 0.400062,
2.20792 0.394868,
2.20628 0.389502,
2.20408 0.383689,
2.20188 0.377879,
2.19873 0.372562,
2.19534 0.367191,
2.19194 0.36182,
2.18917 0.357048,
2.18351 0.348615,
2.17656 0.341894,
2.17018 0.33835,
2.16378 0.334952,
2.15796 0.332282,
2.15186 0.330117,
2.14584 0.328343,
2.14018 0.326934,
2.13274 0.325064,
2.12626 0.323854,
2.12041 0.323078,
2.11485 0.322532,
2.10525 0.321993,
2.09771 0.323187,
2.09095 0.324545,
2.08488 0.326206,
2.07883 0.327869,
2.07124 0.329322,
2.06366 0.330777,
2.05892 0.331396,
2.05126 0.334212,
2.04446 0.336972,
2.03765 0.339734,
2.03132 0.342568,
2.02507 0.345087,
2.01946 0.347839,
2.01385 0.350625,
2.00829 0.353474,
2.00305 0.356721,
1.99782 0.359967,
1.99308 0.364041,
1.98798 0.368559,
1.98294 0.37323,
1.97791 0.3779,
1.97343 0.383419,
1.96892 0.392068,
1.96703 0.397479,
1.96506 0.402897,
1.9631 0.408314,
1.96154 0.414018,
1.96026 0.419456,
1.95929 0.424834,
1.95819 0.430308,
1.95752 0.435948,
1.95709 0.44159,
1.95682 0.446852,
1.9567 0.453052,
1.95662 0.459395,
1.95657 0.464956,
1.95655 0.471864,
1.95659 0.47846,
1.95665 0.485253,
1.95734 0.491749,
1.95854 0.498006,
1.96013 0.504036,
1.96193 0.509966,
1.96372 0.515896,
1.96552 0.521828,
1.96774 0.527929,
1.96977 0.534266,
1.97202 0.540054,
1.97425 0.54584,
1.97748 0.553308,
1.98289 0.561715,
1.98704 0.56713,
1.99093 0.571983,
1.9948 0.576836,
1.99811 0.581816,
2.00205 0.586918,
2.0058 0.591858,
2.00938 0.596355,
2.01295 0.600852,
2.01753 0.60534,
2.02281 0.609934,
2.02809 0.614526,
2.03134 0.61685,
2.03486 0.618741,
"/>
<Contour name="InnerMembrane" hidden="false" closed="true" simplified="true" border="1 0 0" fill="1 0 0" mode="11"
points="2.07742 0.600616,
2.0838 0.601032,
2.08984 0.60125,
2.09571 0.601424,
2.10159 0.601596,
2.10689 0.600301,
2.11222 0.598472,
2.11722 0.596386,
2.12188 0.59398,
2.12641 0.591414,
2.13116 0.588611,
2.136 0.58558,
2.14038 0.582908,
2.14491 0.579807,
2.14889 0.576642,
2.1525 0.573306,
2.15612 0.569972,
2.16052 0.563588,
2.16295 0.560452,
2.16621 0.554194,
2.16867 0.548846,
2.171 0.543434,
2.17318 0.538127,
2.17525 0.532992,
2.17748 0.527977,
2.17945 0.522706,
2.18122 0.517364,
2.18256 0.512187,
2.18389 0.507011,
2.18555 0.502245,
2.18722 0.497478,
2.18773 0.492107,
2.18879 0.486896,
2.19025 0.481571,
2.19122 0.475866,
2.19234 0.470441,
2.19304 0.464714,
2.1934 0.458537,
2.19371 0.452299,
2.19383 0.44693,
2.19396 0.441559,
2.19268 0.436329,
2.1912 0.430828,
2.18973 0.425272,
2.18773 0.419989,
2.18576 0.414718,
2.18377 0.409447,
2.18153 0.404375,
2.17933 0.399465,
2.17699 0.394618,
2.17466 0.389771,
2.16998 0.381343,
2.16713 0.376943,
2.16349 0.373115,
2.15909 0.36994,
2.1545 0.367765,
2.14773 0.366168,
2.1413 0.366181,
2.13541 0.367496,
2.12472 0.370958,
2.11962 0.372951,
2.11414 0.374476,
2.10819 0.375703,
2.10238 0.376314,
2.09682 0.376364,
2.09115 0.376137,
2.08518 0.375726,
2.07921 0.375312,
2.0738 0.375045,
2.06812 0.374929,
2.06233 0.374415,
2.05697 0.373649,
2.05097 0.372854,
2.04495 0.372059,
2.04013 0.371196,
2.03517 0.370438,
2.02963 0.370007,
2.02409 0.369641,
2.01853 0.369276,
2.01326 0.369822,
2.00777 0.372269,
2.00224 0.375799,
1.99745 0.379316,
1.99267 0.38283,
1.98942 0.386619,
1.98632 0.391583,
1.98322 0.396549,
1.98096 0.40151,
1.97886 0.406608,
1.97748 0.411899,
1.9761 0.417188,
1.97487 0.422948,
1.97392 0.428445,
1.97295 0.433941,
1.97228 0.439285,
1.97153 0.444935,
1.97105 0.450251,
1.97087 0.456177,
1.97069 0.461658,
1.97057 0.466874,
1.97046 0.47209,
1.97071 0.476087,
1.97207 0.480825,
1.97366 0.486116,
1.97527 0.491624,
1.97645 0.496909,
1.97741 0.501935,
1.9784 0.506962,
1.9801 0.511997,
1.98179 0.517033,
1.98417 0.521269,
1.98696 0.526399,
1.98942 0.53127,
1.99173 0.53586,
1.99414 0.54058,
1.99657 0.545451,
1.99957 0.550153,
2.00269 0.554868,
2.00582 0.559583,
2.00889 0.563406,
2.01472 0.569846,
2.01996 0.57461,
2.02489 0.579317,
2.0294 0.583145,
2.0337 0.5871,
2.03801 0.591056,
2.04328 0.594772,
2.04923 0.597224,
2.05453 0.597872,
2.05981 0.59852,
2.06487 0.599346,
2.07116 0.599981,
"/>
<Contour name="CristaeMembrane" hidden="false" closed="true" simplified="true" border="1 0 0" fill="1 0 0" mode="11"
points="2.07391 0.562318,
2.07268 0.562692,
2.07148 0.563343,
2.06891 0.56393,
2.06786 0.563937,
2.0666 0.563948,
2.06535 0.563958,
2.06361 0.563952,
2.06227 0.563944,
2.06105 0.563965,
2.05976 0.56395,
2.05854 0.56394,
2.05749 0.563937,
2.05605 0.563937,
2.05471 0.563934,
2.05333 0.564006,
2.05197 0.564078,
2.05102 0.564437,
2.05 0.564637,
2.04898 0.564837,
2.04788 0.565136,
2.04679 0.565693,
2.04582 0.566192,
2.04485 0.566691,
2.04311 0.567547,
2.04218 0.567963,
2.0407 0.569124,
2.04021 0.569721,
2.03967 0.57074,
2.03914 0.571758,
2.03862 0.572783,
2.03809 0.573806,
2.03772 0.574781,
2.0375 0.575909,
2.03719 0.577018,
2.03688 0.578126,
2.03677 0.579305,
2.03617 0.580199,
2.03529 0.580675,
2.03424 0.580919,
2.03316 0.581036,
2.03203 0.581095,
2.03089 0.581137,
2.0296 0.581149,
2.02832 0.581162,
2.02661 0.581164,
2.02479 0.581241,
2.02286 0.581196,
2.02179 0.581177,
2.02071 0.581155,
2.01902 0.581154,
2.01733 0.581152,
2.01571 0.581152,
2.01408 0.581152,
2.0123 0.581165,
2.0113 0.581167,
2.0103 0.581168,
2.00877 0.58118,
2.00725 0.581191,
2.00641 0.581152,
2.00552 0.581239,
2.00439 0.581633,
2.00324 0.582028,
2.00244 0.582198,
2.00162 0.582502,
2.00059 0.583013,
1.99885 0.583717,
1.99808 0.58392,
1.99713 0.584337,
1.99549 0.585396,
1.99409 0.586336,
1.99329 0.587146,
1.99247 0.587955,
1.99142 0.58889,
1.99086 0.589621,
1.9904 0.590492,
1.99004 0.591599,
1.9897 0.592706,
1.98925 0.593944,
1.98912 0.594707,
1.98912 0.59637,
1.98912 0.597914,
1.98914 0.599459,
1.98917 0.600468,
1.98922 0.601475,
1.98911 0.602183,
1.98919 0.604073,
1.98909 0.605304,
1.98917 0.606105,
1.98935 0.606889,
1.99007 0.608604,
1.99052 0.60977,
1.99098 0.610936,
1.9917 0.612602,
1.99203 0.613788,
1.99222 0.614843,
1.99242 0.615895,
1.99239 0.616994,
1.99249 0.617803,
1.99271 0.618623,
1.99301 0.619695,
1.99332 0.620766,
1.99357 0.621578,
1.99411 0.623423,
1.99445 0.624642,
1.9949 0.625542,
1.99545 0.626623,
1.99601 0.627703,
1.9966 0.629368,
1.99701 0.630611,
1.99741 0.631333,
1.99795 0.632041,
1.99855 0.632979,
1.99918 0.633917,
1.99947 0.634695,
1.99993 0.635526,
2.00085 0.636481,
2.00175 0.637435,
2.00236 0.638126,
2.00315 0.638905,
2.00395 0.639889,
2.00467 0.640768,
2.00541 0.641647,
2.00606 0.642611,
2.00662 0.643193,
2.00793 0.644518,
2.00884 0.645297,
2.00997 0.646042,
2.01103 0.646741,
2.01208 0.647439,
2.01266 0.647953,
2.01412 0.64904,
2.01507 0.649711,
2.01579 0.650055,
2.01702 0.650545,
2.0182 0.651151,
2.01936 0.651757,
2.02005 0.65221,
2.02087 0.652582,
2.02215 0.652914,
2.02324 0.653187,
2.0242 0.653566,
2.02524 0.654012,
2.02627 0.65446,
2.02694 0.654829,
2.02766 0.655123,
2.02876 0.655347,
2.02984 0.65557,
2.03058 0.655739,
2.03222 0.656069,
2.03337 0.6563,
2.03452 0.656533,
2.03619 0.656854,
2.03742 0.657061,
2.03867 0.657268,
2.04057 0.657507,
2.04185 0.657819,
2.04359 0.657832,
2.04492 0.657932,
2.04624 0.658032,
2.04733 0.658253,
2.04843 0.658476,
2.04921 0.658637,
2.05007 0.65869,
2.05121 0.65869,
2.05236 0.65869,
2.05385 0.658683,
2.05536 0.658678,
2.05656 0.658675,
2.05776 0.658673,
2.05964 0.658603,
2.06036 0.658683,
2.06138 0.658686,
2.06317 0.65869,
2.06397 0.658629,
2.06499 0.658389,
2.06671 0.65776,
2.06743 0.657573,
2.06906 0.656961,
2.07022 0.656636,
2.07129 0.65612,
2.07234 0.655603,
2.07324 0.655054,
2.07399 0.654349,
2.07527 0.6531,
2.07631 0.652059,
2.07736 0.651016,
2.07813 0.649965,
2.07881 0.648545,
2.07977 0.64697,
2.08049 0.646044,
2.08109 0.644755,
2.08131 0.643871,
2.08172 0.641975,
2.08208 0.640814,
2.08213 0.639753,
2.08216 0.638691,
2.08218 0.637256,
2.08218 0.635851,
2.08218 0.634444,
2.08218 0.632792,
2.08219 0.631744,
2.08196 0.630544,
2.08136 0.629138,
2.08093 0.627803,
2.0805 0.62647,
2.08027 0.625447,
2.07982 0.624399,
2.07926 0.623574,
2.07786 0.622247,
2.07672 0.620637,
2.07603 0.619528,
2.07516 0.618649,
2.07429 0.617772,
2.07375 0.617196,
2.07268 0.616133,
2.07163 0.615072,
2.07084 0.614078,
2.07014 0.612971,
2.06945 0.611864,
2.06873 0.610498,
2.06837 0.609704,
2.06791 0.608971,
2.06696 0.607723,
2.06679 0.606438,
2.06663 0.60515,
2.06653 0.604109,
2.06617 0.602951,
2.06624 0.601755,
2.0663 0.60056,
2.06661 0.599553,
2.06694 0.598544,
2.0676 0.597718,
2.06827 0.596891,
2.06919 0.596502,
2.06999 0.595864,
2.07088 0.595327,
2.07191 0.594917,
2.07294 0.594507,
2.07416 0.593951,
2.07539 0.593395,
2.07662 0.592573,
2.07785 0.59175,
2.07854 0.591394,
2.07972 0.590311,
2.08078 0.589418,
2.08183 0.588524,
2.08293 0.587924,
2.08369 0.587304,
2.08437 0.586502,
2.08498 0.58535,
2.0856 0.584199,
2.0861 0.582948,
2.08619 0.581572,
2.08626 0.580191,
2.08628 0.57904,
2.08629 0.577982,
2.08629 0.576927,
2.08631 0.575875,
2.08626 0.57482,
2.0861 0.574048,
2.08583 0.573303,
2.08531 0.571753,
2.08495 0.570709,
2.08433 0.569643,
2.08349 0.56876,
2.08209 0.567105,
2.08178 0.566285,
2.08127 0.565338,
2.08064 0.564478,
2.0798 0.563675,
2.07883 0.563023,
2.07803 0.562633,
2.07717 0.562351,
2.07632 0.562184,
2.07544 0.562126,
"/>
<Contour name="CristaeMembrane" hidden="false" closed="true" simplified="true" border="1 0 0" fill="1 0 0" mode="11"
points="2.09743 0.569315,
2.09754 0.569255,
2.09956 0.569278,
2.10077 0.569283,
2.10197 0.569288,
2.10337 0.569242,
2.10417 0.569067,
2.10496 0.568772,
2.10688 0.568481,
2.10879 0.568324,
2.10983 0.567996,
2.11093 0.56782,
2.11204 0.567645,
2.11325 0.567406,
2.1144 0.567104,
2.11553 0.566974,
2.11676 0.566887,
2.11799 0.5668,
2.11937 0.566413,
2.12049 0.566172,
2.1216 0.565931,
2.12267 0.565626,
2.12436 0.564788,
2.12555 0.564391,
2.12675 0.563996,
2.12818 0.563783,
2.12959 0.56357,
2.13066 0.563465,
2.13205 0.563015,
2.13277 0.56262,
2.13367 0.56198,
2.13459 0.561339,
2.13528 0.560947,
2.13641 0.559958,
2.13713 0.55966,
2.13892 0.559125,
2.14 0.558609,
2.14109 0.558092,
2.14176 0.557716,
2.14318 0.556855,
2.14417 0.556403,
2.14515 0.55595,
2.1461 0.555499,
2.14706 0.555048,
2.14817 0.554518,
2.14929 0.553989,
2.15029 0.553264,
2.15129 0.552541,
2.15245 0.55198,
2.15362 0.551417,
2.15444 0.550773,
2.15526 0.55013,
2.15639 0.549338,
2.15753 0.548547,
2.15881 0.54798,
2.15947 0.547527,
2.16021 0.54683,
2.16093 0.546133,
2.16163 0.545234,
2.16223 0.544096,
2.16282 0.543052,
2.16341 0.542007,
2.16396 0.541318,
2.16442 0.540557,
2.16475 0.539732,
2.16495 0.538868,
2.16516 0.537526,
2.16536 0.536183,
2.16559 0.534909,
2.16572 0.533661,
2.16578 0.532405,
2.16582 0.531109,
2.16583 0.529932,
2.16583 0.528788,
2.16583 0.527647,
2.1657 0.526781,
2.16546 0.525927,
2.16501 0.525025,
2.16442 0.524206,
2.16367 0.523475,
2.16293 0.522743,
2.16213 0.521919,
2.16137 0.521149,
2.16062 0.52038,
2.15898 0.519563,
2.15839 0.51909,
2.15773 0.518694,
2.15622 0.517946,
2.15517 0.517486,
2.15391 0.51722,
2.15286 0.517205,
2.15179 0.517192,
2.15075 0.5172,
2.14971 0.517199,
2.14863 0.517195,
2.14738 0.517194,
2.14633 0.517194,
2.14527 0.517192,
2.14437 0.517238,
2.14318 0.517515,
2.14222 0.517979,
2.14125 0.518443,
2.13969 0.51898,
2.13864 0.519324,
2.13756 0.519931,
2.13577 0.520479,
2.13502 0.52057,
2.13426 0.520762,
2.13282 0.52129,
2.13198 0.521349,
2.13125 0.521502,
2.13052 0.521746,
2.12883 0.522309,
2.12808 0.522561,
2.12644 0.523112,
2.12555 0.523408,
2.12473 0.523836,
2.12319 0.524598,
2.12229 0.525102,
2.12139 0.525604,
2.12041 0.525974,
2.11942 0.526468,
2.11827 0.527045,
2.11724 0.527591,
2.11622 0.528139,
2.11508 0.528651,
2.11419 0.529405,
2.11337 0.530073,
2.11255 0.53074,
2.11173 0.531153,
2.11075 0.531681,
2.10976 0.532211,
2.10893 0.532538,
2.10814 0.532987,
2.10737 0.533681,
2.10661 0.534374,
2.10538 0.535061,
2.10415 0.535749,
2.10345 0.536118,
2.10281 0.536578,
2.10115 0.537272,
2.10043 0.537603,
2.09977 0.538028,
2.09886 0.538647,
2.09782 0.539245,
2.09677 0.539844,
2.09494 0.540429,
2.09385 0.540936,
2.09277 0.541441,
2.09175 0.541997,
2.09098 0.542694,
2.08959 0.543862,
2.08859 0.544378,
2.08765 0.545125,
2.08685 0.546084,
2.08631 0.547137,
2.08574 0.548278,
2.08518 0.54942,
2.0846 0.550564,
2.08429 0.551711,
2.08426 0.552837,
2.08423 0.553956,
2.08421 0.555073,
2.08421 0.556545,
2.08423 0.558018,
2.08441 0.559101,
2.08477 0.560142,
2.08513 0.561228,
2.08547 0.562313,
2.08597 0.563274,
2.08695 0.564335,
2.08787 0.565293,
2.08877 0.566251,
2.08938 0.5667,
2.09003 0.567069,
2.09113 0.567597,
2.09223 0.568157,
2.09333 0.568716,
2.09443 0.569121,
2.09646 0.569303,
2.09733 0.56928,
"/>
</Transform>

</Section>
