<?xml version="1.0"?>
<!DOCTYPE Section SYSTEM "section.dtd">

<Section index="665" thickness="0.00164" alignLocked="true">
<Transform dim="0"
 xcoef=" 0 1 0 0 0 0"
 ycoef=" 0 0 1 0 0 0">
<Contour name="OuterMembrane" hidden="false" closed="true" simplified="true" border="1 0 0" fill="1 0 0" mode="11"
points="2.042 0.609483,
2.0543 0.614369,
2.05863 0.616419,
2.06315 0.618034,
2.06779 0.6192,
2.07255 0.619904,
2.08213 0.619999,
2.0869 0.619398,
2.09161 0.618329,
2.09618 0.616799,
2.1071 0.611482,
2.11867 0.604609,
2.12765 0.598971,
2.134 0.593642,
2.14045 0.588271,
2.14781 0.580998,
2.15394 0.575153,
2.16008 0.569306,
2.16588 0.563215,
2.17341 0.556741,
2.18072 0.549964,
2.1865 0.541736,
2.18951 0.537562,
2.19204 0.533143,
2.19589 0.523983,
2.19954 0.513632,
2.20319 0.503282,
2.20441 0.497443,
2.20455 0.488705,
2.20468 0.478618,
2.20539 0.467534,
2.2057 0.458783,
2.20601 0.448727,
2.20557 0.442254,
2.20427 0.435879,
2.19957 0.421578,
2.19511 0.412173,
2.19135 0.404124,
2.18743 0.396759,
2.18364 0.389323,
2.17858 0.38142,
2.17349 0.373518,
2.16665 0.365136,
2.1608 0.358848,
2.15394 0.351721,
2.14709 0.344594,
2.14268 0.34109,
2.13398 0.332733,
2.12757 0.328157,
2.12301 0.325742,
2.11821 0.323821,
2.11327 0.322429,
2.10822 0.32156,
2.10397 0.321245,
2.09172 0.319487,
2.08646 0.318437,
2.07665 0.318231,
2.06683 0.318024,
2.05571 0.319979,
2.04562 0.324202,
2.03855 0.328505,
2.0337 0.331916,
2.02729 0.338489,
2.02087 0.345063,
2.01016 0.35534,
2.00203 0.365531,
1.99791 0.371063,
1.99116 0.379557,
1.98533 0.38776,
1.9822 0.391891,
1.97658 0.401118,
1.97016 0.412824,
1.96418 0.426024,
1.96236 0.433611,
1.96032 0.442544,
1.95973 0.447205,
1.95878 0.455487,
1.95785 0.464035,
1.95767 0.47326,
1.95749 0.482485,
1.95808 0.487593,
1.96182 0.502793,
1.96333 0.506927,
1.96739 0.516285,
1.97328 0.530378,
1.97733 0.53721,
1.98319 0.546061,
1.98906 0.554912,
1.99532 0.561461,
2.00121 0.569539,
2.00711 0.577933,
2.01241 0.584199,
2.02245 0.594239,
2.03034 0.600484,
"/>
<Contour name="InnerMembrane" hidden="false" closed="true" simplified="true" border="1 0 0" fill="1 0 0" mode="11"
points="2.14202 0.557475,
2.14564 0.553338,
2.1497 0.549351,
2.15376 0.545364,
2.15752 0.541121,
2.16127 0.537072,
2.16537 0.533015,
2.16921 0.528623,
2.17262 0.523806,
2.17612 0.519016,
2.17922 0.513869,
2.18174 0.508385,
2.18428 0.502901,
2.1856 0.496864,
2.18645 0.490763,
2.18707 0.484605,
2.18738 0.479779,
2.18753 0.47323,
2.18761 0.467321,
2.18768 0.461411,
2.18664 0.455048,
2.18535 0.447422,
2.18418 0.443041,
2.1824 0.438144,
2.18038 0.433539,
2.17836 0.428934,
2.17305 0.422031,
2.16849 0.416703,
2.16464 0.412394,
2.16114 0.408404,
2.15822 0.404924,
2.1553 0.401444,
2.15199 0.397559,
2.14868 0.393672,
2.14576 0.390268,
2.14022 0.384236,
2.13605 0.381467,
2.13108 0.37875,
2.1261 0.376032,
2.12255 0.375057,
2.11652 0.373677,
2.11047 0.3723,
2.10519 0.371778,
2.09989 0.371258,
2.09454 0.371252,
2.08975 0.371248,
2.08467 0.371271,
2.07944 0.371262,
2.07319 0.371296,
2.06781 0.371319,
2.06258 0.371827,
2.05733 0.372336,
2.05215 0.373003,
2.04697 0.373669,
2.0421 0.375412,
2.03722 0.377154,
2.0325 0.379955,
2.02735 0.382897,
2.0222 0.38584,
2.01743 0.390312,
2.0128 0.3943,
2.00811 0.398615,
2.00434 0.402195,
2.00057 0.405775,
1.99783 0.409549,
1.99508 0.413323,
1.99132 0.420042,
1.98924 0.423642,
1.98673 0.429836,
1.98424 0.436032,
1.9831 0.441057,
1.98225 0.446811,
1.98138 0.452566,
1.98128 0.458818,
1.98123 0.464182,
1.9812 0.470298,
1.98123 0.475165,
1.98127 0.480126,
1.98123 0.485501,
1.9812 0.490875,
1.98158 0.49662,
1.98338 0.503083,
1.98512 0.511054,
1.98737 0.517874,
1.98965 0.524907,
1.99275 0.531119,
1.9957 0.535967,
1.99865 0.540706,
2.00155 0.545244,
2.00454 0.549533,
2.00777 0.553769,
2.01135 0.557779,
2.0149 0.561787,
2.01909 0.565185,
2.02328 0.568583,
2.02661 0.572458,
2.03101 0.575755,
2.03627 0.578603,
2.04155 0.581452,
2.04664 0.583612,
2.05172 0.58577,
2.05672 0.587825,
2.06171 0.589882,
2.06689 0.590385,
2.0716 0.590572,
2.07681 0.590717,
2.08203 0.590859,
2.08772 0.589585,
2.09323 0.587945,
2.09872 0.586307,
2.10432 0.584526,
2.10991 0.582744,
2.11462 0.579888,
2.11932 0.577029,
2.12316 0.573529,
2.12687 0.570139,
2.13057 0.566945,
2.13431 0.56374,
2.13805 0.560536,
"/>
<Contour name="CristaeMembrane" hidden="false" closed="true" simplified="true" border="1 0 0" fill="1 0 0" mode="11"
points="2.08892 0.558968,
2.08898 0.559042,
2.08956 0.559978,
2.09013 0.560916,
2.09089 0.561821,
2.09179 0.562564,
2.09282 0.563115,
2.09394 0.563455,
2.0951 0.563507,
2.09628 0.563538,
2.09751 0.563545,
2.09884 0.563556,
2.10017 0.563568,
2.10099 0.563489,
2.10186 0.563281,
2.10376 0.56274,
2.10507 0.562674,
2.10587 0.562487,
2.10735 0.562192,
2.10884 0.561897,
2.1096 0.561767,
2.11035 0.561538,
2.11129 0.561085,
2.11235 0.560637,
2.1134 0.56019,
2.11424 0.559973,
2.11521 0.559507,
2.11617 0.559042,
2.11732 0.558428,
2.11799 0.557895,
2.1194 0.556857,
2.12047 0.556498,
2.12114 0.55615,
2.12177 0.555722,
2.12329 0.554691,
2.12436 0.553944,
2.12544 0.553198,
2.12656 0.552431,
2.12765 0.551663,
2.12846 0.551268,
2.12926 0.550584,
2.13016 0.549756,
2.13107 0.548928,
2.13238 0.547612,
2.13308 0.546615,
2.13361 0.545395,
2.13416 0.543658,
2.13469 0.541771,
2.13508 0.540972,
2.13535 0.540124,
2.13543 0.538852,
2.13587 0.536933,
2.13643 0.535039,
2.13684 0.534069,
2.1371 0.532925,
2.13712 0.531844,
2.13713 0.530379,
2.13713 0.529066,
2.13715 0.52769,
2.13715 0.526566,
2.13715 0.525533,
2.13715 0.524497,
2.13715 0.523383,
2.13715 0.522028,
2.13715 0.520907,
2.13715 0.519906,
2.13713 0.518368,
2.13712 0.51683,
2.13685 0.515562,
2.1364 0.514506,
2.13553 0.513479,
2.13466 0.512452,
2.13407 0.511924,
2.13341 0.511467,
2.13184 0.510686,
2.13011 0.509819,
2.12911 0.509346,
2.1279 0.509048,
2.12685 0.509023,
2.12578 0.509,
2.12426 0.509008,
2.12264 0.50901,
2.12164 0.509,
2.12054 0.509008,
2.11944 0.509017,
2.11868 0.508994,
2.11791 0.509069,
2.11699 0.509295,
2.11521 0.510166,
2.1143 0.510581,
2.11335 0.51139,
2.11239 0.512198,
2.11135 0.51282,
2.1103 0.51344,
2.10927 0.513925,
2.10827 0.514673,
2.1077 0.51528,
2.10722 0.51596,
2.10607 0.517074,
2.10492 0.518186,
2.10427 0.518691,
2.10309 0.519947,
2.10227 0.52028,
2.10127 0.520916,
2.10069 0.52142,
2.09963 0.522837,
2.09877 0.523403,
2.09787 0.524285,
2.09699 0.525167,
2.09607 0.526069,
2.09526 0.526866,
2.09449 0.527647,
2.09359 0.528546,
2.09269 0.529443,
2.09207 0.530107,
2.09152 0.531101,
2.09098 0.532095,
2.09033 0.53338,
2.08961 0.535019,
2.08902 0.536105,
2.08841 0.537192,
2.088 0.537954,
2.08769 0.538997,
2.08728 0.54007,
2.08687 0.541143,
2.08644 0.5419,
2.08606 0.542873,
2.08583 0.544052,
2.08559 0.545229,
2.08528 0.546087,
2.08508 0.546984,
2.08506 0.548252,
2.08505 0.549318,
2.08505 0.550848,
2.08505 0.552378,
2.08528 0.553582,
2.08577 0.554615,
2.08624 0.555648,
2.08687 0.556823,
2.08733 0.557429,
2.08787 0.557971,
"/>
</Transform>

</Section>
