<?xml version="1.0"?>
<!DOCTYPE Section SYSTEM "section.dtd">

<Section index="670" thickness="0.00164" alignLocked="true">
<Transform dim="0"
 xcoef=" 0 1 0 0 0 0"
 ycoef=" 0 0 1 0 0 0">
<Contour name="OuterMembrane" hidden="false" closed="true" simplified="true" border="1 0 0" fill="1 0 0" mode="11"
points="2.009 0.582293,
2.01567 0.589923,
2.02287 0.594666,
2.03196 0.603612,
2.03621 0.606941,
2.04429 0.612092,
2.0481 0.613941,
2.06343 0.61849,
2.07704 0.619039,
2.08137 0.618775,
2.08567 0.618126,
2.08995 0.617081,
2.09413 0.615653,
2.09818 0.613839,
2.10207 0.611661,
2.10576 0.609117,
2.11317 0.604699,
2.1176 0.60206,
2.13034 0.592316,
2.13777 0.58784,
2.1441 0.582284,
2.14924 0.575888,
2.15429 0.568414,
2.16155 0.560086,
2.16764 0.550532,
2.17523 0.538294,
2.1825 0.524815,
2.18591 0.515831,
2.18799 0.511468,
2.19147 0.499946,
2.19398 0.486468,
2.19583 0.477611,
2.19598 0.469209,
2.19604 0.460555,
2.19616 0.451897,
2.1958 0.447118,
2.19488 0.442016,
2.19339 0.436878,
2.19045 0.423683,
2.18835 0.414813,
2.18709 0.410333,
2.1812 0.395292,
2.17776 0.389441,
2.17331 0.381152,
2.17051 0.37718,
2.16373 0.370361,
2.15716 0.363316,
2.14865 0.356751,
2.14504 0.354381,
2.13643 0.349938,
2.12642 0.344994,
2.1215 0.343147,
2.11171 0.339887,
2.1066 0.338568,
2.09851 0.337043,
2.09436 0.336141,
2.08574 0.335601,
2.0717 0.335451,
2.06627 0.335895,
2.06023 0.337118,
2.05087 0.340154,
2.04306 0.344172,
2.02925 0.351424,
2.0221 0.357049,
2.0143 0.361779,
2.00438 0.36913,
2.00093 0.371496,
1.99437 0.376716,
1.98809 0.382566,
1.9835 0.387876,
1.97792 0.396222,
1.97482 0.400232,
1.97217 0.404542,
1.9679 0.414259,
1.96598 0.419601,
1.96446 0.426502,
1.96321 0.435955,
1.96223 0.445431,
1.96206 0.455577,
1.96203 0.464505,
1.96177 0.468983,
1.96192 0.473465,
1.96242 0.47757,
1.96429 0.487483,
1.96557 0.497491,
1.9678 0.505417,
1.96859 0.509474,
1.96974 0.513448,
1.97243 0.522091,
1.97479 0.530804,
1.97625 0.536269,
1.98369 0.547383,
1.98937 0.555571,
1.99529 0.563547,
1.99827 0.567404,
2.0039 0.574528,
2.00664 0.578289,
"/>
<Contour name="InnerMembrane" hidden="false" closed="true" simplified="true" border="1 0 0" fill="1 0 0" mode="11"
points="2.01869 0.559071,
2.01858 0.558994,
2.02096 0.56088,
2.02504 0.563794,
2.02914 0.566707,
2.03255 0.568645,
2.03622 0.570061,
2.04006 0.570923,
2.04603 0.571066,
2.052 0.57121,
2.05654 0.570758,
2.06118 0.569613,
2.06614 0.568244,
2.07137 0.566836,
2.07611 0.565375,
2.0807 0.563944,
2.08606 0.562033,
2.09185 0.560737,
2.09707 0.558961,
2.10238 0.557531,
2.10771 0.556101,
2.11321 0.553971,
2.11763 0.551201,
2.12227 0.548596,
2.1269 0.545994,
2.13277 0.54183,
2.13574 0.539627,
2.14128 0.534975,
2.14504 0.532155,
2.14878 0.529336,
2.15527 0.523329,
2.15988 0.51865,
2.1645 0.513971,
2.16698 0.508953,
2.16941 0.504198,
2.17184 0.499444,
2.17313 0.496346,
2.17402 0.493112,
2.1743 0.486659,
2.17443 0.481578,
2.17451 0.475062,
2.17454 0.469111,
2.17456 0.463082,
2.17456 0.457099,
2.17454 0.451116,
2.17412 0.447643,
2.17198 0.441964,
2.16985 0.436284,
2.16775 0.43078,
2.16572 0.42601,
2.16375 0.421314,
2.1618 0.416617,
2.15944 0.41236,
2.15604 0.406533,
2.15248 0.401479,
2.14871 0.396865,
2.14551 0.393238,
2.1423 0.38961,
2.13925 0.387096,
2.13487 0.384539,
2.13029 0.381981,
2.1257 0.379422,
2.1198 0.377354,
2.11219 0.375176,
2.10751 0.374468,
2.10237 0.373953,
2.09648 0.373692,
2.09161 0.373569,
2.08711 0.3735,
2.08242 0.373479,
2.07775 0.373456,
2.07232 0.374173,
2.06651 0.375262,
2.06073 0.37635,
2.05479 0.378112,
2.04898 0.380282,
2.04321 0.382658,
2.0386 0.384724,
2.03399 0.386792,
2.02852 0.391147,
2.02109 0.395691,
2.01769 0.398796,
2.01285 0.403488,
2.0087 0.408106,
2.00451 0.412547,
2.00031 0.416988,
1.99788 0.420047,
1.9954 0.423901,
1.9929 0.427682,
1.9904 0.431464,
1.98783 0.435258,
1.98574 0.441344,
1.98365 0.447431,
1.98296 0.452993,
1.98261 0.457471,
1.98245 0.463467,
1.98243 0.46863,
1.98235 0.473793,
1.98232 0.479346,
1.98228 0.48388,
1.98228 0.490209,
1.9823 0.495582,
1.9823 0.500954,
1.98291 0.505437,
1.98458 0.509963,
1.98625 0.514489,
1.98812 0.519012,
1.99004 0.523281,
1.99253 0.527383,
1.99519 0.531675,
1.99783 0.535965,
2.00073 0.540055,
2.00377 0.543936,
2.0068 0.547817,
2.00993 0.551517,
2.01481 0.555712,
"/>
</Transform>

</Section>
