<?xml version="1.0"?>
<!DOCTYPE Section SYSTEM "section.dtd">

<Section index="646" thickness="0.00164" alignLocked="true">
<Transform dim="0"
 xcoef=" 0 1 0 0 0 0"
 ycoef=" 0 0 1 0 0 0">
<Contour name="OuterMembrane" hidden="false" closed="true" simplified="true" border="1 0 0" fill="1 0 0" mode="11"
points="2.0581 0.63108,
2.06396 0.631708,
2.0696 0.6321,
2.07757 0.632102,
2.08477 0.632297,
2.09115 0.632333,
2.09795 0.632402,
2.10478 0.632471,
2.11043 0.631234,
2.11632 0.629417,
2.12237 0.627285,
2.12844 0.625152,
2.13448 0.622175,
2.14187 0.619205,
2.14863 0.616063,
2.1547 0.612637,
2.15998 0.609253,
2.16524 0.60587,
2.16956 0.603092,
2.1749 0.597908,
2.17923 0.593682,
2.18323 0.589734,
2.18725 0.585654,
2.19142 0.581526,
2.19557 0.577396,
2.19867 0.572793,
2.2015 0.568247,
2.20441 0.563607,
2.20762 0.558961,
2.2111 0.553961,
2.2141 0.549008,
2.21712 0.544055,
2.2194 0.539157,
2.22192 0.533964,
2.22443 0.528774,
2.22614 0.522917,
2.22773 0.517341,
2.22943 0.511683,
2.23032 0.505597,
2.2313 0.499697,
2.23199 0.494101,
2.23242 0.488594,
2.23266 0.482836,
2.23284 0.476689,
2.23294 0.470842,
2.23301 0.465384,
2.23307 0.459925,
2.23309 0.453532,
2.23256 0.447504,
2.23211 0.441559,
2.23107 0.435718,
2.22978 0.43029,
2.22812 0.425155,
2.22646 0.420066,
2.22428 0.414533,
2.22171 0.40937,
2.21887 0.404257,
2.21607 0.398871,
2.21292 0.39328,
2.21021 0.388221,
2.20751 0.38316,
2.20446 0.378455,
2.2007 0.372936,
2.19712 0.36736,
2.19343 0.361336,
2.19012 0.355932,
2.18681 0.350529,
2.18353 0.345312,
2.17977 0.340226,
2.17533 0.334809,
2.17044 0.330121,
2.16519 0.325848,
2.15995 0.321576,
2.15362 0.318395,
2.14765 0.315871,
2.14133 0.314454,
2.13502 0.313037,
2.1298 0.312592,
2.12049 0.312151,
2.11588 0.312417,
2.11001 0.313378,
2.10425 0.314406,
2.09848 0.315464,
2.09272 0.31652,
2.08705 0.317338,
2.08139 0.318155,
2.07475 0.320404,
2.06906 0.322586,
2.06345 0.324787,
2.05746 0.327478,
2.05149 0.33017,
2.04672 0.333279,
2.04177 0.335962,
2.03683 0.338281,
2.03188 0.340626,
2.02722 0.34296,
2.0223 0.345914,
2.01738 0.348869,
2.0121 0.353238,
2.00649 0.3576,
2.0009 0.361963,
1.99598 0.367211,
1.99107 0.372255,
1.9867 0.377243,
1.98227 0.38224,
1.97782 0.387237,
1.97384 0.394282,
1.97028 0.400009,
1.96707 0.405728,
1.96411 0.411561,
1.96152 0.417362,
1.95934 0.423045,
1.95752 0.428975,
1.9557 0.434905,
1.95404 0.440373,
1.95237 0.445842,
1.95188 0.451343,
1.9516 0.457034,
1.95135 0.463138,
1.95121 0.469435,
1.95114 0.474754,
1.95129 0.483028,
1.95121 0.489166,
1.95112 0.495306,
1.95168 0.499323,
1.95327 0.505109,
1.95488 0.510894,
1.95744 0.517953,
1.96 0.525012,
1.96177 0.530896,
1.96382 0.53742,
1.96585 0.543944,
1.96872 0.550368,
1.97158 0.556793,
1.97569 0.562295,
1.97978 0.567671,
1.98368 0.573141,
1.98707 0.578292,
1.99047 0.583443,
1.9938 0.588019,
1.99713 0.592594,
2.00055 0.596963,
2.00416 0.600837,
2.00795 0.604752,
2.01202 0.60845,
2.01612 0.612133,
2.02074 0.614885,
2.02594 0.617332,
2.03122 0.619823,
2.03668 0.62219,
2.04214 0.624556,
2.04731 0.627013,
2.05271 0.629047,
"/>
<Contour name="InnerMembrane" hidden="false" closed="true" simplified="true" border="1 0 0" fill="1 0 0" mode="11"
points="1.99655 0.556923,
1.99406 0.554581,
1.99895 0.564514,
2.00242 0.57033,
2.0058 0.575571,
2.00918 0.580811,
2.017 0.587947,
2.02284 0.591107,
2.02868 0.594265,
2.03445 0.596883,
2.03995 0.599036,
2.04542 0.600666,
2.05126 0.60216,
2.0571 0.603654,
2.06394 0.604753,
2.07129 0.605522,
2.07778 0.606037,
2.08426 0.606336,
2.0899 0.606487,
2.0979 0.605444,
2.10591 0.604401,
2.1128 0.602128,
2.11873 0.59983,
2.12467 0.597534,
2.12972 0.595248,
2.13477 0.592962,
2.13854 0.590607,
2.14356 0.586297,
2.14848 0.581764,
2.1534 0.577232,
2.15734 0.572306,
2.16178 0.56736,
2.16618 0.562085,
2.17065 0.556158,
2.17472 0.550781,
2.17831 0.545756,
2.18189 0.540729,
2.18427 0.535307,
2.18689 0.529763,
2.19019 0.523534,
2.19347 0.517307,
2.19698 0.508277,
2.19908 0.502424,
2.20083 0.496443,
2.20273 0.490696,
2.20462 0.48495,
2.2055 0.479352,
2.20631 0.472645,
2.20687 0.465745,
2.20721 0.459074,
2.20747 0.452676,
2.20762 0.44628,
2.20777 0.439884,
2.20583 0.43388,
2.20352 0.427874,
2.20114 0.422536,
2.19844 0.417567,
2.19516 0.412863,
2.19117 0.408121,
2.18664 0.403155,
2.18248 0.398269,
2.1784 0.393862,
2.17431 0.389456,
2.17015 0.385193,
2.16352 0.381393,
2.1569 0.377592,
2.15288 0.37625,
2.14712 0.375393,
2.14138 0.374535,
2.13467 0.373646,
2.12788 0.372508,
2.12136 0.371867,
2.11481 0.371365,
2.10837 0.371121,
2.10192 0.370876,
2.09448 0.370842,
2.08805 0.370824,
2.08052 0.370815,
2.07429 0.370847,
2.06829 0.371419,
2.0623 0.37199,
2.05572 0.37353,
2.04969 0.374848,
2.04293 0.376352,
2.03617 0.377667,
2.0294 0.378983,
2.02307 0.38149,
2.0171 0.384354,
2.01112 0.387217,
2.00606 0.390637,
2.00101 0.394058,
1.99711 0.398874,
1.99281 0.403716,
1.9885 0.408557,
1.98479 0.413923,
1.98064 0.421083,
1.9784 0.426111,
1.97617 0.43114,
1.97451 0.437045,
1.97344 0.443948,
1.97281 0.450469,
1.97248 0.456501,
1.97226 0.462918,
1.97205 0.469335,
1.9724 0.476313,
1.97394 0.484891,
1.97554 0.492036,
1.97717 0.499183,
1.97904 0.505468,
1.98091 0.511752,
1.9816 0.515821,
1.98351 0.523672,
1.98543 0.531521,
1.98745 0.537226,
1.98947 0.542932,
1.99288 0.552403,
"/>
<Contour name="CristaeMembrane" hidden="false" closed="true" simplified="true" border="1 0 0" fill="1 0 0" mode="11"
points="2.11857 0.519321,
2.1175 0.520377,
2.11658 0.521376,
2.11565 0.522376,
2.11475 0.52335,
2.11385 0.524324,
2.11278 0.525372,
2.1118 0.526296,
2.11112 0.527181,
2.11045 0.528065,
2.10984 0.528831,
2.10945 0.529476,
2.10861 0.530533,
2.10773 0.53154,
2.10696 0.532374,
2.1062 0.533205,
2.10528 0.534097,
2.10438 0.534989,
2.1032 0.536168,
2.10177 0.536959,
2.10053 0.538097,
2.0993 0.539237,
2.09787 0.540124,
2.09677 0.540933,
2.09576 0.541717,
2.09458 0.542286,
2.09341 0.542855,
2.09238 0.543152,
2.0909 0.543291,
2.08941 0.54343,
2.08806 0.543573,
2.08662 0.543934,
2.08519 0.544093,
2.0838 0.544178,
2.08241 0.544264,
2.08155 0.544383,
2.0806 0.544728,
2.07909 0.544903,
2.07785 0.544992,
2.0766 0.545054,
2.07534 0.545116,
2.07458 0.54507,
2.07262 0.54508,
2.07121 0.545333,
2.06971 0.54563,
2.06822 0.545925,
2.06748 0.546053,
2.06676 0.546271,
2.06579 0.546597,
2.06483 0.546924,
2.06381 0.547283,
2.06279 0.547642,
2.06189 0.547894,
2.06086 0.548241,
2.05982 0.548585,
2.05823 0.54917,
2.05715 0.549266,
2.05607 0.549628,
2.055 0.54999,
2.054 0.550063,
2.05282 0.550373,
2.05131 0.550922,
2.0502 0.551276,
2.04908 0.55163,
2.04767 0.551826,
2.04688 0.552093,
2.04575 0.55265,
2.04454 0.553252,
2.04333 0.553853,
2.0426 0.554263,
2.04193 0.554781,
2.04137 0.555345,
2.0409 0.555978,
2.04027 0.557228,
2.04009 0.558397,
2.0399 0.559565,
2.03942 0.560634,
2.03919 0.561557,
2.03916 0.562618,
2.03914 0.563707,
2.03913 0.564942,
2.03914 0.566179,
2.03914 0.567412,
2.03913 0.568606,
2.03913 0.569805,
2.03913 0.570938,
2.03913 0.572073,
2.03934 0.573205,
2.03986 0.574328,
2.04044 0.57546,
2.04101 0.576591,
2.0421 0.578107,
2.04293 0.579755,
2.04364 0.581137,
2.04426 0.58229,
2.04503 0.583133,
2.04636 0.58453,
2.04756 0.585742,
2.04841 0.586398,
2.04952 0.586979,
2.05066 0.587561,
2.052 0.588222,
2.05285 0.588621,
2.05471 0.589175,
2.05559 0.589537,
2.05702 0.589872,
2.05846 0.590208,
2.0593 0.590474,
2.06076 0.590672,
2.0622 0.590872,
2.06302 0.59119,
2.06397 0.591397,
2.06506 0.59142,
2.0662 0.591435,
2.0674 0.59144,
2.06868 0.591441,
2.06998 0.591443,
2.07075 0.591353,
2.07153 0.591156,
2.0733 0.59062,
2.0747 0.590372,
2.07632 0.589742,
2.07781 0.589057,
2.07944 0.588783,
2.08067 0.588371,
2.08191 0.58796,
2.08283 0.587622,
2.0838 0.586912,
2.08475 0.5862,
2.08583 0.585688,
2.0869 0.585178,
2.08787 0.58446,
2.08885 0.583743,
2.0901 0.58315,
2.09133 0.582556,
2.09248 0.581782,
2.09364 0.58108,
2.09482 0.580378,
2.09549 0.58006,
2.09613 0.57966,
2.09689 0.578954,
2.09774 0.578141,
2.09941 0.577205,
2.10066 0.57624,
2.10141 0.575865,
2.10232 0.575209,
2.10322 0.574554,
2.10389 0.57421,
2.10474 0.573583,
2.10558 0.572955,
2.1064 0.572544,
2.10732 0.571884,
2.10825 0.571227,
2.10894 0.570846,
2.11016 0.569908,
2.11114 0.569383,
2.11214 0.568859,
2.11309 0.568388,
2.11416 0.56784,
2.11524 0.567291,
2.11617 0.566832,
2.11713 0.566372,
2.11778 0.566036,
2.1184 0.56562,
2.11998 0.564895,
2.12123 0.564299,
2.12278 0.563394,
2.12398 0.562992,
2.12518 0.562589,
2.12619 0.562246,
2.12724 0.561656,
2.12849 0.561238,
2.12974 0.560819,
2.13085 0.560331,
2.13234 0.559452,
2.13339 0.559442,
2.13466 0.559178,
2.13562 0.55884,
2.13659 0.558502,
2.13795 0.558021,
2.13869 0.557577,
2.13966 0.557111,
2.14061 0.556647,
2.14182 0.556042,
2.14328 0.55533,
2.14474 0.554618,
2.14579 0.55414,
2.14686 0.553659,
2.14819 0.55329,
2.14899 0.552893,
2.14974 0.552362,
2.15055 0.551548,
2.15229 0.551096,
2.15314 0.550815,
2.15412 0.550294,
2.15494 0.549564,
2.15629 0.548875,
2.15762 0.548186,
2.15867 0.547445,
2.15983 0.54672,
2.16098 0.545997,
2.16186 0.54539,
2.16277 0.544783,
2.16382 0.544045,
2.1647 0.543173,
2.16557 0.5423,
2.16655 0.541323,
2.16749 0.540378,
2.16844 0.539434,
2.16913 0.53824,
2.16982 0.537044,
2.1707 0.535303,
2.17129 0.534161,
2.17187 0.533018,
2.17229 0.531773,
2.1727 0.53053,
2.17315 0.529016,
2.17323 0.527983,
2.17323 0.526719,
2.17323 0.525554,
2.17323 0.52441,
2.17323 0.522988,
2.17323 0.521782,
2.17323 0.520633,
2.1732 0.519468,
2.17318 0.518302,
2.17302 0.517502,
2.17275 0.516731,
2.17188 0.514976,
2.17129 0.513945,
2.17051 0.513184,
2.16974 0.512423,
2.16915 0.511693,
2.16846 0.511063,
2.16742 0.510498,
2.16637 0.509932,
2.16467 0.509069,
2.16303 0.508249,
2.16157 0.507547,
2.16083 0.507126,
2.15995 0.50678,
2.15801 0.50655,
2.15716 0.506132,
2.15601 0.505802,
2.15517 0.505714,
2.15371 0.505715,
2.15232 0.505712,
2.15124 0.505712,
2.14932 0.505712,
2.14829 0.505784,
2.14707 0.506191,
2.14587 0.506598,
2.14514 0.506757,
2.14414 0.507109,
2.14315 0.507462,
2.14236 0.50767,
2.14066 0.50818,
2.13938 0.5084,
2.13866 0.508659,
2.13703 0.509031,
2.13594 0.509269,
2.13487 0.509766,
2.13382 0.510263,
2.13285 0.510737,
2.13189 0.511211,
2.13098 0.511749,
2.12944 0.512848,
2.12877 0.513223,
2.12797 0.513817,
2.127 0.51442,
2.12605 0.515024,
2.12436 0.515864,
2.12344 0.516259,
2.12254 0.516859,
2.12164 0.517735,
2.12075 0.518611,
2.11991 0.519491,
2.11939 0.520393,
2.11886 0.521295,
2.11836 0.521933,
2.11826 0.521976,
2.11893 0.520954,
"/>
</Transform>

</Section>
