<?xml version="1.0"?>
<!DOCTYPE Section SYSTEM "section.dtd">

<Section index="686" thickness="0.00164" alignLocked="true">
<Transform dim="0"
 xcoef=" 0 1 0 0 0 0"
 ycoef=" 0 0 1 0 0 0">
<Contour name="OuterMembrane" hidden="false" closed="true" simplified="true" border="1 0 0" fill="1 0 0" mode="11"
points="2.04705 0.589318,
2.0519 0.590969,
2.05992 0.593075,
2.06779 0.595579,
2.07422 0.596288,
2.07952 0.596686,
2.08475 0.59693,
2.08972 0.597055,
2.09513 0.59657,
2.10054 0.596084,
2.10651 0.595415,
2.11032 0.594308,
2.1166 0.5915,
2.12219 0.588622,
2.1277 0.585224,
2.13323 0.581828,
2.13741 0.578179,
2.14143 0.574654,
2.14546 0.57113,
2.14973 0.566571,
2.15339 0.562248,
2.15704 0.557923,
2.16016 0.553733,
2.16201 0.550186,
2.16298 0.544391,
2.16364 0.538599,
2.16406 0.533003,
2.16447 0.527406,
2.16305 0.521613,
2.1616 0.515819,
2.15936 0.510475,
2.15712 0.505153,
2.15507 0.49997,
2.15496 0.494329,
2.15573 0.488625,
2.1568 0.482536,
2.15796 0.476507,
2.15873 0.470552,
2.15929 0.464299,
2.15985 0.458047,
2.15998 0.451592,
2.15949 0.445882,
2.15899 0.440173,
2.15827 0.434654,
2.15601 0.429883,
2.15366 0.42509,
2.15134 0.420296,
2.14597 0.414443,
2.14345 0.411337,
2.1405 0.408608,
2.13518 0.405843,
2.12982 0.403122,
2.12447 0.400401,
2.11767 0.398446,
2.11086 0.396491,
2.10561 0.396127,
2.10035 0.395953,
2.0948 0.395799,
2.0892 0.395714,
2.08362 0.395668,
2.07803 0.39562,
2.07189 0.396145,
2.06576 0.396668,
2.059 0.397615,
2.05223 0.400373,
2.04659 0.402971,
2.04172 0.405754,
2.03699 0.408572,
2.03194 0.411389,
2.02689 0.414205,
2.02191 0.418666,
2.01692 0.423127,
2.0142 0.426418,
2.01033 0.432739,
2.00744 0.438839,
2.00506 0.444839,
2.0027 0.450836,
2.00167 0.456184,
2.0007 0.461158,
2.00003 0.466201,
1.99955 0.471379,
1.99908 0.476558,
1.99901 0.483239,
1.999 0.488756,
1.99952 0.494201,
1.99991 0.499733,
2.00057 0.505533,
2.00155 0.511596,
2.00277 0.517159,
2.00397 0.522724,
2.00616 0.528788,
2.00785 0.534178,
2.00975 0.540029,
2.01146 0.54541,
2.013 0.55075,
2.01454 0.55609,
2.01689 0.561495,
2.02027 0.566056,
2.02378 0.570717,
2.02761 0.575232,
2.03145 0.579748,
2.03636 0.583343,
2.0417 0.586331,
"/>
<Contour name="InnerMembrane" hidden="false" closed="true" simplified="true" border="1 0 0" fill="1 0 0" mode="11"
points="2.13656 0.46681,
2.13554 0.461844,
2.13453 0.456878,
2.13162 0.451579,
2.12872 0.446282,
2.12531 0.441777,
2.12203 0.437819,
2.11873 0.433862,
2.1156 0.430449,
2.11122 0.427761,
2.10684 0.425073,
2.10081 0.422031,
2.0953 0.42137,
2.08956 0.420835,
2.08375 0.420503,
2.07904 0.420335,
2.07058 0.420275,
2.06656 0.420945,
2.06243 0.422328,
2.05843 0.424747,
2.05464 0.427417,
2.05095 0.430333,
2.04738 0.433477,
2.04401 0.43744,
2.04065 0.441404,
2.0377 0.446337,
2.03476 0.451271,
2.03337 0.456394,
2.03216 0.461334,
2.03096 0.466273,
2.03017 0.471115,
2.0294 0.475958,
2.0293 0.482296,
2.02916 0.488464,
2.02916 0.49416,
2.02909 0.499915,
2.02906 0.504626,
2.0295 0.511406,
2.02984 0.518189,
2.03048 0.523306,
2.03185 0.528385,
2.03319 0.533462,
2.03429 0.539206,
2.03742 0.544498,
2.04055 0.549789,
2.04446 0.554592,
2.04875 0.558264,
2.05305 0.561936,
2.05763 0.564641,
2.06286 0.565652,
2.06825 0.566466,
2.07365 0.567,
2.07878 0.567422,
2.08388 0.567663,
2.0889 0.567307,
2.09392 0.566951,
2.0989 0.565916,
2.10401 0.562727,
2.10911 0.559537,
2.11404 0.555927,
2.11804 0.551288,
2.12121 0.5454,
2.12388 0.539673,
2.12608 0.533708,
2.12759 0.527465,
2.12885 0.521846,
2.12982 0.516954,
2.1307 0.512088,
2.13192 0.507301,
2.13344 0.502053,
2.13435 0.49684,
2.13492 0.491784,
2.13567 0.48647,
2.13605 0.481242,
2.13621 0.476376,
2.1364 0.471511,
"/>
</Transform>

</Section>
