<?xml version="1.0"?>
<!DOCTYPE Section SYSTEM "section.dtd">

<Section index="595" thickness="0.00164" alignLocked="true">
<Transform dim="0"
 xcoef=" 0 1 0 0 0 0"
 ycoef=" 0 0 1 0 0 0">
<Contour name="OuterMembrane" hidden="false" closed="true" simplified="true" border="1 0 0" fill="1 0 0" mode="11"
points="2.02679 0.561128,
2.02547 0.561146,
2.02597 0.561206,
2.0349 0.562025,
2.03962 0.562263,
2.04392 0.563679,
2.04761 0.565374,
2.05125 0.567401,
2.0549 0.569721,
2.05851 0.572636,
2.06255 0.57594,
2.0661 0.579109,
2.06981 0.582215,
2.0735 0.585321,
2.07762 0.588371,
2.08283 0.590762,
2.08803 0.593111,
2.0932 0.594598,
2.09807 0.595637,
2.1025 0.596371,
2.1066 0.596801,
2.11068 0.597231,
2.11475 0.59716,
2.11855 0.596437,
2.12278 0.595171,
2.12701 0.593905,
2.13057 0.592125,
2.13405 0.590143,
2.138 0.587259,
2.14195 0.583914,
2.14566 0.580184,
2.14935 0.576455,
2.15193 0.571547,
2.15437 0.567045,
2.15629 0.56282,
2.15834 0.558666,
2.16026 0.554405,
2.16224 0.549813,
2.16418 0.545064,
2.16573 0.540941,
2.16729 0.536816,
2.1689 0.531211,
2.17005 0.52539,
2.1712 0.521064,
2.17221 0.516734,
2.17313 0.512092,
2.17407 0.50745,
2.17471 0.503168,
2.17544 0.498491,
2.17633 0.494176,
2.17738 0.490158,
2.17851 0.48598,
2.1793 0.481127,
2.18025 0.476576,
2.18109 0.471761,
2.18156 0.46701,
2.18215 0.462821,
2.18276 0.458634,
2.18295 0.453171,
2.18317 0.447709,
2.18264 0.443586,
2.18189 0.43903,
2.18113 0.434475,
2.17999 0.427176,
2.17879 0.421168,
2.17777 0.415125,
2.17697 0.412222,
2.17505 0.406876,
2.17325 0.402231,
2.17161 0.3976,
2.16995 0.39297,
2.16774 0.3893,
2.16557 0.385843,
2.16342 0.382386,
2.16045 0.378965,
2.1575 0.37548,
2.15455 0.371995,
2.15012 0.367544,
2.14569 0.363093,
2.14109 0.361131,
2.1363 0.359563,
2.1312 0.358624,
2.1266 0.357966,
2.12227 0.357589,
2.11793 0.357212,
2.11499 0.35752,
2.11181 0.358289,
2.10628 0.361433,
2.10138 0.364595,
2.09702 0.367973,
2.09321 0.371688,
2.08961 0.375649,
2.08578 0.379642,
2.08196 0.383635,
2.07986 0.386031,
2.07598 0.390204,
2.07288 0.393833,
2.06994 0.397477,
2.06701 0.401121,
2.06478 0.404312,
2.06214 0.409023,
2.05941 0.413495,
2.05671 0.417475,
2.05377 0.421122,
2.05069 0.424483,
2.04728 0.427983,
2.04383 0.430894,
2.03995 0.433933,
2.03596 0.43662,
2.03198 0.43921,
2.02801 0.442108,
2.02432 0.444962,
2.02094 0.447854,
2.01743 0.450674,
2.01394 0.453752,
2.00982 0.45764,
2.00644 0.460912,
2.00324 0.464254,
2.00021 0.467976,
1.99709 0.471702,
1.99424 0.475559,
1.9916 0.479894,
1.98896 0.484228,
1.98622 0.489604,
1.98509 0.492556,
1.98361 0.498591,
1.98343 0.503185,
1.98327 0.510891,
1.98424 0.516098,
1.98522 0.521305,
1.98653 0.525476,
1.9884 0.529772,
1.99029 0.534032,
1.99222 0.537833,
1.99416 0.541635,
1.99941 0.547311,
2.00293 0.549861,
2.00639 0.552416,
2.01318 0.557221,
2.01668 0.559161,
2.02201 0.560823,
"/>
<Contour name="InnerMembrane" hidden="false" closed="true" simplified="true" border="1 0 0" fill="1 0 0" mode="11"
points="2.04141 0.449583,
2.03788 0.450054,
2.03494 0.45205,
2.03219 0.454319,
2.02925 0.456614,
2.02632 0.45911,
2.02394 0.461275,
2.0205 0.463877,
2.0173 0.466578,
2.01436 0.46967,
2.01164 0.472976,
2.00911 0.476315,
2.00692 0.479787,
2.0048 0.483416,
2.00295 0.487415,
2.00108 0.491415,
1.9999 0.495928,
1.99926 0.500144,
1.99862 0.504361,
1.99836 0.508366,
1.99883 0.51187,
1.99959 0.514332,
2.00242 0.519321,
2.00416 0.52242,
2.00613 0.524826,
2.00849 0.526875,
2.01223 0.528862,
2.01543 0.530299,
2.01861 0.531734,
2.02169 0.5323,
2.02479 0.532864,
2.02807 0.533613,
2.03135 0.534361,
2.03513 0.535463,
2.03906 0.536662,
2.043 0.537812,
2.04685 0.539309,
2.05087 0.540951,
2.0549 0.542592,
2.05912 0.544295,
2.06286 0.545749,
2.06633 0.547281,
2.06966 0.549165,
2.07301 0.551048,
2.07594 0.552583,
2.07888 0.554117,
2.0819 0.555658,
2.08493 0.5572,
2.08803 0.558338,
2.09133 0.559786,
2.09472 0.561164,
2.09812 0.562543,
2.1021 0.563479,
2.10528 0.564163,
2.1092 0.564563,
2.11235 0.564765,
2.1155 0.564967,
2.11788 0.564724,
2.12211 0.563496,
2.12526 0.561265,
2.12816 0.558881,
2.13092 0.556313,
2.13366 0.553744,
2.13553 0.550366,
2.13749 0.546932,
2.1393 0.543334,
2.14109 0.539706,
2.14261 0.535881,
2.14394 0.5324,
2.14527 0.52892,
2.14665 0.525736,
2.14748 0.522396,
2.14837 0.519221,
2.14924 0.516046,
2.15011 0.512313,
2.1512 0.507677,
2.15224 0.5039,
2.15319 0.500566,
2.15414 0.497232,
2.15514 0.494434,
2.15606 0.490882,
2.15696 0.487329,
2.15778 0.483925,
2.15852 0.480551,
2.15924 0.477178,
2.15955 0.473242,
2.15972 0.470021,
2.16008 0.46575,
2.16036 0.461947,
2.16054 0.45837,
2.16062 0.454175,
2.16065 0.450869,
2.16068 0.446247,
2.16068 0.442213,
2.16068 0.43827,
2.16059 0.434124,
2.15993 0.429936,
2.15927 0.425747,
2.15753 0.421311,
2.15589 0.417601,
2.15432 0.413921,
2.15273 0.410243,
2.15134 0.40681,
2.14994 0.403378,
2.14804 0.400208,
2.14614 0.397039,
2.14386 0.393912,
2.14141 0.390874,
2.1391 0.388318,
2.13681 0.385759,
2.13175 0.382642,
2.12829 0.38181,
2.12457 0.381248,
2.12078 0.380865,
2.11699 0.380482,
2.11352 0.380851,
2.11012 0.381876,
2.10671 0.384054,
2.10337 0.386561,
2.10033 0.389298,
2.09777 0.392072,
2.09521 0.394845,
2.09333 0.397789,
2.09133 0.400655,
2.08923 0.403761,
2.08692 0.407407,
2.08482 0.410415,
2.08296 0.413537,
2.08114 0.416713,
2.07934 0.420007,
2.07754 0.423302,
2.07558 0.426616,
2.07329 0.429737,
2.07048 0.432714,
2.06761 0.435197,
2.0646 0.437042,
2.06115 0.438557,
2.05789 0.440225,
2.05462 0.441895,
2.05113 0.443289,
2.04787 0.445419,
2.0446 0.447548,
"/>
</Transform>

</Section>
