<?xml version="1.0"?>
<!DOCTYPE Section SYSTEM "section.dtd">

<Section index="668" thickness="0.00164" alignLocked="true">
<Transform dim="0"
 xcoef=" 0 1 0 0 0 0"
 ycoef=" 0 0 1 0 0 0">
<Contour name="OuterMembrane" hidden="false" closed="true" simplified="true" border="1 0 0" fill="1 0 0" mode="11"
points="2.19934 0.436707,
2.1985 0.430472,
2.19525 0.419709,
2.19193 0.408511,
2.19037 0.404089,
2.18596 0.394927,
2.18435 0.390764,
2.18235 0.386768,
2.17695 0.379245,
2.17313 0.373372,
2.16782 0.366345,
2.1651 0.362766,
2.15916 0.356859,
2.15322 0.350953,
2.14486 0.345458,
2.1351 0.340751,
2.12533 0.336043,
2.11465 0.333425,
2.10087 0.331585,
2.09049 0.330122,
2.08531 0.329219,
2.07622 0.328984,
2.06778 0.328938,
2.06353 0.328907,
2.0593 0.329245,
2.05153 0.330857,
2.04259 0.334657,
2.03306 0.339692,
2.01915 0.347605,
2.0149 0.350666,
2.00702 0.357264,
2.00185 0.368557,
1.99416 0.379276,
1.98904 0.386663,
1.98514 0.391412,
1.9744 0.402066,
1.97069 0.41408,
1.96907 0.423553,
1.96626 0.433983,
1.96487 0.439412,
1.9642 0.449494,
1.9641 0.458892,
1.96405 0.468535,
1.964 0.478178,
1.96452 0.483556,
1.96572 0.489148,
1.96828 0.498199,
1.96951 0.50289,
1.97194 0.511903,
1.97487 0.521023,
1.97653 0.524844,
1.98092 0.532464,
1.98655 0.541187,
1.98965 0.545625,
1.99539 0.55329,
2.0008 0.559825,
2.00328 0.563447,
2.01098 0.575143,
2.01377 0.578774,
2.0169 0.582129,
2.02141 0.586041,
2.03207 0.595074,
2.03575 0.598156,
2.03873 0.600204,
2.03829 0.599971,
2.04908 0.606436,
2.0532 0.608901,
2.05754 0.610952,
2.06205 0.612568,
2.06671 0.613732,
2.07145 0.614437,
2.08113 0.614487,
2.09587 0.614661,
2.10114 0.614262,
2.1065 0.613258,
2.11193 0.611586,
2.11599 0.609847,
2.12518 0.604306,
2.13302 0.597957,
2.14461 0.587174,
2.15147 0.579843,
2.15832 0.572514,
2.16224 0.567929,
2.16477 0.564249,
2.17 0.555876,
2.17674 0.542965,
2.18064 0.532944,
2.18494 0.522957,
2.18948 0.514171,
2.1913 0.510317,
2.19279 0.506258,
2.19394 0.501988,
2.19581 0.493925,
2.19701 0.489789,
2.19804 0.479597,
2.19808 0.471031,
2.19876 0.462182,
2.19903 0.452355,
"/>
<Contour name="InnerMembrane" hidden="false" closed="true" simplified="true" border="1 0 0" fill="1 0 0" mode="11"
points="2.03788 0.571747,
2.03791 0.571837,
2.04272 0.573513,
2.04751 0.575189,
2.05285 0.575934,
2.0585 0.576232,
2.06412 0.576529,
2.06999 0.576504,
2.07334 0.575902,
2.07911 0.575722,
2.08488 0.575542,
2.08988 0.574774,
2.09417 0.573277,
2.09846 0.571779,
2.1022 0.570738,
2.10975 0.567857,
2.11444 0.565711,
2.1196 0.56295,
2.12373 0.560805,
2.12788 0.558697,
2.13223 0.556217,
2.13659 0.553739,
2.14031 0.550789,
2.14533 0.546008,
2.14919 0.541864,
2.15304 0.537722,
2.15558 0.534594,
2.15975 0.52799,
2.16239 0.52153,
2.16391 0.518373,
2.16516 0.513581,
2.16667 0.508512,
2.16764 0.503163,
2.16862 0.497697,
2.16969 0.492366,
2.17075 0.487034,
2.17136 0.481488,
2.17174 0.476102,
2.17195 0.470524,
2.1721 0.464717,
2.17225 0.458788,
2.17238 0.45286,
2.17192 0.448724,
2.1702 0.443896,
2.16846 0.439069,
2.16614 0.433117,
2.16401 0.428129,
2.16163 0.423579,
2.15916 0.418753,
2.15665 0.414289,
2.15412 0.410095,
2.1516 0.4059,
2.14847 0.401667,
2.14533 0.397434,
2.14066 0.393362,
2.13599 0.38929,
2.12893 0.384572,
2.12388 0.382558,
2.11883 0.380546,
2.11357 0.379558,
2.1083 0.378871,
2.10317 0.378012,
2.09782 0.377421,
2.09223 0.37711,
2.08654 0.37691,
2.08177 0.376816,
2.07699 0.376723,
2.07225 0.377603,
2.06707 0.37875,
2.06189 0.379896,
2.0549 0.381105,
2.05043 0.381671,
2.04547 0.383701,
2.04137 0.3855,
2.03542 0.387811,
2.03014 0.390148,
2.02486 0.392485,
2.0211 0.395668,
2.01599 0.399817,
2.01148 0.403588,
2.00762 0.406917,
2.00416 0.41011,
1.99796 0.41607,
1.99435 0.422264,
1.99158 0.428238,
1.98934 0.434097,
1.98717 0.439313,
1.98499 0.444532,
1.98374 0.448834,
1.98248 0.453135,
1.98201 0.458401,
1.98168 0.463287,
1.98145 0.468692,
1.98132 0.474404,
1.98117 0.480118,
1.98145 0.483803,
1.98363 0.490273,
1.98432 0.493648,
1.98666 0.499419,
1.98921 0.504512,
1.99152 0.509145,
1.99378 0.513523,
1.99606 0.518063,
1.99819 0.522761,
2.00031 0.527458,
2.00254 0.532111,
2.00492 0.536939,
2.00721 0.541407,
2.01061 0.545918,
2.01364 0.550164,
2.0195 0.55851,
2.02251 0.562879,
2.03267 0.570271,
2.03604 0.571412,
"/>
<Contour name="CristaeMembrane" hidden="false" closed="true" simplified="true" border="1 0 0" fill="1 0 0" mode="11"
points="2.096 0.548065,
2.09663 0.549744,
2.09697 0.550865,
2.09751 0.551896,
2.09827 0.552801,
2.09917 0.553544,
2.10018 0.554079,
2.10122 0.554615,
2.1023 0.555083,
2.10363 0.555225,
2.10504 0.555297,
2.10617 0.555334,
2.10717 0.555352,
2.10896 0.55537,
2.11068 0.55537,
2.11166 0.555288,
2.11247 0.555096,
2.11327 0.554778,
2.11414 0.554264,
2.11508 0.553625,
2.11612 0.553018,
2.11717 0.552411,
2.11791 0.552019,
2.11944 0.550851,
2.12054 0.550281,
2.12132 0.549567,
2.12213 0.548852,
2.12267 0.548268,
2.12313 0.547637,
2.1236 0.546692,
2.1241 0.545748,
2.12454 0.544731,
2.12482 0.543524,
2.12549 0.541818,
2.12567 0.540688,
2.12565 0.539526,
2.12567 0.538255,
2.12567 0.537025,
2.12567 0.535691,
2.12565 0.534565,
2.12565 0.53352,
2.12567 0.531606,
2.12567 0.530402,
2.12567 0.529369,
2.12565 0.528193,
2.12564 0.527019,
2.12564 0.525789,
2.12551 0.525046,
2.12528 0.524324,
2.12475 0.523253,
2.12406 0.522471,
2.12336 0.52173,
2.12255 0.520898,
2.12121 0.519518,
2.12059 0.51903,
2.11978 0.518581,
2.11903 0.518284,
2.11824 0.518094,
2.11681 0.518068,
2.11537 0.51804,
2.11352 0.518027,
2.11239 0.518222,
2.11129 0.518642,
2.10966 0.519122,
2.1087 0.519459,
2.10773 0.519796,
2.10697 0.520021,
2.10601 0.52049,
2.10497 0.521033,
2.10394 0.521577,
2.103 0.521966,
2.10207 0.52257,
2.10115 0.52348,
2.10025 0.524388,
2.09951 0.525512,
2.09879 0.526635,
2.09828 0.527306,
2.09787 0.528062,
2.09754 0.528933,
2.09728 0.529917,
2.097 0.530901,
2.09636 0.531878,
2.09605 0.532598,
2.09559 0.534264,
2.0952 0.53514,
2.09495 0.536077,
2.09492 0.53722,
2.09489 0.538363,
2.09487 0.539758,
2.09487 0.540929,
2.09487 0.54204,
2.09487 0.543088,
2.09489 0.544134,
2.09503 0.545251,
2.09518 0.546369,
2.09561 0.547266,
"/>
</Transform>

</Section>
