<?xml version="1.0"?>
<!DOCTYPE Section SYSTEM "section.dtd">

<Section index="582" thickness="0.00164" alignLocked="true">
<Transform dim="0"
 xcoef=" 0 1 0 0 0 0"
 ycoef=" 0 0 1 0 0 0">
<Contour name="OuterMembrane" hidden="false" closed="true" simplified="true" border="1 0 0" fill="1 0 0" mode="11"
points="2.03426 0.545328,
2.03381 0.54492,
2.03714 0.549343,
2.04049 0.553766,
2.04544 0.556788,
2.05077 0.559642,
2.05679 0.561649,
2.06282 0.563655,
2.06906 0.564409,
2.07575 0.564936,
2.0816 0.565095,
2.08747 0.564709,
2.09369 0.563996,
2.09991 0.563283,
2.10694 0.56252,
2.11401 0.559907,
2.12041 0.556655,
2.12678 0.553402,
2.13193 0.550637,
2.13589 0.547038,
2.13976 0.543347,
2.14356 0.539106,
2.14737 0.534865,
2.15129 0.529895,
2.15486 0.525025,
2.15827 0.520595,
2.16178 0.516349,
2.16482 0.511788,
2.16785 0.507226,
2.17106 0.502011,
2.1743 0.496797,
2.17712 0.492387,
2.17994 0.487977,
2.18181 0.483221,
2.18369 0.478463,
2.1852 0.472897,
2.1864 0.467787,
2.18728 0.461703,
2.18815 0.455618,
2.18769 0.449357,
2.18671 0.443394,
2.18573 0.437432,
2.18394 0.43174,
2.18227 0.428476,
2.1784 0.422041,
2.17597 0.418808,
2.17069 0.413611,
2.16549 0.408309,
2.16221 0.40581,
2.15668 0.40294,
2.1515 0.400575,
2.14632 0.39821,
2.14064 0.397118,
2.13469 0.396436,
2.12862 0.396003,
2.12255 0.395571,
2.11521 0.395801,
2.1071 0.397818,
2.09991 0.39972,
2.09254 0.40099,
2.08654 0.40395,
2.08054 0.406909,
2.07481 0.41236,
2.06961 0.417611,
2.06433 0.422764,
2.06064 0.427522,
2.05697 0.432278,
2.05294 0.437158,
2.0498 0.442644,
2.04708 0.447722,
2.04423 0.452786,
2.04137 0.457849,
2.03911 0.462821,
2.03683 0.467864,
2.03457 0.472909,
2.03203 0.478363,
2.02948 0.483816,
2.02786 0.489237,
2.02679 0.494619,
2.02614 0.500835,
2.02576 0.506465,
2.02547 0.512087,
2.02519 0.517709,
2.02573 0.523347,
2.02676 0.528972,
2.02778 0.534596,
2.03055 0.540559,
"/>
</Transform>

</Section>
