<?xml version="1.0"?>
<!DOCTYPE Section SYSTEM "section.dtd">

<Section index="685" thickness="0.00164" alignLocked="true">
<Transform dim="0"
 xcoef=" 0 1 0 0 0 0"
 ycoef=" 0 0 1 0 0 0">
<Contour name="OuterMembrane" hidden="false" closed="true" simplified="true" border="1 0 0" fill="1 0 0" mode="11"
points="2.03901 0.586123,
2.03855 0.586121,
2.03445 0.585442,
2.03048 0.584184,
2.03527 0.588063,
2.04006 0.59194,
2.04562 0.594059,
2.05108 0.595492,
2.05674 0.596968,
2.06238 0.597955,
2.06793 0.598764,
2.07391 0.599387,
2.07937 0.599822,
2.08459 0.600138,
2.09379 0.600268,
2.09869 0.59901,
2.1036 0.597752,
2.10873 0.596271,
2.11453 0.593401,
2.12008 0.590672,
2.12544 0.587417,
2.13072 0.584052,
2.13602 0.580688,
2.14207 0.575028,
2.14733 0.568078,
2.15083 0.561748,
2.15384 0.556119,
2.15637 0.550764,
2.15831 0.545597,
2.15947 0.539414,
2.16011 0.533792,
2.16062 0.528406,
2.16086 0.523108,
2.16113 0.517809,
2.1606 0.512329,
2.16008 0.506734,
2.15955 0.501138,
2.15858 0.495856,
2.1576 0.490572,
2.15676 0.48552,
2.15599 0.479912,
2.15558 0.474454,
2.15712 0.469457,
2.15865 0.464461,
2.15926 0.459574,
2.15957 0.453772,
2.1598 0.447996,
2.16001 0.442221,
2.15904 0.436658,
2.15571 0.429928,
2.15444 0.426343,
2.15165 0.42229,
2.14817 0.417988,
2.14396 0.413915,
2.13974 0.409841,
2.13398 0.406877,
2.12787 0.404014,
2.12306 0.402018,
2.11826 0.400021,
2.11339 0.397994,
2.10835 0.396521,
2.1033 0.395046,
2.09841 0.393108,
2.0931 0.392329,
2.08687 0.392659,
2.08064 0.392987,
2.07442 0.393462,
2.06807 0.394328,
2.06151 0.395748,
2.05456 0.397825,
2.04708 0.400158,
2.04224 0.403038,
2.0374 0.405916,
2.03329 0.410561,
2.02919 0.415205,
2.02506 0.42002,
2.0216 0.42528,
2.01809 0.430339,
2.01426 0.435138,
2.01071 0.440253,
2.00774 0.445081,
2.00477 0.449908,
2.00241 0.454191,
2.00024 0.45881,
1.99819 0.463843,
1.99639 0.469307,
1.9949 0.475441,
1.99383 0.481609,
1.99322 0.488049,
1.9928 0.494563,
1.99239 0.501077,
1.99293 0.505914,
1.99347 0.510748,
1.99439 0.516347,
1.9955 0.521812,
1.99662 0.527275,
1.99873 0.532613,
2.00103 0.537859,
2.00331 0.543107,
2.00515 0.548646,
2.00698 0.554123,
2.00926 0.559338,
2.01185 0.564575,
2.01482 0.569483,
2.02156 0.57861,
2.0255 0.581629,
2.02988 0.58394,
"/>
<Contour name="InnerMembrane" hidden="false" closed="true" simplified="true" border="1 0 0" fill="1 0 0" mode="11"
points="2.0764 0.570989,
2.0807 0.570067,
2.08478 0.568457,
2.09564 0.564846,
2.10164 0.562272,
2.10655 0.559107,
2.11091 0.555186,
2.11524 0.551117,
2.11873 0.546909,
2.12178 0.542943,
2.12439 0.538955,
2.12701 0.534966,
2.129 0.530624,
2.13082 0.525746,
2.13238 0.521117,
2.13394 0.516488,
2.1351 0.511283,
2.13597 0.50602,
2.13682 0.500928,
2.13795 0.495706,
2.13908 0.490485,
2.13971 0.484841,
2.1401 0.479305,
2.1403 0.473714,
2.14043 0.46862,
2.14056 0.463787,
2.14069 0.458954,
2.14041 0.4553,
2.13899 0.450577,
2.13756 0.445854,
2.13549 0.441319,
2.13349 0.437121,
2.13049 0.432381,
2.12751 0.427641,
2.12328 0.423384,
2.11844 0.419645,
2.1136 0.415906,
2.10893 0.414031,
2.10412 0.412024,
2.09931 0.410015,
2.09461 0.409396,
2.08995 0.409144,
2.08528 0.408893,
2.0806 0.408722,
2.07545 0.409938,
2.07001 0.411771,
2.06455 0.41398,
2.05984 0.41647,
2.05513 0.418959,
2.05052 0.422334,
2.04593 0.425708,
2.04193 0.429175,
2.03813 0.432803,
2.03455 0.437016,
2.03099 0.441231,
2.02806 0.446014,
2.02514 0.450797,
2.02232 0.455653,
2.02079 0.460956,
2.01953 0.465806,
2.01828 0.470657,
2.01771 0.476118,
2.0172 0.481742,
2.01736 0.486993,
2.01745 0.49218,
2.01753 0.497366,
2.01861 0.502265,
2.01971 0.507163,
2.02141 0.512006,
2.02258 0.51678,
2.02384 0.522079,
2.02512 0.52738,
2.02732 0.532705,
2.02934 0.538117,
2.03165 0.543245,
2.03426 0.548232,
2.03731 0.553362,
2.04036 0.558492,
2.04333 0.562445,
2.04698 0.565795,
2.05157 0.567793,
2.0563 0.569306,
2.06102 0.570822,
2.07114 0.57115,
"/>
</Transform>

</Section>
