<?xml version="1.0"?>
<!DOCTYPE Section SYSTEM "section.dtd">

<Section index="629" thickness="0.00164" alignLocked="true">
<Transform dim="0"
 xcoef=" 0 1 0 0 0 0"
 ycoef=" 0 0 1 0 0 0">
<Contour name="OuterMembrane" hidden="false" closed="true" simplified="true" border="1 0 0" fill="1 0 0" mode="11"
points="2.23524 0.540649,
2.23901 0.534241,
2.2414 0.5285,
2.2438 0.522757,
2.24503 0.518493,
2.24636 0.511423,
2.24734 0.505097,
2.24826 0.499369,
2.2491 0.493773,
2.24993 0.488084,
2.25049 0.482908,
2.25083 0.476925,
2.25106 0.471305,
2.25116 0.465855,
2.25124 0.460171,
2.25131 0.454116,
2.25088 0.447977,
2.24982 0.441803,
2.24877 0.435627,
2.2471 0.430018,
2.24552 0.424512,
2.2438 0.419028,
2.24178 0.413592,
2.23927 0.408375,
2.23645 0.403164,
2.23329 0.397925,
2.22948 0.39288,
2.22602 0.388313,
2.22281 0.383908,
2.21672 0.376359,
2.21095 0.371432,
2.20792 0.368964,
2.20183 0.365177,
2.19617 0.362137,
2.19084 0.359759,
2.18566 0.357623,
2.1809 0.355844,
2.17384 0.353997,
2.16678 0.352151,
2.16077 0.350427,
2.15471 0.348907,
2.14902 0.347834,
2.14379 0.347152,
2.13866 0.346781,
2.13334 0.346632,
2.12792 0.346501,
2.12142 0.346442,
2.11512 0.346511,
2.10874 0.347267,
2.10264 0.348108,
2.09664 0.34889,
2.09126 0.349679,
2.08593 0.350499,
2.0807 0.351393,
2.07549 0.352287,
2.06953 0.353951,
2.06358 0.355616,
2.05758 0.3576,
2.05151 0.35979,
2.04564 0.361925,
2.03983 0.364221,
2.03404 0.366519,
2.02873 0.369057,
2.02406 0.371688,
2.01932 0.374373,
2.01459 0.377057,
2.00995 0.380918,
2.00565 0.384788,
2.00195 0.388701,
1.99823 0.392754,
1.99467 0.397359,
1.99109 0.402554,
1.98753 0.407279,
1.98392 0.412245,
1.98046 0.4175,
1.97697 0.423304,
1.97436 0.42785,
1.97174 0.432394,
1.96875 0.439164,
1.96733 0.442697,
1.9658 0.448665,
1.96446 0.454419,
1.96341 0.460031,
1.96274 0.465904,
1.96198 0.471584,
1.96149 0.477206,
1.96093 0.48319,
1.96055 0.48885,
1.96018 0.494508,
1.9607 0.49937,
1.96123 0.504234,
1.96288 0.509928,
1.96495 0.515685,
1.96711 0.521558,
1.96956 0.527329,
1.97207 0.532792,
1.97459 0.538158,
1.97712 0.543522,
1.98119 0.549628,
1.98451 0.555261,
1.98766 0.560488,
1.99127 0.565233,
1.99495 0.569903,
1.99818 0.574307,
2.00121 0.578654,
2.00424 0.58305,
2.00728 0.587445,
2.01077 0.592296,
2.01461 0.59693,
2.01854 0.601365,
2.02273 0.605577,
2.02715 0.609226,
2.03158 0.612875,
2.0359 0.615226,
2.04023 0.617683,
2.04452 0.620369,
2.04903 0.622879,
2.05354 0.625388,
2.05891 0.627576,
2.06474 0.629622,
2.07073 0.631348,
2.07673 0.632968,
2.08203 0.633827,
2.08728 0.634345,
2.09307 0.634691,
2.09905 0.634875,
2.10504 0.63506,
2.1107 0.633932,
2.11603 0.632323,
2.12126 0.630491,
2.12629 0.628369,
2.13131 0.626247,
2.136 0.623866,
2.14069 0.621483,
2.1453 0.619559,
2.14993 0.617252,
2.1547 0.61492,
2.15924 0.612661,
2.16633 0.608414,
2.17129 0.605442,
2.17594 0.602418,
2.18056 0.599394,
2.18653 0.595241,
2.19229 0.591079,
2.19806 0.586917,
2.20263 0.582751,
2.2071 0.578215,
2.21103 0.573295,
2.21513 0.568509,
2.21874 0.564198,
2.22199 0.559888,
2.22522 0.555534,
2.22832 0.550796,
2.23178 0.545723,
"/>
<Contour name="InnerMembrane" hidden="false" closed="true" simplified="true" border="1 0 0" fill="1 0 0" mode="11"
points="2.03972 0.585921,
2.0395 0.585833,
2.04828 0.590416,
2.05317 0.59317,
2.05966 0.595059,
2.0655 0.596789,
2.07122 0.598223,
2.07654 0.599351,
2.08198 0.600268,
2.08742 0.601352,
2.09187 0.602323,
2.09753 0.603251,
2.1034 0.603955,
2.10927 0.604657,
2.11455 0.604745,
2.11921 0.604765,
2.12395 0.604743,
2.12869 0.604722,
2.13361 0.603648,
2.13886 0.602397,
2.14432 0.600871,
2.14952 0.598964,
2.15473 0.597083,
2.15939 0.595384,
2.16403 0.593685,
2.16824 0.591476,
2.17244 0.589268,
2.17825 0.585946,
2.1822 0.58273,
2.18614 0.579514,
2.19024 0.575076,
2.19414 0.570543,
2.19737 0.566176,
2.20058 0.561808,
2.20304 0.557976,
2.2055 0.554143,
2.20785 0.549794,
2.2102 0.545443,
2.2121 0.540055,
2.21402 0.534666,
2.21526 0.530071,
2.2162 0.525051,
2.21705 0.519908,
2.218 0.514604,
2.21892 0.509702,
2.21971 0.503957,
2.22031 0.498042,
2.22069 0.491995,
2.22105 0.485947,
2.22064 0.480641,
2.22023 0.475334,
2.21982 0.470611,
2.2194 0.465888,
2.21823 0.459087,
2.21761 0.452204,
2.21613 0.447225,
2.21454 0.442718,
2.21303 0.438183,
2.21108 0.43356,
2.20878 0.428666,
2.20652 0.424047,
2.20388 0.419866,
2.20106 0.415912,
2.19811 0.412173,
2.19498 0.408654,
2.19122 0.405164,
2.18745 0.401674,
2.1841 0.39865,
2.18077 0.395625,
2.17516 0.391653,
2.16979 0.388254,
2.16487 0.385285,
2.16019 0.382722,
2.15562 0.380232,
2.15134 0.377995,
2.14706 0.37576,
2.14086 0.374104,
2.13466 0.372449,
2.12959 0.371599,
2.12452 0.370752,
2.11791 0.370538,
2.11137 0.370348,
2.10543 0.37025,
2.09951 0.370153,
2.09333 0.370999,
2.08779 0.372496,
2.08226 0.373994,
2.07703 0.37566,
2.07124 0.37792,
2.06612 0.379827,
2.061 0.381638,
2.05587 0.383448,
2.0508 0.385923,
2.0461 0.38826,
2.04141 0.390789,
2.03658 0.393098,
2.03189 0.395499,
2.02688 0.398162,
2.02187 0.401139,
2.01687 0.404668,
2.01241 0.407888,
2.00797 0.411107,
2.00333 0.415668,
1.9987 0.420229,
1.99565 0.424086,
1.99245 0.427774,
1.98925 0.431463,
1.98599 0.437542,
1.98406 0.443141,
1.98287 0.448693,
1.98156 0.453968,
1.98027 0.459246,
1.97941 0.463925,
1.97889 0.468915,
1.97864 0.473781,
1.9785 0.478549,
1.97833 0.483333,
1.97853 0.488782,
1.97874 0.494232,
1.98041 0.499734,
1.98253 0.504646,
1.98491 0.509382,
1.98719 0.514078,
1.98947 0.518775,
1.99193 0.523117,
1.99439 0.527462,
1.99752 0.531616,
2.0006 0.536224,
2.0037 0.540554,
2.00639 0.544908,
2.00918 0.549231,
2.01236 0.554576,
2.01535 0.559225,
2.01835 0.563875,
2.02078 0.568099,
2.02392 0.571758,
2.02707 0.575417,
2.03403 0.581883,
2.03785 0.584901,
"/>
<Contour name="CristaeMembrane" hidden="false" closed="true" simplified="true" border="1 0 0" fill="1 0 0" mode="11"
points="2.12526 0.581047,
2.12636 0.580289,
2.12746 0.579532,
2.12824 0.57911,
2.12929 0.578395,
2.13026 0.577757,
2.13121 0.577049,
2.13216 0.57634,
2.13325 0.575779,
2.13425 0.574843,
2.13523 0.573907,
2.13615 0.573055,
2.13722 0.572157,
2.13828 0.571256,
2.13961 0.570422,
2.14092 0.569121,
2.14232 0.568001,
2.14318 0.567524,
2.14396 0.566933,
2.14486 0.5662,
2.14576 0.565467,
2.14692 0.564539,
2.14797 0.563617,
2.14897 0.562623,
2.14997 0.561628,
2.15102 0.560731,
2.15219 0.56008,
2.15335 0.559429,
2.15521 0.558267,
2.15617 0.557764,
2.15772 0.556933,
2.15927 0.556203,
2.16081 0.555473,
2.16183 0.554623,
2.16291 0.553839,
2.16401 0.553057,
2.1651 0.552165,
2.16618 0.551391,
2.16724 0.550619,
2.16851 0.549766,
2.16967 0.548591,
2.17077 0.547501,
2.17187 0.54641,
2.17266 0.545579,
2.17341 0.544432,
2.17416 0.543284,
2.1749 0.542013,
2.17567 0.540695,
2.17644 0.539376,
2.17743 0.53804,
2.17797 0.536956,
2.17854 0.535808,
2.17912 0.534658,
2.17953 0.533428,
2.18007 0.532131,
2.18061 0.530834,
2.181 0.530055,
2.18133 0.529151,
2.18184 0.527449,
2.18235 0.525748,
2.18284 0.524659,
2.18304 0.523211,
2.18333 0.521905,
2.18368 0.52052,
2.184 0.519135,
2.18461 0.517676,
2.18479 0.516818,
2.185 0.515504,
2.18522 0.514191,
2.18558 0.512951,
2.18571 0.511759,
2.18584 0.510565,
2.18623 0.509502,
2.18646 0.508387,
2.18648 0.506604,
2.18655 0.505361,
2.18661 0.504118,
2.18689 0.502878,
2.18714 0.501484,
2.18738 0.500088,
2.18791 0.498752,
2.18802 0.497181,
2.18804 0.495631,
2.18827 0.494242,
2.18851 0.492853,
2.18888 0.491498,
2.18892 0.490014,
2.18894 0.488818,
2.18896 0.487282,
2.18896 0.486037,
2.18896 0.484822,
2.18894 0.483605,
2.18896 0.482127,
2.18894 0.480889,
2.18896 0.479641,
2.18896 0.478385,
2.18896 0.476784,
2.18897 0.475384,
2.18897 0.474027,
2.18897 0.472371,
2.18896 0.470942,
2.18897 0.469547,
2.18897 0.468379,
2.18897 0.46671,
2.18897 0.465193,
2.18897 0.463674,
2.18897 0.462357,
2.18897 0.46104,
2.18886 0.45961,
2.18847 0.458077,
2.18832 0.456719,
2.18815 0.455362,
2.18806 0.453904,
2.18847 0.452699,
2.18925 0.45185,
2.19022 0.451171,
2.19119 0.450493,
2.19224 0.449762,
2.19312 0.449012,
2.19507 0.447935,
2.19626 0.447417,
2.19745 0.446907,
2.19863 0.446397,
2.1999 0.446082,
2.20209 0.445349,
2.20355 0.444863,
2.205 0.444376,
2.2061 0.443851,
2.20721 0.443413,
2.20847 0.442934,
2.20979 0.442744,
2.21108 0.442977,
2.21238 0.4434,
2.21367 0.443825,
2.21505 0.444506,
2.21612 0.445057,
2.2172 0.445608,
2.21903 0.446534,
2.22023 0.446928,
2.22145 0.447321,
2.22258 0.447794,
2.22356 0.448025,
2.22568 0.448783,
2.22727 0.448829,
2.22865 0.448876,
2.22994 0.449089,
2.23122 0.449303,
2.23281 0.449699,
2.23388 0.44975,
2.23516 0.449742,
2.23644 0.449734,
2.23786 0.449711,
2.23929 0.449688,
2.2415 0.449744,
2.24359 0.449713,
2.24498 0.449724,
2.24593 0.449568,
2.24808 0.448814,
2.25026 0.448112,
2.25116 0.44803,
2.25226 0.447763,
2.25349 0.447217,
2.25425 0.446729,
2.25554 0.445931,
2.25682 0.44513,
2.25817 0.444399,
2.25889 0.443823,
2.26067 0.442718,
2.26153 0.44188,
2.26236 0.441042,
2.26309 0.440453,
2.26382 0.439612,
2.26443 0.438518,
2.26505 0.437365,
2.26568 0.43621,
2.26671 0.43489,
2.26786 0.433149,
2.26845 0.43215,
2.26904 0.431151,
2.26956 0.430415,
2.27022 0.429311,
2.27088 0.428209,
2.27192 0.426626,
2.27263 0.425539,
2.27304 0.424314,
2.27345 0.423087,
2.27397 0.422021,
2.2745 0.420954,
2.27498 0.419318,
2.27507 0.418148,
2.27527 0.416909,
2.27547 0.415671,
2.27586 0.413992,
2.27586 0.412765,
2.27586 0.411538,
2.27586 0.410236,
2.27588 0.408932,
2.27586 0.407732,
2.27586 0.406531,
2.27583 0.405211,
2.27578 0.403891,
2.27589 0.402781,
2.27586 0.401567,
2.27581 0.400352,
2.2758 0.398077,
2.27584 0.396632,
2.27586 0.395235,
2.27589 0.393839,
2.27586 0.392873,
2.27566 0.391855,
2.27535 0.390604,
2.27504 0.389354,
2.27507 0.388396,
2.27494 0.387325,
2.27453 0.385989,
2.27371 0.384541,
2.27219 0.382994,
2.2716 0.381771,
2.27101 0.380546,
2.27051 0.379735,
2.26946 0.378394,
2.26843 0.377054,
2.2675 0.375768,
2.26653 0.37422,
2.26597 0.372947,
2.26546 0.372172,
2.26389 0.37063,
2.2623 0.369046,
2.26171 0.368336,
2.26085 0.367568,
2.25976 0.36686,
2.25869 0.365966,
2.25762 0.365072,
2.25605 0.363798,
2.25531 0.362784,
2.25408 0.361676,
2.25308 0.36103,
2.252 0.360098,
2.2509 0.359167,
2.25003 0.358433,
2.2489 0.357773,
2.248 0.357427,
2.24641 0.356344,
2.24532 0.355582,
2.24385 0.354591,
2.24298 0.353764,
2.2418 0.352989,
2.24086 0.352587,
2.23929 0.351806,
2.2377 0.351026,
2.23594 0.350122,
2.23481 0.3495,
2.23357 0.349089,
2.23248 0.348644,
2.23138 0.348202,
2.23007 0.347619,
2.22842 0.347117,
2.22732 0.346712,
2.226 0.346486,
2.22477 0.346402,
2.22354 0.34632,
2.22245 0.345907,
2.22099 0.34566,
2.21915 0.345725,
2.21797 0.345705,
2.21679 0.345686,
2.21551 0.345668,
2.21425 0.345651,
2.21307 0.345653,
2.2119 0.345656,
2.21064 0.345696,
2.20936 0.345735,
2.20815 0.345735,
2.20692 0.345735,
2.20544 0.345705,
2.20396 0.345674,
2.20277 0.345661,
2.20157 0.345648,
2.20032 0.345648,
2.19886 0.345661,
2.1974 0.345674,
2.19614 0.345676,
2.19468 0.345973,
2.19281 0.34663,
2.19166 0.346991,
2.18965 0.347987,
2.18769 0.348318,
2.18646 0.348756,
2.18569 0.349177,
2.18497 0.349694,
2.18376 0.350899,
2.18254 0.352103,
2.18168 0.353392,
2.18079 0.354681,
2.1801 0.355358,
2.17948 0.356167,
2.17892 0.357233,
2.17836 0.358299,
2.17784 0.35976,
2.17733 0.36122,
2.17697 0.362176,
2.17677 0.363173,
2.17674 0.364501,
2.17656 0.365881,
2.17638 0.367262,
2.17597 0.36954,
2.17594 0.370742,
2.17589 0.373008,
2.17589 0.374287,
2.17589 0.375578,
2.17589 0.377075,
2.17571 0.378366,
2.17551 0.379658,
2.17515 0.381203,
2.17477 0.382748,
2.17446 0.383675,
2.1743 0.384636,
2.17428 0.386072,
2.17426 0.387381,
2.17428 0.388862,
2.17426 0.390374,
2.17426 0.391719,
2.17425 0.392941,
2.17425 0.394131,
2.17425 0.395409,
2.17425 0.396826,
2.17402 0.3982,
2.17379 0.399575,
2.17356 0.400475,
2.1732 0.402269,
2.17208 0.403486,
2.17097 0.404701,
2.17033 0.405825,
2.16969 0.406948,
2.16879 0.408711,
2.168 0.410202,
2.16721 0.411692,
2.16639 0.412719,
2.16573 0.413946,
2.1651 0.415174,
2.16439 0.416601,
2.16368 0.418028,
2.16321 0.419054,
2.163 0.420435,
2.16288 0.421857,
2.16283 0.423186,
2.1628 0.424499,
2.16278 0.425934,
2.16278 0.427092,
2.1628 0.428252,
2.16278 0.429503,
2.16231 0.431538,
2.16132 0.433447,
2.16088 0.43429,
2.1606 0.435676,
2.16022 0.436885,
2.15985 0.438092,
2.15926 0.439174,
2.15886 0.440384,
2.15831 0.441436,
2.15776 0.442488,
2.15686 0.443433,
2.15617 0.44452,
2.15548 0.445606,
2.15465 0.446415,
2.15388 0.447597,
2.15309 0.448779,
2.15252 0.449504,
2.15129 0.451433,
2.15042 0.452319,
2.14958 0.453596,
2.14907 0.454733,
2.14856 0.455869,
2.14794 0.456861,
2.1473 0.457855,
2.14645 0.459123,
2.1456 0.460389,
2.14494 0.461286,
2.14438 0.462551,
2.14381 0.463813,
2.14315 0.464481,
2.14256 0.465252,
2.14186 0.466631,
2.14115 0.467723,
2.14045 0.468815,
2.13956 0.469785,
2.13877 0.47111,
2.13794 0.472955,
2.13713 0.47383,
2.1363 0.475247,
2.13567 0.476932,
2.13495 0.478445,
2.13421 0.479959,
2.13353 0.480871,
2.1328 0.48228,
2.13208 0.483423,
2.13134 0.484568,
2.13061 0.485911,
2.12972 0.487257,
2.12885 0.488605,
2.12806 0.489488,
2.12749 0.490542,
2.12692 0.491597,
2.12626 0.492909,
2.12559 0.494221,
2.12526 0.495229,
2.125 0.496417,
2.12473 0.497602,
2.12434 0.49895,
2.12428 0.500469,
2.12426 0.501847,
2.12424 0.503188,
2.12424 0.504553,
2.12423 0.505958,
2.12424 0.507278,
2.12426 0.508597,
2.12424 0.510176,
2.12424 0.511511,
2.12424 0.512848,
2.12426 0.514066,
2.12459 0.515537,
2.12493 0.516362,
2.12373 0.517108,
2.12201 0.516833,
2.12027 0.516556,
2.11921 0.515969,
2.11791 0.515549,
2.11642 0.515314,
2.11494 0.515081,
2.11332 0.514826,
2.1118 0.51475,
2.11027 0.514675,
2.10881 0.514647,
2.10737 0.514619,
2.10602 0.514922,
2.10489 0.515452,
2.10376 0.51598,
2.10271 0.516561,
2.10173 0.51745,
2.10059 0.518061,
2.09948 0.518671,
2.09825 0.518732,
2.09692 0.519158,
2.09559 0.519583,
2.09444 0.51998,
2.0933 0.520377,
2.09246 0.520547,
2.09061 0.521235,
2.08944 0.521633,
2.08828 0.522032,
2.08713 0.522429,
2.086 0.522825,
2.08465 0.52314,
2.08259 0.523839,
2.08144 0.524123,
2.08029 0.524272,
2.07909 0.524339,
2.07701 0.524406,
2.07485 0.524411,
2.07335 0.52452,
2.07184 0.524977,
2.07011 0.525333,
2.06894 0.525646,
2.06761 0.526287,
2.06655 0.526824,
2.06547 0.52736,
2.06427 0.527975,
2.06325 0.528674,
2.06222 0.529372,
2.06123 0.530032,
2.0604 0.53084,
2.05945 0.531783,
2.0585 0.532726,
2.05777 0.533479,
2.05717 0.534332,
2.05669 0.535265,
2.05636 0.536259,
2.05626 0.537525,
2.05622 0.538827,
2.0562 0.540091,
2.0562 0.541485,
2.05618 0.542906,
2.05618 0.544114,
2.05618 0.545362,
2.05617 0.546674,
2.05617 0.547876,
2.05617 0.549065,
2.05618 0.550356,
2.0562 0.551647,
2.05653 0.553228,
2.05707 0.554407,
2.05763 0.555586,
2.05838 0.556864,
2.05935 0.557861,
2.06032 0.558856,
2.06187 0.560416,
2.06307 0.561105,
2.06396 0.561864,
2.06486 0.562623,
2.06537 0.563663,
2.06589 0.564396,
2.06635 0.565766,
2.0666 0.567051,
2.06683 0.568337,
2.06697 0.569659,
2.06742 0.571082,
2.06788 0.572506,
2.06853 0.574144,
2.06899 0.575627,
2.06945 0.577109,
2.06996 0.578622,
2.07075 0.579896,
2.07168 0.580891,
2.07294 0.581733,
2.07419 0.582572,
2.07544 0.583291,
2.07668 0.584009,
2.07777 0.584568,
2.07895 0.585165,
2.08014 0.585764,
2.08132 0.586354,
2.0825 0.586946,
2.08405 0.587314,
2.08546 0.58781,
2.08685 0.588307,
2.0881 0.588722,
2.08929 0.5892,
2.09052 0.589755,
2.0919 0.590156,
2.09448 0.590643,
2.09792 0.590393,
2.09951 0.58979,
2.10071 0.589465,
2.10191 0.58914,
2.10312 0.589152,
2.10512 0.589152,
2.10635 0.589009,
2.10781 0.588544,
2.10927 0.588078,
2.11132 0.587512,
2.11255 0.587435,
2.11378 0.587127,
2.11499 0.586569,
2.11598 0.585885,
2.11708 0.585355,
2.11819 0.584826,
2.11939 0.584289,
2.1206 0.583753,
2.12168 0.58321,
2.12282 0.582453,
2.12403 0.581749,
"/>
</Transform>

</Section>
