<?xml version="1.0"?>
<!DOCTYPE Section SYSTEM "section.dtd">

<Section index="606" thickness="0.00164" alignLocked="true">
<Transform dim="0"
 xcoef=" 0 1 0 0 0 0"
 ycoef=" 0 0 1 0 0 0">
<Contour name="OuterMembrane" hidden="false" closed="true" simplified="true" border="1 0 0" fill="1 0 0" mode="11"
points="2.07009 0.60852,
2.07526 0.609517,
2.08019 0.610703,
2.08515 0.611889,
2.0888 0.612671,
2.09372 0.612719,
2.09841 0.612781,
2.1031 0.612845,
2.10876 0.612766,
2.11366 0.612251,
2.11857 0.611738,
2.12283 0.609649,
2.12703 0.607469,
2.13123 0.60529,
2.135 0.6024,
2.1389 0.599522,
2.14296 0.59664,
2.14701 0.59376,
2.15101 0.590315,
2.15501 0.586759,
2.15808 0.583915,
2.16204 0.57993,
2.16511 0.576155,
2.16826 0.572444,
2.17106 0.568531,
2.17357 0.564285,
2.17608 0.560509,
2.17895 0.556339,
2.18184 0.55217,
2.18474 0.547821,
2.18702 0.544027,
2.1893 0.540232,
2.19135 0.536482,
2.19342 0.532729,
2.19478 0.528382,
2.19624 0.524292,
2.19765 0.520426,
2.19927 0.516621,
2.20101 0.512493,
2.20275 0.508366,
2.20506 0.502883,
2.20692 0.497825,
2.20829 0.492935,
2.20913 0.488453,
2.20957 0.484013,
2.2099 0.479547,
2.21006 0.474696,
2.21008 0.469381,
2.2101 0.464066,
2.21013 0.459674,
2.21018 0.45539,
2.21006 0.448837,
2.21013 0.442215,
2.20964 0.439222,
2.20798 0.433708,
2.20623 0.428607,
2.2047 0.424698,
2.20319 0.420786,
2.20154 0.4178,
2.19857 0.412311,
2.19547 0.407174,
2.19417 0.404427,
2.19194 0.400821,
2.18943 0.397119,
2.18666 0.393482,
2.18355 0.3899,
2.18056 0.386638,
2.17766 0.383557,
2.17331 0.379683,
2.16933 0.376226,
2.16539 0.373098,
2.16126 0.370269,
2.15714 0.367855,
2.15304 0.365681,
2.14892 0.363506,
2.14486 0.361363,
2.14035 0.360382,
2.13582 0.359403,
2.131 0.358471,
2.12636 0.357976,
2.12191 0.357586,
2.11791 0.357395,
2.11381 0.357294,
2.10937 0.357243,
2.10197 0.357197,
2.09517 0.358137,
2.09093 0.359437,
2.08698 0.360989,
2.08305 0.362542,
2.07939 0.364605,
2.07498 0.367703,
2.07071 0.370891,
2.06656 0.374355,
2.06333 0.377226,
2.0592 0.381234,
2.05584 0.3851,
2.05274 0.389149,
2.05003 0.393516,
2.04813 0.397282,
2.04628 0.401848,
2.04442 0.406413,
2.04282 0.41041,
2.04014 0.414007,
2.0366 0.416788,
2.03262 0.419046,
2.02835 0.420783,
2.02409 0.42252,
2.01964 0.42506,
2.01553 0.427338,
2.01116 0.429785,
2.0068 0.432232,
2.00333 0.434984,
1.99972 0.437683,
1.99583 0.440907,
1.99235 0.444104,
1.98888 0.447302,
1.98615 0.451658,
1.98384 0.456268,
1.98153 0.460878,
1.97968 0.465217,
1.97795 0.469609,
1.97623 0.474001,
1.97531 0.477855,
1.97443 0.483285,
1.97367 0.488139,
1.97313 0.492736,
1.97287 0.498353,
1.97272 0.503337,
1.97308 0.508056,
1.97344 0.512774,
1.9744 0.517002,
1.97536 0.521228,
1.97663 0.525474,
1.9783 0.529848,
1.98025 0.534323,
1.98196 0.538012,
1.98391 0.541995,
1.98599 0.545825,
1.98806 0.549653,
1.99058 0.553526,
1.9936 0.557728,
1.9967 0.562095,
1.9999 0.566351,
2.00272 0.569903,
2.00546 0.573472,
2.00834 0.576963,
2.01179 0.580247,
2.01576 0.583199,
2.01994 0.585956,
2.0242 0.588412,
2.02848 0.590731,
2.03275 0.593111,
2.03701 0.595491,
2.0416 0.597631,
2.04628 0.599856,
2.05116 0.601716,
2.05607 0.603577,
2.06074 0.605022,
2.06542 0.606467,
"/>
<Contour name="InnerMembrane" hidden="false" closed="true" simplified="true" border="1 0 0" fill="1 0 0" mode="11"
points="2.04044 0.446006,
2.04054 0.445855,
2.03644 0.443103,
2.0335 0.444317,
2.03083 0.445524,
2.02699 0.447582,
2.02356 0.449383,
2.02058 0.451131,
2.01776 0.452674,
2.01492 0.454218,
2.01241 0.455963,
2.0099 0.457706,
2.00649 0.461084,
2.00462 0.462644,
2.00301 0.464458,
2.00113 0.467897,
1.99959 0.471185,
1.99832 0.474655,
1.99724 0.47834,
1.99632 0.481745,
1.99539 0.48515,
1.99506 0.488218,
1.99485 0.491367,
1.99472 0.494581,
1.99465 0.497845,
1.99462 0.501238,
1.99458 0.50407,
1.99463 0.508006,
1.99468 0.511942,
1.99557 0.515334,
1.99647 0.518724,
1.99698 0.520807,
1.99868 0.524387,
2.00083 0.52768,
2.00326 0.530784,
2.0057 0.533889,
2.00766 0.535452,
2.01187 0.537343,
2.01504 0.538635,
2.01781 0.539676,
2.02053 0.540646,
2.0235 0.541356,
2.02671 0.542041,
2.02961 0.542955,
2.0325 0.543867,
2.03557 0.544616,
2.03857 0.545723,
2.0415 0.547112,
2.04449 0.548652,
2.04738 0.550094,
2.05021 0.551548,
2.0528 0.552998,
2.05541 0.55445,
2.05772 0.556142,
2.05958 0.558313,
2.06286 0.562863,
2.06494 0.565264,
2.06702 0.567665,
2.0694 0.570182,
2.07178 0.57275,
2.07453 0.575176,
2.07745 0.577639,
2.08037 0.580102,
2.08414 0.582061,
2.08739 0.582587,
2.09074 0.583,
2.09398 0.583236,
2.09723 0.583473,
2.10061 0.583486,
2.10399 0.583497,
2.10942 0.582451,
2.11258 0.581588,
2.11663 0.580109,
2.12031 0.578813,
2.12378 0.57749,
2.12706 0.57624,
2.13036 0.574992,
2.13359 0.574007,
2.13651 0.572431,
2.13995 0.570172,
2.1434 0.567914,
2.14709 0.565616,
2.14909 0.564249,
2.15125 0.562159,
2.1534 0.560068,
2.15562 0.557546,
2.15796 0.554125,
2.16032 0.550702,
2.16247 0.547696,
2.16455 0.544721,
2.16654 0.541835,
2.16854 0.538948,
2.17047 0.535271,
2.17192 0.532146,
2.17328 0.529317,
2.17461 0.526593,
2.17598 0.523724,
2.17712 0.520557,
2.17813 0.517582,
2.17908 0.514799,
2.18 0.512093,
2.18092 0.509289,
2.18174 0.506465,
2.18273 0.503657,
2.18368 0.500515,
2.18461 0.497373,
2.18517 0.494504,
2.18573 0.491634,
2.1861 0.48844,
2.18646 0.485243,
2.18653 0.482357,
2.18712 0.477168,
2.18737 0.473783,
2.1876 0.470396,
2.18789 0.467205,
2.18801 0.463853,
2.18812 0.460392,
2.18819 0.457499,
2.18815 0.453225,
2.1882 0.449217,
2.18824 0.446029,
2.18824 0.443162,
2.18824 0.440296,
2.18761 0.43718,
2.18699 0.434065,
2.18604 0.430695,
2.1852 0.427517,
2.18435 0.424339,
2.18304 0.421559,
2.18171 0.418777,
2.18051 0.41596,
2.17882 0.413414,
2.17699 0.410549,
2.17538 0.407778,
2.17379 0.405006,
2.17185 0.402723,
2.16993 0.400442,
2.16744 0.398281,
2.16496 0.396119,
2.16332 0.394748,
2.16019 0.392846,
2.15735 0.39126,
2.1544 0.389903,
2.15114 0.38837,
2.14786 0.386837,
2.14497 0.386156,
2.14177 0.385377,
2.13823 0.384457,
2.13498 0.383655,
2.13175 0.382853,
2.1288 0.381964,
2.12562 0.381797,
2.12216 0.381713,
2.11929 0.38168,
2.11526 0.381656,
2.11165 0.381692,
2.10802 0.381728,
2.10484 0.38266,
2.10166 0.383591,
2.09807 0.384997,
2.09439 0.386182,
2.09072 0.387368,
2.08788 0.388682,
2.08457 0.390286,
2.08152 0.392255,
2.07857 0.394497,
2.07562 0.396739,
2.07316 0.399532,
2.07068 0.402325,
2.06835 0.405354,
2.06647 0.40878,
2.06473 0.411975,
2.06314 0.415179,
2.0615 0.418462,
2.06002 0.421514,
2.05854 0.424566,
2.05692 0.427256,
2.05582 0.429893,
2.05438 0.432878,
2.05239 0.435561,
2.04962 0.437913,
2.04683 0.440266,
2.042 0.444138,
"/>
<Contour name="CristaeMembrane" hidden="false" closed="true" simplified="true" border="1 0 0" fill="1 0 0" mode="11"
points="2.03804 0.491337,
2.03736 0.491649,
2.03609 0.491774,
2.03483 0.491898,
2.03375 0.492235,
2.03286 0.492704,
2.03101 0.493184,
2.02993 0.493524,
2.02886 0.493865,
2.02783 0.494416,
2.02691 0.495054,
2.02599 0.49569,
2.02706 0.495246,
2.02822 0.494716,
2.02853 0.494494,
2.02763 0.495265,
2.02652 0.495649,
2.0254 0.496033,
2.02443 0.496833,
2.02368 0.497606,
2.02292 0.49838,
2.02222 0.499137,
2.02164 0.500108,
2.02099 0.501458,
2.02032 0.502806,
2.01974 0.504052,
2.01958 0.505066,
2.01943 0.506081,
2.01943 0.507177,
2.01943 0.508274,
2.01943 0.509627,
2.01943 0.510698,
2.01945 0.512041,
2.01946 0.51313,
2.01948 0.51453,
2.01953 0.51607,
2.01982 0.517077,
2.02027 0.518019,
2.02078 0.518981,
2.02127 0.519944,
2.02176 0.520869,
2.02225 0.521796,
2.02289 0.522527,
2.02361 0.523239,
2.02433 0.523952,
2.02517 0.524762,
2.02592 0.525477,
2.02668 0.525959,
2.02784 0.526435,
2.02934 0.526958,
2.03083 0.527481,
2.03216 0.527401,
2.03357 0.527039,
2.03496 0.526676,
2.03617 0.526473,
2.03739 0.526269,
2.03829 0.52583,
2.03934 0.52552,
2.04039 0.52521,
2.04205 0.524382,
2.0428 0.523928,
2.04346 0.523386,
2.04426 0.522576,
2.04506 0.521766,
2.04605 0.52078,
2.04698 0.519846,
2.04803 0.518778,
2.04905 0.518115,
2.05005 0.517453,
2.05171 0.516626,
2.05282 0.515982,
2.05395 0.515339,
2.05571 0.514675,
2.05682 0.514443,
2.05792 0.514211,
2.05868 0.513986,
2.05938 0.513666,
2.06056 0.513556,
2.06176 0.513448,
2.06282 0.513145,
2.06369 0.51272,
2.06489 0.512713,
2.0661 0.512705,
2.06715 0.512689,
2.06824 0.512656,
2.06937 0.512582,
2.07063 0.512444,
2.07191 0.512308,
2.07307 0.512188,
2.07452 0.512477,
2.07531 0.512656,
2.07634 0.512728,
2.0776 0.513318,
2.07886 0.513907,
2.07996 0.514465,
2.08106 0.515021,
2.08211 0.515537,
2.083 0.516292,
2.08388 0.517046,
2.08496 0.518076,
2.08605 0.519112,
2.08697 0.52018,
2.08782 0.521025,
2.08865 0.521871,
2.08946 0.522675,
2.09011 0.523609,
2.09077 0.524544,
2.09166 0.526301,
2.09221 0.527058,
2.09298 0.528005,
2.09376 0.528952,
2.09431 0.529859,
2.09489 0.530561,
2.09558 0.531437,
2.09628 0.532313,
2.09682 0.533223,
2.09748 0.533984,
2.0989 0.535088,
2.09935 0.535758,
2.09984 0.536349,
2.10082 0.53728,
2.10179 0.53821,
2.10271 0.53905,
2.10363 0.539824,
2.10456 0.54026,
2.10632 0.541118,
2.10747 0.541267,
2.1086 0.541418,
2.10968 0.541387,
2.11076 0.541356,
2.11184 0.541318,
2.11311 0.54121,
2.11427 0.540685,
2.11544 0.54016,
2.11662 0.539568,
2.11768 0.539034,
2.1187 0.538322,
2.11985 0.537771,
2.121 0.537221,
2.12209 0.537116,
2.12326 0.536665,
2.12426 0.536018,
2.12496 0.53534,
2.12585 0.534458,
2.12672 0.533574,
2.12751 0.532787,
2.12859 0.531647,
2.12924 0.53053,
2.12962 0.529364,
2.13025 0.527598,
2.13047 0.526783,
2.13059 0.525458,
2.13059 0.524159,
2.13057 0.522858,
2.13059 0.521379,
2.13059 0.5199,
2.13059 0.518834,
2.13057 0.51754,
2.13057 0.51632,
2.13057 0.515021,
2.13056 0.51382,
2.13052 0.512623,
2.13046 0.511273,
2.13011 0.510173,
2.12987 0.509038,
2.12962 0.507905,
2.12929 0.506876,
2.12883 0.506019,
2.12824 0.504936,
2.12764 0.503852,
2.12687 0.502973,
2.12608 0.502096,
2.12541 0.501264,
2.12485 0.500362,
2.12444 0.49928,
2.12442 0.497929,
2.12603 0.49713,
2.12713 0.496289,
2.12803 0.495347,
2.12895 0.494404,
2.12982 0.493469,
2.13059 0.492551,
2.13103 0.491623,
2.13175 0.490226,
2.132 0.489515,
2.1321 0.488202,
2.1322 0.486888,
2.13218 0.485402,
2.13213 0.484328,
2.13172 0.483026,
2.13143 0.481927,
2.13115 0.480828,
2.13087 0.479685,
2.1307 0.478444,
2.13052 0.477204,
2.13026 0.476089,
2.12984 0.475164,
2.1298 0.474068,
2.12977 0.472974,
2.12977 0.471979,
2.12977 0.470978,
2.12977 0.46978,
2.12977 0.468696,
2.12977 0.467561,
2.12979 0.4664,
2.12982 0.465161,
2.12985 0.463762,
2.12995 0.462616,
2.13013 0.461468,
2.13051 0.460228,
2.13059 0.459466,
2.13082 0.457617,
2.13105 0.456522,
2.13151 0.455458,
2.13208 0.454331,
2.13259 0.453303,
2.13344 0.45159,
2.13425 0.450687,
2.13505 0.449783,
2.13564 0.448876,
2.13625 0.447989,
2.13685 0.447103,
2.13746 0.446021,
2.13846 0.44487,
2.13946 0.443717,
2.14017 0.442949,
2.14105 0.441214,
2.14169 0.440176,
2.14233 0.43914,
2.14299 0.438254,
2.14337 0.437409,
2.14405 0.436296,
2.14473 0.435182,
2.14545 0.434175,
2.14583 0.433339,
2.14605 0.432475,
2.14643 0.43141,
2.14681 0.430346,
2.14717 0.429288,
2.14751 0.428229,
2.14778 0.427089,
2.14779 0.426008,
2.14778 0.42457,
2.14776 0.423131,
2.14774 0.422126,
2.14773 0.421121,
2.14765 0.420073,
2.14728 0.419027,
2.14694 0.417967,
2.1466 0.416906,
2.14605 0.41582,
2.14514 0.414699,
2.14435 0.413493,
2.14355 0.412288,
2.14245 0.411606,
2.14135 0.410922,
2.14015 0.410118,
2.13897 0.409316,
2.13785 0.408813,
2.13672 0.408308,
2.13572 0.408147,
2.13448 0.40814,
2.13321 0.408134,
2.13211 0.408137,
2.1311 0.408134,
2.13003 0.408137,
2.12879 0.408142,
2.12764 0.408139,
2.12639 0.408144,
2.12521 0.408148,
2.12403 0.408165,
2.12298 0.408189,
2.12195 0.408221,
2.12065 0.408603,
2.11952 0.408972,
2.1184 0.409339,
2.11745 0.409795,
2.11647 0.41008,
2.11547 0.410366,
2.11471 0.410792,
2.11332 0.411284,
2.11191 0.411774,
2.11078 0.412332,
2.10986 0.413049,
2.10871 0.413892,
2.10758 0.414736,
2.10661 0.415468,
2.10553 0.416578,
2.10443 0.417688,
2.10369 0.418405,
2.10297 0.419123,
2.10212 0.41997,
2.10133 0.420752,
2.10063 0.421457,
2.09989 0.422188,
2.0991 0.422977,
2.09818 0.423891,
2.097 0.425119,
2.09638 0.426079,
2.09597 0.42704,
2.09551 0.428078,
2.09503 0.429116,
2.09487 0.430385,
2.09487 0.431853,
2.09487 0.433321,
2.09487 0.43498,
2.09489 0.43612,
2.09487 0.437222,
2.09489 0.438331,
2.09489 0.439591,
2.09487 0.44116,
2.09487 0.442178,
2.09487 0.443426,
2.09487 0.444542,
2.09487 0.445673,
2.09487 0.447084,
2.09487 0.448214,
2.09487 0.44964,
2.09487 0.451151,
2.09487 0.452163,
2.09487 0.453227,
2.09485 0.454482,
2.09482 0.455761,
2.09477 0.457262,
2.09466 0.458329,
2.09443 0.459559,
2.09418 0.460399,
2.09407 0.461232,
2.09395 0.462375,
2.09382 0.463516,
2.09361 0.464514,
2.09323 0.466405,
2.09297 0.46761,
2.09271 0.468814,
2.09225 0.470652,
2.09177 0.471662,
2.09159 0.473028,
2.09125 0.474923,
2.09077 0.475884,
2.09031 0.476845,
2.08957 0.477753,
2.08885 0.478662,
2.08793 0.479497,
2.08603 0.479716,
2.08475 0.480259,
2.08375 0.480553,
2.08275 0.480846,
2.08126 0.481596,
2.08021 0.481822,
2.07914 0.48205,
2.07778 0.482506,
2.07678 0.483011,
2.07578 0.483515,
2.07483 0.484003,
2.07388 0.48449,
2.07273 0.484818,
2.07158 0.485145,
2.07037 0.485287,
2.06948 0.485502,
2.06806 0.486085,
2.06679 0.486398,
2.06584 0.486724,
2.06487 0.487049,
2.0641 0.487308,
2.06338 0.487667,
2.06194 0.488382,
2.06058 0.488986,
2.05923 0.489589,
2.05781 0.490158,
2.05672 0.490185,
2.05558 0.490229,
2.05431 0.490304,
2.0531 0.490744,
2.05207 0.490852,
2.05102 0.49096,
2.04979 0.490968,
2.04815 0.490954,
2.04711 0.490957,
2.04608 0.49096,
2.04487 0.490965,
2.04377 0.490982,
2.04275 0.49099,
2.04157 0.491026,
2.04037 0.491062,
2.03911 0.49117,
"/>
</Transform>

</Section>
