<?xml version="1.0"?>
<!DOCTYPE Section SYSTEM "section.dtd">

<Section index="693" thickness="0.00164" alignLocked="true">
<Transform dim="0"
 xcoef=" 0 1 0 0 0 0"
 ycoef=" 0 0 1 0 0 0">
<Contour name="OuterMembrane" hidden="false" closed="true" simplified="true" border="1 0 0" fill="1 0 0" mode="11"
points="2.03558 0.568532,
2.03545 0.568527,
2.02994 0.567289,
2.03242 0.567984,
2.04408 0.571481,
2.05021 0.572801,
2.05646 0.573508,
2.06184 0.573862,
2.06701 0.573966,
2.07244 0.574069,
2.07801 0.574067,
2.08359 0.574067,
2.09016 0.572613,
2.09725 0.569333,
2.10118 0.567123,
2.10666 0.561921,
2.11227 0.556839,
2.11542 0.55259,
2.11832 0.547922,
2.12124 0.543255,
2.12341 0.53781,
2.12559 0.532365,
2.12716 0.526643,
2.12965 0.51734,
2.12997 0.509417,
2.13028 0.503614,
2.13043 0.496607,
2.13046 0.490632,
2.13047 0.484658,
2.1287 0.478788,
2.12692 0.472917,
2.12428 0.468156,
2.12104 0.463069,
2.11783 0.457983,
2.11514 0.453494,
2.11083 0.448096,
2.10648 0.442954,
2.10186 0.438252,
2.09722 0.43355,
2.09105 0.429124,
2.08705 0.427161,
2.08219 0.425705,
2.07729 0.424612,
2.07237 0.423876,
2.06747 0.42314,
2.06202 0.422567,
2.05608 0.422202,
2.05013 0.421834,
2.04497 0.422482,
2.0398 0.423128,
2.03544 0.424019,
2.02825 0.426676,
2.02146 0.429199,
2.01467 0.431723,
2.00979 0.435031,
2.0049 0.438339,
2.0005 0.442241,
1.99632 0.446292,
1.99216 0.450341,
1.98921 0.455564,
1.98627 0.460786,
1.98466 0.466796,
1.98384 0.472149,
1.98301 0.477501,
1.98278 0.484636,
1.98276 0.490798,
1.98273 0.496959,
1.9845 0.502755,
1.98627 0.508794,
1.98806 0.514832,
1.98934 0.518396,
1.99111 0.52183,
1.99444 0.528485,
1.99826 0.534791,
2.00288 0.541061,
2.00715 0.546151,
2.01118 0.551447,
2.01928 0.561031,
2.02763 0.566422,
"/>
</Transform>

</Section>
