<?xml version="1.0"?>
<!DOCTYPE Section SYSTEM "section.dtd">

<Section index="613" thickness="0.00164" alignLocked="true">
<Transform dim="0"
 xcoef=" 0 1 0 0 0 0"
 ycoef=" 0 0 1 0 0 0">
<Contour name="OuterMembrane" hidden="false" closed="true" simplified="true" border="1 0 0" fill="1 0 0" mode="11"
points="2.00372 0.574449,
2.00357 0.574361,
2.01097 0.580034,
2.01422 0.58372,
2.01746 0.587405,
2.02164 0.590825,
2.02586 0.59451,
2.02993 0.597629,
2.03398 0.600747,
2.03786 0.60323,
2.04175 0.605713,
2.0461 0.606987,
2.0508 0.607909,
2.05551 0.608829,
2.06035 0.609399,
2.06487 0.609865,
2.06919 0.610096,
2.0733 0.610206,
2.07729 0.610282,
2.08124 0.610339,
2.08519 0.610395,
2.08911 0.609934,
2.09302 0.608853,
2.09707 0.607597,
2.10118 0.606237,
2.10542 0.604889,
2.10965 0.60354,
2.11407 0.602151,
2.1185 0.60076,
2.1229 0.599399,
2.12669 0.598134,
2.13038 0.596766,
2.13403 0.595333,
2.13769 0.593901,
2.14133 0.591254,
2.14492 0.589032,
2.14848 0.586782,
2.15202 0.584532,
2.15555 0.581908,
2.15909 0.57914,
2.16262 0.576373,
2.16629 0.573656,
2.16995 0.570938,
2.17369 0.568349,
2.17743 0.565761,
2.18076 0.562817,
2.18407 0.559875,
2.18673 0.555965,
2.18863 0.552096,
2.19043 0.548116,
2.19209 0.544119,
2.19376 0.540123,
2.19499 0.536082,
2.19635 0.531773,
2.19808 0.527363,
2.19965 0.522952,
2.20129 0.518632,
2.20298 0.514289,
2.20455 0.509907,
2.20657 0.504922,
2.20836 0.500879,
2.20979 0.496959,
2.2111 0.492969,
2.21239 0.488981,
2.21352 0.484289,
2.21433 0.479428,
2.21521 0.474627,
2.21585 0.469965,
2.21649 0.465307,
2.21707 0.461135,
2.21754 0.45624,
2.21795 0.451218,
2.21812 0.44619,
2.21826 0.441089,
2.21841 0.435991,
2.21723 0.429628,
2.21584 0.423889,
2.21484 0.419496,
2.21349 0.415123,
2.21226 0.410723,
2.21085 0.406548,
2.20944 0.402374,
2.20782 0.398269,
2.20587 0.393871,
2.20388 0.389636,
2.20168 0.385564,
2.19947 0.38149,
2.1973 0.377928,
2.19512 0.374364,
2.19248 0.37074,
2.18983 0.367114,
2.1864 0.363521,
2.18204 0.360029,
2.17762 0.357012,
2.17326 0.354107,
2.16872 0.35166,
2.1638 0.349571,
2.1589 0.34748,
2.15393 0.345202,
2.14974 0.344354,
2.14505 0.343367,
2.13986 0.342688,
2.13472 0.342268,
2.12941 0.342024,
2.12411 0.341778,
2.11954 0.341696,
2.11565 0.341655,
2.1114 0.341671,
2.10678 0.342093,
2.10215 0.342516,
2.09912 0.342976,
2.09617 0.343836,
2.09054 0.345704,
2.08493 0.347573,
2.0807 0.349515,
2.07693 0.351365,
2.07319 0.353428,
2.06932 0.355406,
2.06545 0.357382,
2.06212 0.35946,
2.05807 0.362916,
2.05402 0.366369,
2.05146 0.369522,
2.0489 0.372672,
2.04526 0.375914,
2.04162 0.379155,
2.0379 0.382182,
2.03434 0.385482,
2.03075 0.388883,
2.02724 0.392268,
2.02358 0.395678,
2.01986 0.398992,
2.01608 0.402174,
2.01233 0.405354,
2.00854 0.408732,
2.00477 0.412332,
2.00087 0.415909,
1.99693 0.419194,
1.99339 0.422262,
1.9903 0.425145,
1.98645 0.428596,
1.98374 0.433106,
1.98146 0.437234,
1.97938 0.441614,
1.97732 0.445993,
1.97568 0.449788,
1.97433 0.453632,
1.97325 0.457644,
1.97215 0.461653,
1.97156 0.466767,
1.97135 0.470915,
1.97115 0.475062,
1.97105 0.479228,
1.971 0.483789,
1.97102 0.49137,
1.97148 0.494468,
1.97259 0.500485,
1.97274 0.503685,
1.97333 0.506863,
1.97441 0.511073,
1.97564 0.51526,
1.97686 0.519734,
1.97807 0.523887,
1.97927 0.528037,
1.98074 0.531844,
1.98301 0.536925,
1.98509 0.541484,
1.98694 0.545951,
1.98898 0.550133,
1.99096 0.55441,
1.99288 0.558336,
1.99488 0.562041,
1.99931 0.569469,
2.00118 0.571961,
2.00336 0.574182,
"/>
<Contour name="InnerMembrane" hidden="false" closed="true" simplified="true" border="1 0 0" fill="1 0 0" mode="11"
points="2.03388 0.555096,
2.03367 0.555078,
2.04196 0.55831,
2.04647 0.56057,
2.04995 0.562574,
2.05451 0.56552,
2.05884 0.568663,
2.06284 0.571497,
2.0666 0.573944,
2.07014 0.576155,
2.07391 0.578174,
2.07767 0.580193,
2.08226 0.58222,
2.08683 0.584248,
2.09198 0.585792,
2.09628 0.585924,
2.10043 0.586029,
2.10484 0.58566,
2.10925 0.585293,
2.11424 0.584063,
2.11808 0.582815,
2.12487 0.580416,
2.12895 0.578208,
2.13295 0.575714,
2.13672 0.573587,
2.1405 0.571458,
2.14378 0.569229,
2.14707 0.567,
2.15043 0.564045,
2.1538 0.56109,
2.15752 0.558486,
2.1597 0.556347,
2.1616 0.553889,
2.16423 0.550264,
2.16685 0.54664,
2.16901 0.542873,
2.17156 0.538991,
2.1741 0.534878,
2.17661 0.530738,
2.17882 0.526778,
2.18087 0.522729,
2.18294 0.51868,
2.1841 0.514742,
2.18527 0.510806,
2.18642 0.506539,
2.18745 0.502181,
2.18842 0.497884,
2.18937 0.493588,
2.19011 0.488922,
2.19084 0.484258,
2.19156 0.479515,
2.19207 0.475129,
2.19281 0.470211,
2.19353 0.465294,
2.19402 0.462441,
2.19409 0.457229,
2.19412 0.453157,
2.19414 0.449216,
2.19409 0.445304,
2.19404 0.441393,
2.19301 0.437559,
2.1923 0.433467,
2.19153 0.429149,
2.19074 0.424829,
2.18938 0.420583,
2.18801 0.416337,
2.18666 0.412729,
2.18438 0.407009,
2.1821 0.40198,
2.17995 0.397287,
2.17744 0.392837,
2.17495 0.38839,
2.17154 0.384457,
2.168 0.381229,
2.16387 0.378591,
2.15958 0.375896,
2.15529 0.3732,
2.15019 0.371449,
2.14566 0.370174,
2.14112 0.368902,
2.13495 0.368736,
2.13043 0.368541,
2.12534 0.368495,
2.12045 0.368419,
2.11557 0.368344,
2.11066 0.369349,
2.10576 0.370355,
2.10073 0.371891,
2.09669 0.373895,
2.09308 0.375489,
2.08798 0.378202,
2.08316 0.380214,
2.07859 0.38231,
2.07401 0.384408,
2.07112 0.386013,
2.06609 0.389198,
2.06289 0.391614,
2.05969 0.394031,
2.05638 0.396204,
2.05318 0.399248,
2.04998 0.402292,
2.04693 0.404618,
2.04387 0.406943,
2.04093 0.409428,
2.03813 0.412011,
2.03435 0.415327,
2.03075 0.418641,
2.02738 0.422257,
2.02387 0.425908,
2.02035 0.429559,
2.01818 0.431927,
2.01426 0.437459,
2.01235 0.440842,
2.0103 0.444391,
2.00823 0.448014,
2.0061 0.45204,
2.00401 0.456483,
2.00193 0.460925,
1.99985 0.466329,
1.99836 0.471598,
1.99688 0.476868,
1.99652 0.481184,
1.9964 0.485743,
1.99622 0.490468,
1.99614 0.494444,
1.99606 0.501886,
1.99704 0.506348,
1.99804 0.510812,
1.99952 0.515726,
2.00121 0.519511,
2.00334 0.524008,
2.00547 0.528505,
2.00792 0.532436,
2.01025 0.535845,
2.01258 0.539255,
2.01723 0.544762,
2.02427 0.5501,
2.02816 0.552865,
2.03106 0.55424,
"/>
<Contour name="CristaeMembrane" hidden="false" closed="true" simplified="true" border="1 0 0" fill="1 0 0" mode="11"
points="2.05469 0.520902,
2.05554 0.520754,
2.05646 0.520446,
2.05731 0.519992,
2.05794 0.519045,
2.05856 0.518099,
2.0595 0.516982,
2.06045 0.515864,
2.0615 0.51538,
2.06255 0.514894,
2.06391 0.514888,
2.06527 0.514881,
2.06655 0.515329,
2.06761 0.515996,
2.06853 0.516877,
2.06914 0.51812,
2.06976 0.519363,
2.07039 0.520629,
2.07102 0.521894,
2.07188 0.522424,
2.07273 0.522953,
2.07344 0.52344,
2.07406 0.524024,
2.07455 0.524626,
2.07594 0.525805,
2.07686 0.526479,
2.07754 0.527089,
2.07822 0.527534,
2.07895 0.527883,
2.07995 0.528357,
2.08093 0.528829,
2.08185 0.529487,
2.08278 0.530143,
2.08388 0.531012,
2.08508 0.531995,
2.08592 0.532613,
2.08674 0.533233,
2.08785 0.53373,
2.08895 0.534227,
2.0901 0.53505,
2.09123 0.535873,
2.09223 0.536677,
2.09323 0.537482,
2.09413 0.538438,
2.09499 0.53948,
2.09582 0.540523,
2.09685 0.541539,
2.09779 0.542466,
2.09874 0.543393,
2.09958 0.544277,
2.1004 0.545159,
2.10112 0.546012,
2.10173 0.547143,
2.10253 0.548045,
2.10315 0.548892,
2.10376 0.549739,
2.10427 0.550707,
2.10476 0.551676,
2.10535 0.552495,
2.10604 0.554256,
2.10648 0.555091,
2.10717 0.556514,
2.10796 0.557584,
2.10858 0.5585,
2.1092 0.559415,
2.10981 0.560254,
2.11068 0.561116,
2.11155 0.561979,
2.11212 0.562456,
2.11321 0.563068,
2.11426 0.563415,
2.11601 0.564029,
2.11685 0.564265,
2.11824 0.564386,
2.11955 0.564365,
2.12086 0.564344,
2.12234 0.564306,
2.12359 0.564219,
2.12485 0.564132,
2.12608 0.563911,
2.12733 0.563522,
2.12842 0.56316,
2.12941 0.562673,
2.13025 0.562051,
2.13095 0.561293,
2.13208 0.560567,
2.13321 0.559842,
2.13389 0.559233,
2.13444 0.558533,
2.13554 0.557672,
2.13664 0.55681,
2.13782 0.555968,
2.13845 0.555486,
2.13931 0.55452,
2.14074 0.553154,
2.14143 0.552075,
2.14192 0.551109,
2.1424 0.550143,
2.1432 0.549203,
2.144 0.548263,
2.14527 0.547035,
2.14614 0.54592,
2.14687 0.544864,
2.14761 0.543808,
2.14838 0.542963,
2.14886 0.542163,
2.14961 0.541139,
2.15037 0.540116,
2.15117 0.539163,
2.15155 0.538305,
2.15257 0.536649,
2.15314 0.535816,
2.15368 0.534958,
2.15406 0.534073,
2.15466 0.533116,
2.15527 0.53216,
2.15594 0.531209,
2.1564 0.530294,
2.15717 0.528775,
2.15763 0.527827,
2.15809 0.526878,
2.15839 0.525754,
2.15876 0.524746,
2.15913 0.523736,
2.15927 0.522783,
2.15927 0.521969,
2.15944 0.520024,
2.15962 0.518873,
2.15998 0.517827,
2.16072 0.51598,
2.16119 0.515016,
2.16167 0.513623,
2.16216 0.512231,
2.16244 0.5113,
2.16277 0.510355,
2.16309 0.509409,
2.16332 0.50849,
2.16336 0.507172,
2.16339 0.505855,
2.16339 0.504056,
2.16339 0.503044,
2.16337 0.501796,
2.16339 0.50059,
2.16339 0.499332,
2.16339 0.498127,
2.16337 0.496868,
2.16337 0.495439,
2.16337 0.494442,
2.16337 0.493232,
2.16324 0.492116,
2.16311 0.491003,
2.16265 0.489948,
2.16255 0.488712,
2.16245 0.487474,
2.16236 0.486301,
2.16198 0.485312,
2.16185 0.484241,
2.16172 0.48317,
2.16167 0.481752,
2.1616 0.48072,
2.16145 0.479502,
2.16106 0.478552,
2.16072 0.477463,
2.16037 0.476376,
2.15993 0.475566,
2.15937 0.474859,
2.15813 0.473614,
2.15681 0.472394,
2.15599 0.471574,
2.15517 0.470754,
2.15422 0.470201,
2.15348 0.469908,
2.15271 0.469721,
2.15155 0.469632,
2.15055 0.469278,
2.14956 0.468925,
2.14814 0.468815,
2.14673 0.46855,
2.14532 0.468282,
2.14402 0.468015,
2.14292 0.468017,
2.1413 0.467485,
2.14005 0.467208,
2.13897 0.467185,
2.1373 0.467187,
2.13602 0.46718,
2.13474 0.467172,
2.13343 0.467174,
2.13182 0.467203,
2.1302 0.467233,
2.12915 0.467295,
2.12724 0.467206,
2.12623 0.46719,
2.12519 0.467175,
2.12331 0.46719,
2.12208 0.467193,
2.12083 0.467197,
2.11978 0.467218,
2.11816 0.467213,
2.11703 0.467206,
2.11588 0.467198,
2.11486 0.467216,
2.1137 0.46728,
2.11253 0.467343,
2.11142 0.467741,
2.11066 0.468164,
2.10966 0.468543,
2.10866 0.468924,
2.10766 0.469232,
2.10679 0.469663,
2.10569 0.470152,
2.10461 0.470641,
2.10351 0.47089,
2.10269 0.4713,
2.10176 0.471987,
2.10081 0.472341,
2.09986 0.472697,
2.09889 0.473183,
2.09792 0.47367,
2.09659 0.474332,
2.09544 0.475057,
2.09431 0.475959,
2.09318 0.47686,
2.09215 0.477389,
2.09111 0.477919,
2.09013 0.478306,
2.08915 0.478691,
2.08816 0.479005,
2.08683 0.47968,
2.08587 0.480158,
2.0849 0.480636,
2.08373 0.481196,
2.08231 0.481519,
2.08086 0.481843,
2.07972 0.482181,
2.07857 0.482519,
2.07755 0.482645,
2.07654 0.482772,
2.07521 0.482793,
2.07399 0.482798,
2.07273 0.482844,
2.07178 0.483095,
2.07089 0.483497,
2.06971 0.483538,
2.06853 0.48358,
2.06692 0.483577,
2.06538 0.483574,
2.06369 0.483575,
2.06235 0.483787,
2.06138 0.484144,
2.06028 0.484361,
2.05917 0.484577,
2.05809 0.484971,
2.05689 0.485101,
2.05571 0.485228,
2.05433 0.485238,
2.05303 0.485515,
2.05198 0.485986,
2.05005 0.486245,
2.04928 0.486517,
2.04856 0.486891,
2.04765 0.487352,
2.04675 0.487813,
2.04544 0.488179,
2.04413 0.488546,
2.04277 0.488679,
2.04154 0.489146,
2.04062 0.489609,
2.0397 0.49007,
2.03867 0.490224,
2.03765 0.490376,
2.03652 0.490837,
2.0354 0.49161,
2.03462 0.492426,
2.03381 0.493241,
2.03322 0.494157,
2.03263 0.495016,
2.03204 0.495875,
2.03152 0.496769,
2.03114 0.497742,
2.03094 0.498814,
2.03093 0.499861,
2.03093 0.500907,
2.03094 0.50196,
2.03094 0.503254,
2.03096 0.504423,
2.03101 0.505614,
2.03111 0.506949,
2.03129 0.508251,
2.03158 0.5095,
2.03224 0.510353,
2.03289 0.511208,
2.03401 0.512226,
2.03513 0.513243,
2.0356 0.513887,
2.03616 0.514463,
2.03729 0.51559,
2.03834 0.516654,
2.03916 0.517476,
2.03988 0.518169,
2.0406 0.518863,
2.04149 0.519424,
2.0427 0.519824,
2.0439 0.520224,
2.04488 0.520641,
2.04605 0.520892,
2.04718 0.52091,
2.04851 0.520918,
2.04959 0.520923,
2.05064 0.520902,
2.05174 0.520907,
2.05282 0.520916,
"/>
<Contour name="CristaeMembrane" hidden="false" closed="true" simplified="true" border="1 0 0" fill="1 0 0" mode="11"
points="2.1198 0.538079,
2.11955 0.538059,
2.11972 0.538125,
2.12085 0.538419,
2.1219 0.538732,
2.123 0.53884,
2.12411 0.538902,
2.12514 0.538935,
2.12616 0.53897,
2.12711 0.538909,
2.12805 0.538694,
2.12897 0.53832,
2.12967 0.537904,
2.13077 0.537187,
2.13185 0.53647,
2.13298 0.536231,
2.13413 0.535732,
2.13502 0.534983,
2.13582 0.534238,
2.13661 0.533489,
2.1374 0.532711,
2.1382 0.531934,
2.13871 0.531229,
2.13948 0.529682,
2.14036 0.527919,
2.14077 0.526711,
2.14117 0.525502,
2.14164 0.524557,
2.14214 0.523611,
2.14282 0.522183,
2.14318 0.521507,
2.14345 0.520789,
2.14364 0.519937,
2.14368 0.51874,
2.14369 0.517177,
2.14369 0.51579,
2.14371 0.514668,
2.14371 0.513668,
2.14371 0.512669,
2.1434 0.51125,
2.14309 0.509833,
2.14259 0.508202,
2.14215 0.50718,
2.14173 0.506506,
2.14102 0.505743,
2.13992 0.504357,
2.13949 0.503549,
2.13881 0.502773,
2.13802 0.501935,
2.13722 0.50111,
2.13641 0.500289,
2.13559 0.499465,
2.13505 0.498932,
2.13441 0.498462,
2.13362 0.498034,
2.13267 0.497643,
2.13172 0.497253,
2.13092 0.49669,
2.13 0.496254,
2.12885 0.495872,
2.12769 0.495492,
2.12626 0.495106,
2.12482 0.494519,
2.12372 0.494344,
2.1226 0.494168,
2.12162 0.493729,
2.12044 0.493456,
2.11929 0.493466,
2.11813 0.493476,
2.11711 0.493448,
2.11565 0.493432,
2.11432 0.493422,
2.11296 0.493417,
2.11157 0.493419,
2.11048 0.493419,
2.10894 0.493442,
2.10742 0.493465,
2.1064 0.493696,
2.10474 0.494521,
2.10402 0.494804,
2.10335 0.495178,
2.10268 0.49568,
2.10146 0.496882,
2.10018 0.49823,
2.09963 0.499127,
2.0992 0.500184,
2.09899 0.501325,
2.09877 0.502465,
2.09836 0.503554,
2.09825 0.504758,
2.09822 0.50591,
2.09818 0.507031,
2.09817 0.508139,
2.09817 0.509156,
2.09815 0.510155,
2.09815 0.511249,
2.09817 0.512482,
2.09817 0.513551,
2.09817 0.514622,
2.09833 0.515608,
2.09872 0.516766,
2.09912 0.517922,
2.09953 0.519124,
2.1001 0.520293,
2.10066 0.521464,
2.10081 0.522207,
2.10104 0.522927,
2.10158 0.523962,
2.10223 0.524907,
2.10289 0.525851,
2.10356 0.526742,
2.10423 0.527631,
2.10464 0.528516,
2.1054 0.529431,
2.10617 0.530348,
2.10722 0.531303,
2.10824 0.53196,
2.10904 0.532593,
2.10984 0.533225,
2.11052 0.533774,
2.11142 0.534237,
2.1123 0.534699,
2.11342 0.535278,
2.11462 0.535883,
2.11583 0.53649,
2.11752 0.537344,
2.11868 0.537728,
"/>
</Transform>

</Section>
