<?xml version="1.0"?>
<!DOCTYPE Section SYSTEM "section.dtd">

<Section index="672" thickness="0.00164" alignLocked="true">
<Transform dim="0"
 xcoef=" 0 1 0 0 0 0"
 ycoef=" 0 0 1 0 0 0">
<Contour name="OuterMembrane" hidden="false" closed="true" simplified="true" border="1 0 0" fill="1 0 0" mode="11"
points="2.01648 0.579017,
2.0164 0.578984,
2.01276 0.576744,
2.01818 0.584501,
2.02699 0.591043,
2.03581 0.597585,
2.0469 0.603574,
2.05233 0.606023,
2.05684 0.607486,
2.06123 0.608468,
2.06978 0.609383,
2.08246 0.610298,
2.08752 0.610069,
2.09849 0.607876,
2.10269 0.606675,
2.11265 0.601788,
2.12272 0.59709,
2.13028 0.592522,
2.13392 0.58989,
2.14018 0.583819,
2.15079 0.573472,
2.15483 0.568698,
2.16029 0.561728,
2.16731 0.548437,
2.17154 0.540947,
2.17776 0.528892,
2.1813 0.519941,
2.18273 0.515229,
2.1841 0.506243,
2.18609 0.497401,
2.18796 0.487582,
2.18983 0.477763,
2.19047 0.473389,
2.1905 0.463936,
2.19071 0.448576,
2.18912 0.438546,
2.18683 0.428622,
2.18051 0.414707,
2.17776 0.409687,
2.17141 0.399883,
2.16516 0.392644,
2.15932 0.386459,
2.14888 0.375839,
2.14502 0.372615,
2.13346 0.365412,
2.12411 0.361308,
2.11465 0.357312,
2.10474 0.354473,
2.0949 0.354342,
2.08408 0.353256,
2.0702 0.352931,
2.0655 0.353107,
2.05781 0.354391,
2.04685 0.357964,
2.04129 0.359862,
2.03211 0.363913,
2.02009 0.368283,
2.01125 0.372469,
2.00233 0.376513,
1.99458 0.381485,
1.98622 0.389705,
1.9775 0.397538,
1.97464 0.400588,
1.97207 0.403871,
1.96385 0.416822,
1.9607 0.425501,
1.95952 0.430077,
1.95878 0.439054,
1.9587 0.448501,
1.9587 0.45858,
1.95849 0.468671,
1.95888 0.474649,
1.961 0.483018,
1.96311 0.491385,
1.96611 0.501341,
1.97054 0.513515,
1.97548 0.523832,
1.97963 0.531288,
1.98593 0.542509,
1.98798 0.546468,
1.99326 0.554528,
2.00641 0.571624,
2.01053 0.575148,
"/>
<Contour name="InnerMembrane" hidden="false" closed="true" simplified="true" border="1 0 0" fill="1 0 0" mode="11"
points="2.16903 0.453768,
2.1676 0.447882,
2.1658 0.44221,
2.164 0.436535,
2.16162 0.431574,
2.15916 0.427099,
2.15671 0.422625,
2.15388 0.418148,
2.15106 0.41367,
2.14809 0.410156,
2.14266 0.404175,
2.13894 0.40139,
2.1348 0.398759,
2.12993 0.396049,
2.12585 0.39391,
2.11839 0.390007,
2.11396 0.388339,
2.10922 0.386602,
2.10443 0.384931,
2.09974 0.383517,
2.09489 0.382171,
2.09003 0.380824,
2.08516 0.379973,
2.08044 0.379434,
2.07422 0.379165,
2.06801 0.378894,
2.06351 0.379281,
2.05861 0.380372,
2.05369 0.381464,
2.04739 0.382396,
2.04109 0.383329,
2.03573 0.384667,
2.03039 0.386007,
2.02378 0.388324,
2.0194 0.390094,
2.01525 0.392258,
2.01064 0.395124,
2.00603 0.398003,
2.00157 0.401192,
1.99713 0.40438,
1.99358 0.408183,
1.99006 0.411984,
1.98538 0.419346,
1.98242 0.427507,
1.98114 0.432835,
1.98025 0.437777,
1.97937 0.442716,
1.97907 0.448076,
1.97866 0.453119,
1.97835 0.458113,
1.97818 0.463338,
1.97804 0.468722,
1.97797 0.473209,
1.97789 0.477696,
1.97815 0.481476,
1.9794 0.486152,
1.98055 0.490629,
1.98171 0.495105,
1.98369 0.500636,
1.98538 0.505161,
1.98709 0.509686,
1.98927 0.514053,
1.99145 0.518422,
1.99393 0.523534,
1.99663 0.528541,
1.99978 0.533525,
2.0027 0.538123,
2.00544 0.542363,
2.00811 0.546445,
2.01079 0.550525,
2.01394 0.554427,
2.015 0.555317,
2.01907 0.558249,
2.02363 0.56118,
2.02819 0.564109,
2.03806 0.568662,
2.04137 0.569959,
2.04482 0.570807,
2.04834 0.571189,
2.0519 0.5711,
2.05618 0.570353,
2.06028 0.568921,
2.07016 0.563529,
2.07562 0.560608,
2.08203 0.557918,
2.08556 0.557267,
2.09218 0.555847,
2.09881 0.554427,
2.10548 0.55291,
2.11109 0.552741,
2.11672 0.552573,
2.12196 0.551396,
2.12723 0.550218,
2.13277 0.548888,
2.13753 0.545789,
2.14227 0.542691,
2.14612 0.539549,
2.14997 0.536405,
2.15363 0.530525,
2.15578 0.527747,
2.15775 0.523524,
2.15988 0.518558,
2.16191 0.513491,
2.16354 0.508623,
2.165 0.503751,
2.16606 0.498535,
2.16715 0.49332,
2.1679 0.488031,
2.16865 0.482744,
2.16883 0.475134,
2.16897 0.46925,
2.16903 0.464115,
2.16903 0.458941,
"/>
</Transform>

</Section>
