<?xml version="1.0"?>
<!DOCTYPE Section SYSTEM "section.dtd">

<Section index="659" thickness="0.00164" alignLocked="true">
<Transform dim="0"
 xcoef=" 0 1 0 0 0 0"
 ycoef=" 0 0 1 0 0 0">
<Contour name="OuterMembrane" hidden="false" closed="true" simplified="true" border="1 0 0" fill="1 0 0" mode="11"
points="2.20101 0.531737,
2.20245 0.523017,
2.20503 0.515034,
2.2076 0.504685,
2.20969 0.496954,
2.21082 0.489383,
2.21195 0.481811,
2.21225 0.473553,
2.21252 0.465383,
2.21266 0.45911,
2.2127 0.451492,
2.21275 0.444115,
2.21269 0.437621,
2.21264 0.431125,
2.21165 0.425468,
2.20974 0.419583,
2.20751 0.413608,
2.20528 0.407632,
2.20275 0.402858,
2.19806 0.397451,
2.19373 0.391588,
2.1894 0.385725,
2.18592 0.380359,
2.18245 0.374993,
2.17982 0.370645,
2.17377 0.363104,
2.17126 0.358904,
2.16823 0.35507,
2.16498 0.351885,
2.16124 0.349049,
2.15547 0.345733,
2.14463 0.340038,
2.13551 0.337412,
2.12701 0.33612,
2.1226 0.335403,
2.11427 0.335375,
2.10709 0.335298,
2.10076 0.33526,
2.09433 0.33526,
2.08775 0.335336,
2.08118 0.335411,
2.07234 0.337245,
2.0636 0.339196,
2.05917 0.340357,
2.05 0.34367,
2.04521 0.345022,
2.03865 0.347883,
2.03255 0.350719,
2.0212 0.355093,
2.01579 0.358612,
2.01038 0.36213,
2.00429 0.365848,
1.99819 0.369567,
1.99178 0.376193,
1.98688 0.382182,
1.98196 0.388172,
1.97876 0.393887,
1.97558 0.399602,
1.97297 0.40559,
1.96998 0.411902,
1.9672 0.418325,
1.96483 0.424816,
1.9629 0.431391,
1.96096 0.437965,
1.95847 0.444555,
1.95764 0.451922,
1.95665 0.459438,
1.9556 0.466555,
1.95488 0.473468,
1.95455 0.4806,
1.95422 0.487788,
1.95391 0.494975,
1.95409 0.499647,
1.95598 0.507806,
1.95806 0.514876,
1.96049 0.52182,
1.96292 0.528762,
1.9662 0.536052,
1.96949 0.543342,
1.97179 0.546974,
1.97635 0.553315,
1.98089 0.559655,
1.98538 0.565533,
1.99024 0.571392,
1.99481 0.576842,
1.99941 0.582292,
2.00336 0.587099,
2.00823 0.591753,
2.01308 0.596409,
2.01745 0.599543,
2.02325 0.604263,
2.02907 0.608981,
2.03394 0.612919,
2.03883 0.616855,
2.04213 0.619617,
2.0499 0.623572,
2.0539 0.625427,
2.05809 0.626795,
2.06438 0.627881,
2.07078 0.627864,
2.07709 0.626746,
2.0898 0.623574,
2.10114 0.618787,
2.10696 0.615907,
2.11406 0.612865,
2.12118 0.609821,
2.13197 0.604442,
2.13812 0.600045,
2.14427 0.596135,
2.15007 0.592437,
2.15586 0.58874,
2.16081 0.584955,
2.16774 0.578512,
2.17357 0.572334,
2.17954 0.566287,
2.18471 0.558879,
2.18755 0.555289,
2.19283 0.547371,
2.19809 0.539453,
"/>
<Contour name="InnerMembrane" hidden="false" closed="true" simplified="true" border="1 0 0" fill="1 0 0" mode="11"
points="2.0554 0.599753,
2.06087 0.600419,
2.06629 0.601181,
2.0717 0.601944,
2.07783 0.600975,
2.08398 0.600005,
2.08957 0.598198,
2.09472 0.596699,
2.09959 0.595248,
2.10435 0.593313,
2.10927 0.59141,
2.11419 0.589506,
2.11919 0.588042,
2.12396 0.586193,
2.12874 0.584345,
2.13315 0.582551,
2.13754 0.580758,
2.14263 0.575873,
2.14645 0.570986,
2.14942 0.565856,
2.15252 0.560818,
2.15553 0.556121,
2.15903 0.551463,
2.16201 0.547914,
2.16762 0.541703,
2.17005 0.537789,
2.17241 0.53372,
2.17464 0.529559,
2.17651 0.524815,
2.17848 0.519791,
2.18082 0.514671,
2.18269 0.509028,
2.18389 0.503885,
2.18494 0.498821,
2.18594 0.493676,
2.18705 0.488082,
2.18783 0.482352,
2.18822 0.476771,
2.18848 0.470992,
2.18858 0.465737,
2.18869 0.460507,
2.18879 0.455279,
2.18858 0.451399,
2.18774 0.447415,
2.18678 0.441864,
2.18571 0.436725,
2.18455 0.431727,
2.183 0.426948,
2.18166 0.422244,
2.1803 0.417767,
2.17894 0.413291,
2.17662 0.408816,
2.17418 0.404613,
2.17103 0.400203,
2.16752 0.395934,
2.16347 0.392037,
2.15939 0.38858,
2.15545 0.385064,
2.15157 0.381825,
2.14768 0.378586,
2.14322 0.375714,
2.13853 0.373362,
2.13384 0.371011,
2.12902 0.370246,
2.12429 0.369702,
2.11962 0.369379,
2.11491 0.369244,
2.11027 0.369213,
2.10551 0.369175,
2.10071 0.369118,
2.0921 0.369054,
2.08693 0.369825,
2.08177 0.370594,
2.07578 0.372075,
2.06981 0.373554,
2.0644 0.374604,
2.05899 0.375652,
2.05544 0.376075,
2.04682 0.377643,
2.03972 0.379444,
2.03253 0.380942,
2.02711 0.38365,
2.02214 0.386402,
2.01731 0.389239,
2.01248 0.392076,
2.00862 0.3948,
2.00503 0.397823,
2.00132 0.401116,
1.99763 0.404645,
1.99421 0.409083,
1.99076 0.413521,
1.98776 0.418207,
1.98474 0.422892,
1.98265 0.427815,
1.98061 0.432689,
1.97889 0.437201,
1.97763 0.441801,
1.97636 0.446401,
1.97535 0.451759,
1.97463 0.457063,
1.97413 0.462355,
1.97392 0.467892,
1.97377 0.473788,
1.97366 0.479838,
1.97363 0.484968,
1.97358 0.490114,
1.97354 0.49526,
1.97515 0.500643,
1.97677 0.506027,
1.97951 0.511429,
1.98225 0.516833,
1.98578 0.52171,
1.98919 0.526888,
1.99209 0.53134,
1.9944 0.535818,
1.99673 0.540411,
1.99929 0.544872,
2.00203 0.549403,
2.00477 0.553935,
2.007 0.558548,
2.00936 0.562802,
2.01135 0.567406,
2.01472 0.570677,
2.0181 0.573948,
2.02168 0.57741,
2.02451 0.581441,
2.02771 0.584804,
2.03089 0.588166,
2.03442 0.591582,
2.03791 0.59481,
2.04187 0.597263,
2.04618 0.598507,
2.05079 0.59913,
"/>
<Contour name="CristaeMembrane" hidden="false" closed="true" simplified="true" border="1 0 0" fill="1 0 0" mode="11"
points="2.0654 0.568288,
2.06537 0.568342,
2.06448 0.569124,
2.06248 0.569675,
2.06107 0.569674,
2.05963 0.569672,
2.05853 0.569672,
2.05686 0.569684,
2.05564 0.56968,
2.05461 0.56968,
2.05362 0.569677,
2.05257 0.569674,
2.05157 0.569674,
2.05056 0.569682,
2.04954 0.569688,
2.04854 0.569852,
2.04743 0.570354,
2.04636 0.570835,
2.04529 0.571073,
2.04423 0.57131,
2.04341 0.571373,
2.04236 0.57162,
2.04126 0.572122,
2.0406 0.572557,
2.03967 0.573482,
2.03878 0.574348,
2.03791 0.575212,
2.03703 0.57615,
2.0366 0.576795,
2.03627 0.577487,
2.03583 0.579171,
2.03544 0.579983,
2.03514 0.580945,
2.03475 0.58198,
2.03421 0.582856,
2.03349 0.583643,
2.0318 0.584466,
2.03081 0.584439,
2.02981 0.58458,
2.02902 0.584817,
2.02732 0.585257,
2.02614 0.585319,
2.02514 0.585559,
2.02397 0.585816,
2.02279 0.586072,
2.02191 0.586161,
2.02089 0.586528,
2.01989 0.586895,
2.01877 0.586958,
2.01782 0.587177,
2.01686 0.587645,
2.01587 0.588111,
2.01515 0.588445,
2.01426 0.58904,
2.01333 0.589846,
2.01239 0.590651,
2.01171 0.590997,
2.011 0.591481,
2.01023 0.592235,
2.00908 0.593867,
2.00838 0.594953,
2.00767 0.596038,
2.007 0.597035,
2.00631 0.598033,
2.00595 0.598782,
2.00544 0.600596,
2.005 0.601577,
2.00441 0.603453,
2.00415 0.604143,
2.00392 0.605114,
2.00392 0.606357,
2.00392 0.607599,
2.00385 0.608384,
2.00388 0.610203,
2.00387 0.611484,
2.00385 0.612766,
2.00387 0.614654,
2.00388 0.6157,
2.0039 0.616747,
2.00385 0.617567,
2.00398 0.618742,
2.00447 0.619836,
2.00497 0.620929,
2.00541 0.621888,
2.0058 0.623031,
2.0061 0.624022,
2.00639 0.625011,
2.00664 0.625952,
2.00716 0.627098,
2.008 0.628356,
2.00908 0.630027,
2.00954 0.63096,
2.00998 0.631894,
2.01033 0.632645,
2.01098 0.633635,
2.01154 0.634473,
2.0121 0.635311,
2.01259 0.636022,
2.01341 0.636833,
2.01423 0.637645,
2.01474 0.638204,
2.01599 0.639423,
2.01676 0.640161,
2.01772 0.640723,
2.01869 0.641288,
2.02007 0.642698,
2.02112 0.643649,
2.02202 0.644107,
2.02301 0.644694,
2.02399 0.645283,
2.02509 0.646003,
2.02619 0.646724,
2.02781 0.647838,
2.02943 0.648646,
2.03109 0.649479,
2.03175 0.649857,
2.03262 0.650212,
2.03378 0.650504,
2.03475 0.650739,
2.03572 0.650973,
2.0375 0.651506,
2.03862 0.651926,
2.03941 0.652082,
2.04123 0.652049,
2.04246 0.652075,
2.04367 0.6521,
2.04449 0.652125,
2.0461 0.65211,
2.0477 0.652094,
2.04944 0.652103,
2.05077 0.652108,
2.05192 0.652116,
2.05307 0.652126,
2.05415 0.652066,
2.05556 0.65168,
2.05631 0.651296,
2.05722 0.65087,
2.05812 0.650444,
2.05923 0.650196,
2.06002 0.649878,
2.06135 0.649187,
2.06268 0.648497,
2.06399 0.647836,
2.06469 0.647278,
2.06533 0.646583,
2.06592 0.645552,
2.0665 0.644522,
2.06752 0.643638,
2.06804 0.642977,
2.06899 0.641353,
2.0697 0.640492,
2.07024 0.639467,
2.07078 0.638441,
2.07119 0.63754,
2.0715 0.636566,
2.0718 0.635592,
2.07216 0.634591,
2.07232 0.633747,
2.07235 0.632671,
2.07234 0.631536,
2.07234 0.630403,
2.07235 0.629296,
2.07237 0.628187,
2.07237 0.626947,
2.07237 0.625806,
2.07237 0.624364,
2.07237 0.62308,
2.07237 0.621765,
2.07237 0.620668,
2.07235 0.619641,
2.07237 0.618523,
2.07235 0.617398,
2.07237 0.616197,
2.07237 0.615013,
2.07237 0.613893,
2.07237 0.612755,
2.07235 0.61164,
2.07235 0.610523,
2.07232 0.609376,
2.07217 0.608584,
2.07186 0.607197,
2.07193 0.606005,
2.07224 0.604878,
2.07262 0.603891,
2.07299 0.602903,
2.07365 0.602159,
2.07416 0.601203,
2.07467 0.600247,
2.07529 0.599284,
2.07591 0.598323,
2.07652 0.597222,
2.07714 0.59612,
2.07799 0.594436,
2.07868 0.593109,
2.07939 0.592099,
2.08 0.591236,
2.0806 0.590374,
2.08129 0.58947,
2.08188 0.588319,
2.08247 0.587168,
2.0829 0.585874,
2.08296 0.584562,
2.08303 0.583248,
2.08303 0.5818,
2.08303 0.58046,
2.08303 0.579132,
2.083 0.577782,
2.08296 0.576434,
2.0828 0.57566,
2.08254 0.5749,
2.08188 0.573769,
2.08114 0.572973,
2.07983 0.571619,
2.07919 0.571009,
2.07845 0.5705,
2.07731 0.570141,
2.07616 0.569784,
2.07517 0.569274,
2.07419 0.568765,
2.07326 0.56835,
2.07122 0.567699,
2.07014 0.56735,
2.06937 0.567232,
2.06858 0.567217,
2.06758 0.567348,
2.06656 0.567671,
"/>
<Contour name="CristaeMembrane" hidden="false" closed="true" simplified="true" border="1 0 0" fill="1 0 0" mode="11"
points="2.13375 0.518939,
2.13279 0.518292,
2.13182 0.517645,
2.13069 0.517418,
2.12954 0.517308,
2.12836 0.517249,
2.12716 0.51719,
2.1259 0.517307,
2.12455 0.517751,
2.12323 0.518438,
2.12168 0.51884,
2.1207 0.518865,
2.1195 0.519121,
2.11878 0.519409,
2.11716 0.519719,
2.11596 0.52018,
2.11476 0.520641,
2.11363 0.521627,
2.11291 0.52193,
2.11224 0.522322,
2.11132 0.522965,
2.11038 0.523606,
2.10952 0.524152,
2.10865 0.524697,
2.10763 0.525,
2.10643 0.525646,
2.10561 0.526404,
2.10397 0.527293,
2.10291 0.528305,
2.10184 0.529318,
2.10112 0.530187,
2.10041 0.531058,
2.09923 0.531903,
2.098 0.533003,
2.09677 0.534104,
2.09566 0.534756,
2.09471 0.535634,
2.09392 0.536441,
2.09312 0.537248,
2.09236 0.538032,
2.09164 0.538812,
2.09075 0.539836,
2.09033 0.540749,
2.09005 0.541722,
2.08949 0.542789,
2.08895 0.543858,
2.08783 0.545038,
2.08742 0.545677,
2.0871 0.546364,
2.08672 0.547785,
2.08644 0.548887,
2.08618 0.549987,
2.08572 0.550702,
2.08534 0.55158,
2.08496 0.552728,
2.08449 0.553851,
2.084 0.554974,
2.08373 0.556249,
2.08362 0.557556,
2.08351 0.558864,
2.08346 0.559957,
2.08342 0.560995,
2.08344 0.562156,
2.08344 0.563317,
2.08365 0.564252,
2.084 0.565142,
2.08454 0.566033,
2.08521 0.566818,
2.08641 0.567706,
2.08759 0.568221,
2.08872 0.56835,
2.08974 0.568417,
2.09113 0.568454,
2.09234 0.568472,
2.09348 0.568475,
2.09462 0.56848,
2.09603 0.568227,
2.09743 0.56763,
2.09822 0.567484,
2.09933 0.566984,
2.10051 0.566476,
2.10171 0.565967,
2.10248 0.5658,
2.1034 0.56536,
2.10432 0.564919,
2.10533 0.564572,
2.10633 0.564224,
2.10732 0.563862,
2.10832 0.563499,
2.10953 0.563178,
2.11086 0.562464,
2.11202 0.561918,
2.11325 0.561436,
2.1145 0.560954,
2.11622 0.560257,
2.11719 0.560075,
2.11817 0.559612,
2.11916 0.55915,
2.12014 0.558682,
2.12111 0.558215,
2.12223 0.557443,
2.12332 0.556672,
2.12455 0.556076,
2.12555 0.555563,
2.12654 0.555051,
2.12752 0.554584,
2.12849 0.554117,
2.12962 0.553513,
2.1307 0.552493,
2.13161 0.551611,
2.13251 0.550728,
2.13333 0.54991,
2.13405 0.548821,
2.13438 0.548016,
2.13461 0.547145,
2.1353 0.545387,
2.13576 0.544477,
2.13623 0.543567,
2.13659 0.542912,
2.13694 0.541968,
2.13713 0.540864,
2.13735 0.539762,
2.13764 0.538737,
2.13794 0.537712,
2.13836 0.536843,
2.13876 0.53567,
2.13913 0.534496,
2.1394 0.533745,
2.13951 0.532661,
2.13956 0.531599,
2.13958 0.530428,
2.13958 0.529223,
2.13958 0.528001,
2.13959 0.526778,
2.13954 0.525574,
2.13925 0.524406,
2.13882 0.52349,
2.13825 0.52264,
2.13725 0.521681,
2.13605 0.520977,
2.13479 0.520746,
2.13367 0.520633,
2.13256 0.520518,
2.13431 0.5206,
2.13531 0.52071,
2.13454 0.519824,
"/>
</Transform>

</Section>
