<?xml version="1.0"?>
<!DOCTYPE Section SYSTEM "section.dtd">

<Section index="650" thickness="0.00164" alignLocked="true">
<Transform dim="0"
 xcoef=" 0 1 0 0 0 0"
 ycoef=" 0 0 1 0 0 0">
<Contour name="OuterMembrane" hidden="false" closed="true" simplified="true" border="1 0 0" fill="1 0 0" mode="11"
points="2.00561 0.609819,
2.00459 0.609224,
2.00962 0.612317,
2.01466 0.615408,
2.01986 0.618757,
2.02545 0.622242,
2.02993 0.624204,
2.0359 0.626011,
2.04201 0.627561,
2.04793 0.629325,
2.05453 0.630683,
2.06076 0.631731,
2.06701 0.632779,
2.0726 0.633012,
2.07826 0.633214,
2.08426 0.633355,
2.09049 0.63347,
2.09754 0.633529,
2.10346 0.633506,
2.1092 0.632981,
2.11481 0.632171,
2.12044 0.631361,
2.12698 0.630327,
2.13193 0.6282,
2.13828 0.624868,
2.14463 0.621675,
2.15025 0.618565,
2.15517 0.615472,
2.15977 0.612458,
2.16401 0.609132,
2.16826 0.605808,
2.17182 0.601983,
2.17503 0.597788,
2.17836 0.593468,
2.18168 0.588952,
2.18482 0.584148,
2.18804 0.579369,
2.19135 0.574443,
2.19478 0.568782,
2.19821 0.56312,
2.20067 0.557949,
2.20313 0.552778,
2.20595 0.545904,
2.20908 0.539098,
2.2122 0.53229,
2.21408 0.524793,
2.21592 0.518043,
2.21764 0.512052,
2.21953 0.506248,
2.22107 0.50019,
2.22186 0.493796,
2.22245 0.488146,
2.22304 0.482498,
2.22369 0.475261,
2.22395 0.469407,
2.22409 0.46372,
2.22418 0.457788,
2.22423 0.452105,
2.22432 0.44661,
2.22432 0.441414,
2.22432 0.436219,
2.22315 0.430707,
2.22184 0.425509,
2.22051 0.420312,
2.21856 0.415269,
2.21654 0.410148,
2.21452 0.405026,
2.21174 0.399435,
2.20834 0.393841,
2.20495 0.388249,
2.2019 0.382135,
2.19803 0.377467,
2.19416 0.373097,
2.19029 0.368843,
2.18633 0.364698,
2.18194 0.360769,
2.17754 0.356597,
2.173 0.352498,
2.16846 0.348398,
2.16341 0.344902,
2.15834 0.341404,
2.15301 0.33824,
2.14745 0.335531,
2.14187 0.332789,
2.13584 0.331214,
2.12982 0.32964,
2.12352 0.328835,
2.11722 0.32803,
2.11083 0.32751,
2.10428 0.327529,
2.09735 0.327528,
2.0909 0.327539,
2.08416 0.327511,
2.07749 0.328146,
2.07081 0.328781,
2.06451 0.329768,
2.0584 0.330785,
2.05266 0.332049,
2.04702 0.333387,
2.04131 0.334619,
2.03554 0.335939,
2.02934 0.337778,
2.02314 0.339618,
2.01672 0.341881,
2.01056 0.344762,
2.00393 0.348233,
1.99755 0.351693,
1.99201 0.356016,
1.98648 0.360341,
1.98163 0.364951,
1.97725 0.369828,
1.97358 0.375116,
1.97112 0.380642,
1.96864 0.386168,
1.96597 0.392055,
1.9631 0.398586,
1.96069 0.404724,
1.95841 0.410587,
1.95654 0.416552,
1.95463 0.422549,
1.95308 0.428891,
1.95157 0.435266,
1.95067 0.442019,
1.95021 0.448925,
1.95039 0.456036,
1.9507 0.463228,
1.95112 0.470496,
1.95183 0.477561,
1.95285 0.484318,
1.95375 0.490852,
1.95488 0.497451,
1.95603 0.503995,
1.95754 0.510435,
1.95946 0.516761,
1.96159 0.523194,
1.96398 0.529686,
1.96613 0.536298,
1.96816 0.542684,
1.97041 0.548777,
1.97266 0.554678,
1.97489 0.560578,
1.97725 0.566177,
1.97969 0.571468,
1.98219 0.576627,
1.98486 0.581575,
1.98763 0.586292,
1.99085 0.591218,
1.99404 0.596145,
1.99718 0.601749,
2.00387 0.608688,
"/>
<Contour name="InnerMembrane" hidden="false" closed="true" simplified="true" border="1 0 0" fill="1 0 0" mode="11"
points="2.04001 0.375973,
2.03462 0.374791,
2.02842 0.375711,
2.02222 0.376629,
2.0162 0.377907,
2.01038 0.379675,
2.00505 0.382038,
1.99982 0.384575,
1.99547 0.388447,
1.99221 0.392777,
1.98945 0.39719,
1.98647 0.402064,
1.9835 0.406938,
1.98133 0.412814,
1.97928 0.418618,
1.97753 0.424316,
1.97589 0.429918,
1.97459 0.435491,
1.9733 0.441062,
1.97266 0.44667,
1.97212 0.451941,
1.97158 0.457214,
1.97158 0.462521,
1.97158 0.467828,
1.97159 0.474345,
1.97158 0.480876,
1.97238 0.487178,
1.97318 0.493483,
1.97415 0.499805,
1.97554 0.505935,
1.97758 0.511654,
1.97974 0.516805,
1.98294 0.522276,
1.98612 0.527747,
1.98925 0.533866,
1.99185 0.53872,
1.99406 0.54376,
1.9964 0.548908,
1.99872 0.554128,
2.00123 0.558548,
2.00441 0.563019,
2.00759 0.567489,
2.01108 0.571827,
2.01589 0.576509,
2.02069 0.58119,
2.02425 0.583599,
2.02884 0.586049,
2.03345 0.588499,
2.0389 0.591486,
2.04359 0.593754,
2.04828 0.596022,
2.05266 0.598028,
2.05823 0.599722,
2.06383 0.601416,
2.07009 0.602805,
2.07639 0.60341,
2.0826 0.604119,
2.08867 0.604447,
2.09467 0.604009,
2.10064 0.603449,
2.10658 0.602625,
2.11211 0.600929,
2.11737 0.598958,
2.12262 0.596986,
2.12764 0.594641,
2.13351 0.592038,
2.13886 0.589477,
2.14391 0.587166,
2.14832 0.584855,
2.15255 0.581577,
2.15678 0.578297,
2.16021 0.574585,
2.16365 0.570876,
2.16629 0.566282,
2.16954 0.562118,
2.17279 0.557954,
2.1761 0.553241,
2.17844 0.548221,
2.18081 0.543202,
2.18323 0.537723,
2.18535 0.532487,
2.18715 0.527611,
2.18894 0.522735,
2.19084 0.517966,
2.19235 0.513122,
2.19375 0.50596,
2.19514 0.498798,
2.1954 0.493556,
2.19566 0.488313,
2.19619 0.481643,
2.19614 0.474436,
2.19588 0.468906,
2.19562 0.463375,
2.19529 0.457386,
2.19476 0.451717,
2.19394 0.44588,
2.19293 0.439984,
2.19229 0.434639,
2.19191 0.429495,
2.19127 0.424386,
2.19009 0.41905,
2.18889 0.413713,
2.1875 0.408198,
2.18614 0.402489,
2.18438 0.397238,
2.18172 0.392149,
2.17907 0.38706,
2.17605 0.383391,
2.17233 0.38019,
2.16854 0.376992,
2.16473 0.373792,
2.15931 0.371557,
2.15355 0.370469,
2.14768 0.370574,
2.14192 0.370834,
2.13615 0.371091,
2.13082 0.371509,
2.12524 0.3724,
2.11955 0.3738,
2.1144 0.374991,
2.10929 0.376413,
2.10374 0.377736,
2.09743 0.378986,
2.09134 0.379831,
2.08531 0.380182,
2.08031 0.380154,
2.07409 0.3801,
2.06712 0.379995,
2.06209 0.37978,
2.05608 0.379353,
2.05056 0.378499,
2.04529 0.377167,
"/>
<Contour name="CristaeMembrane" hidden="false" closed="true" simplified="true" border="1 0 0" fill="1 0 0" mode="11"
points="2.08551 0.554912,
2.08615 0.554589,
2.08477 0.553498,
2.08364 0.553395,
2.08246 0.553333,
2.08131 0.55312,
2.08018 0.552906,
2.07877 0.552518,
2.07717 0.552485,
2.07588 0.552321,
2.07458 0.552157,
2.0734 0.551765,
2.07217 0.551704,
2.07099 0.551393,
2.06983 0.551081,
2.06899 0.550886,
2.06779 0.55085,
2.06638 0.550832,
2.0652 0.550822,
2.0641 0.550817,
2.06289 0.55083,
2.06151 0.550824,
2.06014 0.55082,
2.05899 0.550825,
2.05786 0.550828,
2.05679 0.55084,
2.05553 0.551104,
2.05453 0.551448,
2.05353 0.551794,
2.05259 0.552106,
2.05069 0.552526,
2.04956 0.552828,
2.04847 0.553049,
2.04741 0.553272,
2.04664 0.553338,
2.04587 0.55351,
2.04475 0.553889,
2.04364 0.554266,
2.04287 0.554514,
2.04113 0.555101,
2.04003 0.555506,
2.03929 0.55593,
2.03798 0.556806,
2.03667 0.557682,
2.03586 0.558427,
2.03508 0.559171,
2.03452 0.559829,
2.03401 0.560788,
2.0335 0.561748,
2.03289 0.562915,
2.03232 0.564055,
2.03176 0.565196,
2.03125 0.566279,
2.03107 0.567615,
2.03099 0.56866,
2.03096 0.569972,
2.03093 0.571089,
2.03093 0.572189,
2.03093 0.573303,
2.03091 0.574564,
2.03093 0.575699,
2.03093 0.576832,
2.03107 0.577875,
2.03142 0.578877,
2.03196 0.579843,
2.03289 0.580829,
2.0335 0.581731,
2.03412 0.582635,
2.03485 0.583678,
2.03588 0.584712,
2.03667 0.585498,
2.03762 0.58709,
2.03822 0.587874,
2.03904 0.588619,
2.04014 0.589344,
2.04101 0.59002,
2.04175 0.590682,
2.04251 0.591345,
2.04347 0.592133,
2.04465 0.592721,
2.04616 0.593088,
2.04695 0.593478,
2.0478 0.593747,
2.04888 0.59397,
2.04998 0.594192,
2.05113 0.59458,
2.05235 0.594662,
2.05358 0.594746,
2.05444 0.595164,
2.05551 0.595456,
2.05682 0.595502,
2.05802 0.595525,
2.05918 0.595533,
2.06036 0.595543,
2.06159 0.595541,
2.06281 0.595541,
2.06396 0.59554,
2.06535 0.595535,
2.06673 0.59553,
2.06779 0.595523,
2.06899 0.595282,
2.06973 0.595,
2.07094 0.594426,
2.07216 0.593852,
2.07329 0.593575,
2.0749 0.592986,
2.07596 0.592675,
2.07714 0.592058,
2.07857 0.591258,
2.07965 0.590762,
2.08075 0.590267,
2.0815 0.589928,
2.08221 0.589485,
2.08301 0.588729,
2.08392 0.587848,
2.08467 0.587123,
2.08593 0.586254,
2.0872 0.585387,
2.08824 0.584913,
2.08928 0.584011,
2.09015 0.583218,
2.09095 0.582457,
2.09177 0.581779,
2.09259 0.581098,
2.09361 0.580529,
2.0942 0.58005,
2.09513 0.579304,
2.09605 0.578558,
2.09697 0.577867,
2.09789 0.577177,
2.09877 0.576785,
2.09958 0.576255,
2.10112 0.575202,
2.10218 0.574464,
2.10323 0.573728,
2.10427 0.573101,
2.10528 0.572475,
2.10627 0.572188,
2.1073 0.571668,
2.10814 0.57093,
2.10952 0.570215,
2.11099 0.5698,
2.11234 0.569142,
2.11316 0.568542,
2.11399 0.567943,
2.11493 0.567476,
2.1159 0.56693,
2.11686 0.566392,
2.11785 0.565854,
2.11918 0.565359,
2.1199 0.564918,
2.12123 0.563907,
2.12203 0.563493,
2.12306 0.562786,
2.12419 0.562115,
2.12534 0.561444,
2.12633 0.560957,
2.12739 0.560413,
2.12841 0.559919,
2.12943 0.559427,
2.13047 0.559206,
2.13151 0.558722,
2.13251 0.558258,
2.13353 0.558043,
2.13462 0.557928,
2.13571 0.557813,
2.13676 0.557643,
2.13748 0.557411,
2.139 0.556993,
2.14009 0.556811,
2.14104 0.5565,
2.14197 0.556188,
2.14332 0.556004,
2.14419 0.555712,
2.14586 0.555163,
2.14683 0.554707,
2.14781 0.554251,
2.14884 0.553756,
2.14989 0.553261,
2.15081 0.55281,
2.15173 0.552359,
2.15248 0.551939,
2.15391 0.550838,
2.15468 0.550458,
2.1554 0.549971,
2.15626 0.549115,
2.15721 0.548181,
2.15801 0.547386,
2.15881 0.546584,
2.15963 0.545762,
2.16045 0.544942,
2.16126 0.544134,
2.16209 0.543301,
2.16293 0.542468,
2.16387 0.541462,
2.16432 0.540734,
2.16501 0.539312,
2.16573 0.538245,
2.16646 0.537177,
2.16696 0.536201,
2.16747 0.535227,
2.16785 0.534063,
2.16821 0.532898,
2.16859 0.531622,
2.16895 0.530346,
2.16903 0.528943,
2.16908 0.527775,
2.1691 0.526688,
2.16911 0.525281,
2.16911 0.523996,
2.16911 0.522714,
2.16885 0.521363,
2.16854 0.52058,
2.16787 0.519313,
2.16719 0.518045,
2.1667 0.51692,
2.16598 0.515921,
2.16511 0.515032,
2.16423 0.514143,
2.16339 0.513412,
2.1626 0.512926,
2.16175 0.512569,
2.15986 0.511975,
2.15886 0.511629,
2.15744 0.511542,
2.15624 0.511496,
2.15512 0.511473,
2.15404 0.511467,
2.15286 0.511459,
2.15168 0.51145,
2.15091 0.5115,
2.15015 0.51165,
2.14929 0.511949,
2.14838 0.512402,
2.1474 0.512915,
2.14645 0.513376,
2.14555 0.513837,
2.1445 0.514314,
2.14345 0.514791,
2.14238 0.515047,
2.14127 0.515575,
2.14015 0.516103,
2.13907 0.516861,
2.13789 0.517582,
2.13672 0.518302,
2.1358 0.518681,
2.13477 0.519414,
2.13372 0.520146,
2.13231 0.520871,
2.13092 0.521602,
2.12985 0.522104,
2.1288 0.522607,
2.12782 0.523332,
2.12683 0.524057,
2.12524 0.524859,
2.12449 0.525166,
2.12377 0.525574,
2.12283 0.526432,
2.122 0.52704,
2.12116 0.527649,
2.12021 0.528233,
2.11931 0.528933,
2.1184 0.529633,
2.11722 0.530146,
2.11604 0.530661,
2.11521 0.531037,
2.11444 0.531537,
2.11362 0.532329,
2.11258 0.533344,
2.11173 0.534197,
2.11081 0.534973,
2.10989 0.535747,
2.10874 0.536421,
2.10738 0.537699,
2.10671 0.538458,
2.10612 0.539412,
2.10542 0.540298,
2.10471 0.541184,
2.10399 0.542318,
2.10325 0.543266,
2.10251 0.544214,
2.10168 0.545184,
2.1011 0.54609,
2.10048 0.546896,
2.09974 0.547721,
2.09899 0.548506,
2.09805 0.54922,
2.0971 0.549931,
2.0963 0.550558,
2.09548 0.551183,
2.09454 0.55164,
2.09361 0.552096,
2.09257 0.552654,
2.09166 0.553013,
2.09072 0.553372,
2.08961 0.553731,
2.08849 0.55409,
2.08723 0.554238,
2.08649 0.554451,
"/>
</Transform>

</Section>
