<?xml version="1.0"?>
<!DOCTYPE Section SYSTEM "section.dtd">

<Section index="592" thickness="0.00164" alignLocked="true">
<Transform dim="0"
 xcoef=" 0 1 0 0 0 0"
 ycoef=" 0 0 1 0 0 0">
<Contour name="OuterMembrane" hidden="false" closed="true" simplified="true" border="1 0 0" fill="1 0 0" mode="11"
points="2.07496 0.578138,
2.07475 0.578174,
2.0817 0.578694,
2.08592 0.579789,
2.09089 0.580339,
2.09612 0.580385,
2.10076 0.579681,
2.10574 0.577888,
2.11079 0.57597,
2.11583 0.574051,
2.11932 0.571816,
2.1228 0.569311,
2.12629 0.566807,
2.12961 0.564103,
2.13312 0.561223,
2.13662 0.558343,
2.13979 0.555842,
2.14386 0.552388,
2.14797 0.548988,
2.15211 0.545589,
2.15609 0.541597,
2.15794 0.538842,
2.16121 0.533438,
2.16487 0.528925,
2.16851 0.524411,
2.17111 0.520713,
2.17277 0.515586,
2.17418 0.510916,
2.17538 0.506688,
2.17659 0.502458,
2.17756 0.497637,
2.17841 0.492722,
2.17926 0.487995,
2.17984 0.483593,
2.18043 0.479193,
2.18077 0.474262,
2.1811 0.469361,
2.18131 0.464443,
2.18143 0.460464,
2.18148 0.455092,
2.18153 0.449719,
2.18099 0.445788,
2.18046 0.441859,
2.17908 0.437349,
2.17767 0.432762,
2.17658 0.428885,
2.17553 0.424999,
2.17431 0.420752,
2.17308 0.416504,
2.17159 0.411896,
2.17008 0.407287,
2.16856 0.403169,
2.1668 0.400129,
2.16431 0.395788,
2.16172 0.392012,
2.15865 0.388295,
2.15545 0.384608,
2.15225 0.38092,
2.14768 0.377667,
2.14378 0.375202,
2.13989 0.372738,
2.13261 0.370794,
2.12769 0.370556,
2.12364 0.37044,
2.11785 0.370789,
2.11206 0.371139,
2.10771 0.371722,
2.10335 0.372306,
2.09861 0.374173,
2.09456 0.376355,
2.09052 0.378537,
2.0868 0.381302,
2.08188 0.386997,
2.07911 0.391206,
2.07622 0.395545,
2.07409 0.399073,
2.07194 0.4026,
2.06958 0.407371,
2.06776 0.411848,
2.06599 0.416227,
2.0641 0.420373,
2.0624 0.424389,
2.06046 0.428088,
2.05707 0.431143,
2.05344 0.433206,
2.04975 0.434898,
2.04549 0.436461,
2.04154 0.437906,
2.03759 0.439349,
2.03191 0.441791,
2.02707 0.444433,
2.02271 0.446926,
2.01877 0.449554,
2.01505 0.452481,
2.01141 0.455571,
2.00572 0.46075,
2.00385 0.463085,
2.00095 0.468271,
1.99816 0.473081,
1.9958 0.478099,
1.99408 0.482242,
1.99232 0.487069,
1.99055 0.491895,
1.98978 0.497086,
1.98911 0.501761,
1.98866 0.506045,
1.98842 0.510445,
1.98843 0.514934,
1.98845 0.519424,
1.99078 0.524787,
1.99326 0.529753,
1.99568 0.533951,
1.99855 0.538114,
2.00178 0.542245,
2.00462 0.545446,
2.00744 0.548646,
2.01051 0.551375,
2.01358 0.554176,
2.01686 0.556887,
2.02053 0.559355,
2.02425 0.561979,
2.02796 0.564604,
2.03194 0.566502,
2.03608 0.568519,
2.04062 0.570551,
2.04515 0.572327,
2.04962 0.574089,
2.05387 0.575232,
2.05813 0.576371,
2.06758 0.578126,
2.07242 0.578402,
"/>
<Contour name="InnerMembrane" hidden="false" closed="true" simplified="true" border="1 0 0" fill="1 0 0" mode="11"
points="2.16006 0.412207,
2.15863 0.408486,
2.15673 0.404816,
2.15337 0.401857,
2.14961 0.399994,
2.14586 0.398131,
2.14241 0.397708,
2.13933 0.397867,
2.13628 0.396529,
2.13323 0.395191,
2.12992 0.394768,
2.12659 0.394346,
2.12308 0.394003,
2.1196 0.393803,
2.11612 0.393602,
2.11293 0.394251,
2.10978 0.395186,
2.10671 0.396299,
2.10371 0.397561,
2.10071 0.398823,
2.09786 0.40097,
2.09512 0.403463,
2.09239 0.405956,
2.08961 0.410812,
2.08815 0.415373,
2.08649 0.419189,
2.08508 0.422579,
2.0836 0.425636,
2.0818 0.428755,
2.07978 0.431932,
2.07644 0.433003,
2.07242 0.436122,
2.06856 0.439422,
2.06569 0.441196,
2.06268 0.442869,
2.05966 0.444542,
2.05622 0.446128,
2.05266 0.447828,
2.0489 0.449481,
2.04516 0.451238,
2.04137 0.453078,
2.03798 0.455251,
2.03447 0.457357,
2.03158 0.458975,
2.02773 0.461601,
2.02442 0.463989,
2.02187 0.466442,
2.01966 0.469168,
2.01746 0.471892,
2.01595 0.473926,
2.01364 0.476558,
2.01256 0.480974,
2.0119 0.485058,
2.01112 0.488958,
2.0101 0.49269,
2.00908 0.496423,
2.00766 0.499946,
2.00779 0.50369,
2.0079 0.507434,
2.00844 0.510717,
2.00948 0.514466,
2.01189 0.519249,
2.01536 0.524159,
2.01868 0.527468,
2.02146 0.529876,
2.02425 0.532283,
2.02693 0.534159,
2.02988 0.53575,
2.03283 0.537341,
2.03596 0.539281,
2.03911 0.54122,
2.04244 0.542902,
2.04577 0.544583,
2.0503 0.546792,
2.05449 0.548309,
2.05871 0.549828,
2.06258 0.550937,
2.06629 0.551686,
2.07004 0.55237,
2.07362 0.552916,
2.07709 0.553615,
2.08057 0.554315,
2.08455 0.554648,
2.08865 0.554894,
2.09274 0.55514,
2.09677 0.55514,
2.10059 0.555115,
2.10442 0.555092,
2.10863 0.55492,
2.11322 0.553098,
2.11732 0.551519,
2.12072 0.549853,
2.12388 0.547993,
2.12703 0.546133,
2.12979 0.543845,
2.13215 0.540982,
2.13451 0.538118,
2.13779 0.534025,
2.14005 0.530573,
2.14207 0.527409,
2.14409 0.524246,
2.14645 0.52018,
2.14832 0.516748,
2.14978 0.513592,
2.15125 0.510437,
2.15225 0.507318,
2.15294 0.503977,
2.15384 0.500669,
2.15465 0.497619,
2.15545 0.493793,
2.15652 0.490043,
2.15758 0.486294,
2.15791 0.482949,
2.15799 0.478808,
2.15813 0.474828,
2.15817 0.471551,
2.15817 0.467056,
2.1586 0.463043,
2.15904 0.459029,
2.15978 0.455308,
2.16062 0.451884,
2.16145 0.44846,
2.16168 0.444975,
2.1619 0.441488,
2.16229 0.438026,
2.16224 0.434554,
2.16219 0.431081,
2.16204 0.427395,
2.16183 0.423609,
2.16157 0.41962,
2.16103 0.415896,
"/>
</Transform>

</Section>
