<?xml version="1.0"?>
<!DOCTYPE Section SYSTEM "section.dtd">

<Section index="643" thickness="0.00164" alignLocked="true">
<Transform dim="0"
 xcoef=" 0 1 0 0 0 0"
 ycoef=" 0 0 1 0 0 0">
<Contour name="OuterMembrane" hidden="false" closed="true" simplified="true" border="1 0 0" fill="1 0 0" mode="11"
points="2.02092 0.612588,
2.02638 0.616135,
2.03175 0.619374,
2.03678 0.622111,
2.04223 0.624296,
2.04826 0.626493,
2.05481 0.62852,
2.06146 0.629558,
2.06807 0.630367,
2.07408 0.630765,
2.08001 0.631082,
2.08533 0.631234,
2.09295 0.631288,
2.10043 0.631333,
2.10761 0.631318,
2.11455 0.630532,
2.12054 0.629394,
2.12615 0.62831,
2.13175 0.627226,
2.13881 0.624564,
2.14584 0.621901,
2.1502 0.61994,
2.15657 0.616465,
2.16268 0.612729,
2.16865 0.608802,
2.17459 0.604696,
2.18053 0.600589,
2.1861 0.595574,
2.18873 0.592106,
2.19298 0.586136,
2.19758 0.58055,
2.2018 0.574664,
2.206 0.568621,
2.20967 0.562953,
2.2131 0.557059,
2.21574 0.552219,
2.2184 0.54738,
2.22017 0.542292,
2.2234 0.532724,
2.22458 0.527413,
2.22581 0.521356,
2.22696 0.51477,
2.22799 0.508628,
2.22932 0.502158,
2.23083 0.495687,
2.23166 0.489835,
2.23252 0.483984,
2.23283 0.476784,
2.23288 0.470833,
2.23291 0.464607,
2.23301 0.458223,
2.23307 0.452929,
2.23312 0.447633,
2.23243 0.44195,
2.23094 0.43224,
2.22901 0.422462,
2.22771 0.416901,
2.22622 0.410604,
2.2245 0.404268,
2.22218 0.397935,
2.21966 0.391445,
2.21708 0.385049,
2.21449 0.378653,
2.211 0.372692,
2.20716 0.366761,
2.20319 0.360752,
2.19863 0.355024,
2.19407 0.349294,
2.18638 0.343241,
2.1824 0.340777,
2.17415 0.335574,
2.16818 0.333187,
2.16247 0.331242,
2.15676 0.329297,
2.15083 0.328277,
2.14428 0.327585,
2.13774 0.326893,
2.13093 0.326765,
2.12398 0.326563,
2.1176 0.326617,
2.11116 0.327508,
2.10543 0.328635,
2.09971 0.329763,
2.09397 0.330824,
2.08638 0.332977,
2.07654 0.334445,
2.07155 0.336013,
2.06655 0.337581,
2.06087 0.339373,
2.05481 0.34172,
2.04872 0.344067,
2.045 0.345446,
2.03788 0.349376,
2.03147 0.352649,
2.02507 0.356174,
2.01966 0.359352,
2.01425 0.362248,
2.00885 0.365144,
2.00424 0.368969,
1.99977 0.373477,
1.99552 0.378371,
1.99122 0.383462,
1.98675 0.388591,
1.98278 0.394274,
1.97922 0.400129,
1.97627 0.406061,
1.97333 0.411845,
1.97036 0.4177,
1.96795 0.423635,
1.9658 0.429267,
1.96406 0.434798,
1.96218 0.440473,
1.96052 0.446628,
1.95877 0.452929,
1.95741 0.459517,
1.95624 0.465255,
1.95508 0.470993,
1.9548 0.477593,
1.95462 0.483543,
1.95455 0.489453,
1.9545 0.495365,
1.95445 0.501287,
1.95588 0.507214,
1.95767 0.513405,
1.95919 0.519588,
1.9611 0.525559,
1.96323 0.531622,
1.96577 0.537666,
1.96875 0.544108,
1.97169 0.549923,
1.97463 0.55574,
1.97717 0.560559,
1.97997 0.565395,
1.98279 0.57023,
1.98573 0.574966,
1.98866 0.579528,
1.99211 0.583909,
1.99608 0.588268,
2.00016 0.592552,
2.0077 0.599158,
2.01167 0.604125,
2.0163 0.608356,
"/>
<Contour name="InnerMembrane" hidden="false" closed="true" simplified="true" border="1 0 0" fill="1 0 0" mode="11"
points="2.03399 0.587504,
2.03367 0.587464,
2.03841 0.59141,
2.04314 0.595356,
2.0492 0.59808,
2.05523 0.600284,
2.06146 0.601723,
2.06771 0.603161,
2.07444 0.604017,
2.08118 0.604566,
2.088 0.604942,
2.0951 0.605112,
2.1023 0.605327,
2.10952 0.605542,
2.11686 0.60472,
2.12239 0.602395,
2.12793 0.59992,
2.13348 0.597444,
2.13825 0.593664,
2.14302 0.589883,
2.14889 0.584621,
2.15355 0.579551,
2.15826 0.574687,
2.16282 0.570041,
2.16747 0.56547,
2.17154 0.561402,
2.17544 0.556769,
2.17884 0.551788,
2.18223 0.54672,
2.18765 0.537761,
2.19024 0.530971,
2.19286 0.524377,
2.19534 0.517582,
2.19699 0.510617,
2.19863 0.503783,
2.20001 0.496912,
2.20136 0.490842,
2.20232 0.484404,
2.20349 0.478609,
2.20506 0.472204,
2.20605 0.465439,
2.2066 0.458478,
2.20749 0.451394,
2.208 0.444245,
2.20846 0.437017,
2.20815 0.43021,
2.20777 0.423478,
2.20646 0.417227,
2.20478 0.410687,
2.20272 0.403884,
2.20021 0.397354,
2.19745 0.391225,
2.19437 0.385267,
2.19106 0.379309,
2.18776 0.373349,
2.18035 0.365818,
2.17305 0.362386,
2.16575 0.358953,
2.16024 0.361699,
2.15473 0.364444,
2.14817 0.36805,
2.14182 0.369922,
2.1353 0.370471,
2.12936 0.371373,
2.12342 0.372275,
2.11717 0.37319,
2.11081 0.373774,
2.10466 0.374048,
2.09807 0.374722,
2.09118 0.375196,
2.08424 0.375511,
2.07732 0.375827,
2.07065 0.374081,
2.06397 0.372334,
2.05686 0.371614,
2.04974 0.370893,
2.04188 0.371965,
2.03393 0.374409,
2.02633 0.377605,
2.01971 0.380823,
2.01308 0.384042,
2.00782 0.388132,
2.00254 0.392222,
1.99447 0.399225,
1.99147 0.403968,
1.98779 0.411301,
1.98476 0.418431,
1.98183 0.425432,
1.97946 0.43253,
1.9773 0.439751,
1.97566 0.446123,
1.97487 0.451861,
1.97407 0.457598,
1.9732 0.463115,
1.97259 0.468671,
1.97284 0.475459,
1.97308 0.482247,
1.97348 0.490465,
1.97489 0.496372,
1.97704 0.502704,
1.97958 0.509164,
1.98215 0.514949,
1.9843 0.520841,
1.98588 0.526474,
1.98743 0.532109,
1.98906 0.537767,
1.99085 0.543544,
1.99263 0.54932,
1.99609 0.555558,
2.00019 0.561308,
2.0047 0.566784,
2.01 0.57183,
2.0154 0.576007,
2.02043 0.579692,
2.02547 0.583378,
2.03052 0.586233,
"/>
<Contour name="CristaeMembrane" hidden="false" closed="true" simplified="true" border="1 0 0" fill="1 0 0" mode="11"
points="2.09833 0.543352,
2.0994 0.542378,
2.10079 0.541295,
2.09858 0.542445,
2.09736 0.542894,
2.09608 0.543068,
2.09359 0.543084,
2.09236 0.543104,
2.09113 0.54314,
2.08985 0.543216,
2.08856 0.543398,
2.08695 0.543494,
2.08528 0.543489,
2.08359 0.543483,
2.08168 0.543453,
2.08095 0.543434,
2.07926 0.543457,
2.07745 0.543444,
2.07603 0.543437,
2.07493 0.543434,
2.07348 0.543432,
2.07229 0.543434,
2.07119 0.543439,
2.07019 0.543439,
2.06917 0.543439,
2.06809 0.543437,
2.06671 0.543435,
2.06547 0.543437,
2.06419 0.543448,
2.06291 0.543462,
2.06161 0.54345,
2.06041 0.543442,
2.05922 0.543434,
2.058 0.543434,
2.05677 0.543434,
2.05571 0.543493,
2.05431 0.543868,
2.05295 0.544059,
2.05157 0.544172,
2.0502 0.544283,
2.04928 0.54445,
2.04834 0.54479,
2.04729 0.545536,
2.04613 0.546238,
2.04518 0.546751,
2.04421 0.547263,
2.04316 0.547886,
2.04224 0.54878,
2.04132 0.549677,
2.04041 0.550576,
2.03947 0.551507,
2.03852 0.552437,
2.03788 0.553146,
2.03742 0.554415,
2.03708 0.555671,
2.03672 0.556926,
2.03616 0.558125,
2.03601 0.559135,
2.03593 0.560291,
2.03588 0.56162,
2.03585 0.56295,
2.03585 0.563743,
2.03583 0.565249,
2.03585 0.566518,
2.03585 0.567681,
2.03586 0.568844,
2.03614 0.570157,
2.03675 0.571448,
2.03765 0.573203,
2.03844 0.57408,
2.03913 0.574807,
2.04013 0.57582,
2.04113 0.576834,
2.04232 0.578048,
2.04375 0.579428,
2.04464 0.579915,
2.04552 0.580403,
2.04606 0.580942,
2.04665 0.581408,
2.04818 0.582146,
2.04925 0.582708,
2.0503 0.583269,
2.05174 0.584175,
2.05262 0.584831,
2.05361 0.585331,
2.05458 0.585831,
2.05556 0.58632,
2.05664 0.586858,
2.05776 0.587386,
2.05889 0.587915,
2.05991 0.588457,
2.06094 0.588998,
2.06196 0.589518,
2.06299 0.590038,
2.06414 0.590405,
2.06528 0.590772,
2.06627 0.591182,
2.06752 0.591427,
2.0692 0.59144,
2.07053 0.591441,
2.07157 0.59144,
2.0726 0.59144,
2.07429 0.591432,
2.07557 0.59144,
2.0767 0.591445,
2.07785 0.59145,
2.079 0.591343,
2.08031 0.590935,
2.08216 0.590544,
2.08341 0.590188,
2.08482 0.589688,
2.08582 0.58939,
2.08692 0.588853,
2.08874 0.588081,
2.0897 0.58783,
2.09075 0.587332,
2.09179 0.586833,
2.09341 0.586023,
2.09443 0.585449,
2.0952 0.584663,
2.09597 0.583876,
2.09758 0.583079,
2.0992 0.582198,
2.10012 0.581856,
2.10095 0.58137,
2.10186 0.580749,
2.10274 0.580129,
2.10355 0.57964,
2.10483 0.578669,
2.10586 0.578034,
2.10689 0.577401,
2.1077 0.577185,
2.10929 0.576386,
2.11022 0.575984,
2.11117 0.575428,
2.11212 0.574872,
2.1133 0.574441,
2.11434 0.573713,
2.11535 0.572983,
2.11701 0.572419,
2.11821 0.571991,
2.11929 0.571376,
2.12037 0.570763,
2.12157 0.570308,
2.12262 0.569574,
2.12367 0.568839,
2.12449 0.568414,
2.12537 0.567735,
2.12613 0.567071,
2.12688 0.566407,
2.12862 0.565987,
2.12997 0.565664,
2.13097 0.565178,
2.13197 0.564693,
2.13308 0.563843,
2.13413 0.563197,
2.13517 0.562551,
2.13615 0.562194,
2.13715 0.561838,
2.13825 0.561528,
2.1394 0.560941,
2.14086 0.55983,
2.142 0.559258,
2.14315 0.558684,
2.14404 0.558169,
2.14492 0.557652,
2.14609 0.557228,
2.14743 0.556532,
2.14878 0.555837,
2.15009 0.555173,
2.15096 0.554561,
2.15193 0.553967,
2.15289 0.553374,
2.15386 0.552908,
2.15481 0.552442,
2.15617 0.551734,
2.15696 0.551378,
2.1577 0.55091,
2.15844 0.550156,
2.15916 0.549403,
2.15988 0.548824,
2.16122 0.547443,
2.1618 0.546891,
2.16234 0.546225,
2.16283 0.54528,
2.16332 0.544336,
2.16372 0.543567,
2.16423 0.542072,
2.16473 0.540578,
2.16536 0.53947,
2.16562 0.538745,
2.16578 0.537994,
2.16585 0.536528,
2.16593 0.535061,
2.16646 0.53374,
2.16662 0.532943,
2.16664 0.531527,
2.16665 0.530191,
2.16662 0.528793,
2.16659 0.527398,
2.16662 0.525937,
2.16664 0.524646,
2.16664 0.523408,
2.16665 0.522178,
2.16665 0.520951,
2.16667 0.519634,
2.16667 0.518374,
2.16667 0.517021,
2.16667 0.51588,
2.16665 0.514794,
2.16665 0.513709,
2.16642 0.512429,
2.16616 0.511711,
2.166 0.510443,
2.16592 0.509258,
2.16587 0.508103,
2.16582 0.506947,
2.16559 0.505837,
2.16514 0.50489,
2.16469 0.503944,
2.16434 0.502945,
2.16401 0.501947,
2.1636 0.500851,
2.16301 0.499839,
2.16241 0.498829,
2.162 0.497642,
2.16119 0.496387,
2.16029 0.49547,
2.15947 0.494649,
2.15862 0.493794,
2.15776 0.492933,
2.15691 0.492071,
2.1558 0.491123,
2.15514 0.490749,
2.15445 0.490458,
2.15312 0.490004,
2.15179 0.48955,
2.15117 0.489171,
2.14971 0.488448,
2.14876 0.488018,
2.14766 0.487738,
2.14633 0.487705,
2.14519 0.487483,
2.14402 0.487264,
2.14264 0.486905,
2.14163 0.486883,
2.14048 0.486867,
2.13912 0.486859,
2.13794 0.486855,
2.13682 0.486859,
2.13554 0.4869,
2.13425 0.486941,
2.13348 0.487128,
2.13174 0.487982,
2.13056 0.488528,
2.12964 0.489182,
2.12874 0.489835,
2.12788 0.490303,
2.1271 0.491013,
2.12621 0.491847,
2.12534 0.492682,
2.12424 0.493786,
2.12365 0.494598,
2.12277 0.496325,
2.12234 0.497209,
2.1218 0.499054,
2.12136 0.499952,
2.1209 0.500851,
2.1206 0.501884,
2.12029 0.502916,
2.11944 0.504625,
2.11895 0.505596,
2.11849 0.506558,
2.11803 0.507523,
2.11742 0.5087,
2.1168 0.509878,
2.1165 0.510896,
2.11621 0.511916,
2.11588 0.513422,
2.11555 0.514927,
2.11493 0.516144,
2.11463 0.517276,
2.11419 0.518683,
2.11376 0.520088,
2.11324 0.521102,
2.11273 0.522114,
2.11239 0.523204,
2.11206 0.524295,
2.11163 0.52521,
2.11143 0.526245,
2.11124 0.52728,
2.11066 0.527998,
2.1102 0.528905,
2.10973 0.529812,
2.10925 0.530738,
2.10893 0.531859,
2.10871 0.532872,
2.1085 0.533886,
2.10812 0.535025,
2.10719 0.536526,
2.10661 0.53738,
2.10594 0.538143,
2.10527 0.538906,
2.10419 0.539447,
2.10309 0.539996,
2.10217 0.540485,
2.10125 0.540972,
2.10033 0.541692,
2.09941 0.542412,
"/>
</Transform>

</Section>
