<?xml version="1.0"?>
<!DOCTYPE Section SYSTEM "section.dtd">

<Section index="580" thickness="0.00164" alignLocked="true">
<Transform dim="0"
 xcoef=" 0 1 0 0 0 0"
 ycoef=" 0 0 1 0 0 0">
<Contour name="OuterMembrane" hidden="false" closed="true" simplified="true" border="1 0 0" fill="1 0 0" mode="11"
points="2.17902 0.438943,
2.1771 0.4342,
2.1743 0.428142,
2.17149 0.422084,
2.16734 0.416673,
2.16318 0.411263,
2.15832 0.406469,
2.15357 0.402438,
2.14879 0.398405,
2.14209 0.394996,
2.13494 0.392568,
2.12883 0.39245,
2.12364 0.392373,
2.11868 0.392406,
2.1136 0.392955,
2.10853 0.393507,
2.10291 0.394999,
2.09704 0.397111,
2.09115 0.399224,
2.08541 0.402256,
2.07965 0.405288,
2.0749 0.408895,
2.07181 0.412263,
2.06914 0.416962,
2.06679 0.422011,
2.06443 0.427063,
2.06302 0.432926,
2.06173 0.438912,
2.06096 0.445185,
2.06058 0.450252,
2.0604 0.457608,
2.05886 0.464397,
2.05733 0.471187,
2.05615 0.481471,
2.05581 0.486606,
2.05581 0.48664,
2.05622 0.490882,
2.05723 0.495018,
2.06073 0.504802,
2.06238 0.510278,
2.06509 0.515324,
2.06904 0.519457,
2.07299 0.523588,
2.07818 0.526087,
2.08337 0.528587,
2.08938 0.529533,
2.09558 0.530005,
2.10215 0.530245,
2.10738 0.53036,
2.11262 0.530474,
2.11667 0.530304,
2.12119 0.529431,
2.12601 0.527475,
2.13131 0.525446,
2.1364 0.523145,
2.1415 0.520844,
2.14668 0.518199,
2.15257 0.513322,
2.15767 0.508584,
2.16275 0.503844,
2.16675 0.499452,
2.17075 0.495062,
2.17359 0.490739,
2.17638 0.485627,
2.17828 0.480443,
2.18018 0.475261,
2.18146 0.470637,
2.18171 0.463528,
2.18182 0.457227,
2.18194 0.450928,
2.18048 0.444935,
"/>
</Transform>

</Section>
