<?xml version="1.0"?>
<!DOCTYPE Section SYSTEM "section.dtd">

<Section index="664" thickness="0.00164" alignLocked="true">
<Transform dim="0"
 xcoef=" 0 1 0 0 0 0"
 ycoef=" 0 0 1 0 0 0">
<Contour name="OuterMembrane" hidden="false" closed="true" simplified="true" border="1 0 0" fill="1 0 0" mode="11"
points="2.15545 0.572224,
2.16413 0.55952,
2.17031 0.55552,
2.17784 0.54937,
2.18538 0.54322,
2.18917 0.538568,
2.19489 0.528479,
2.19916 0.517763,
2.20057 0.512593,
2.20163 0.501825,
2.20127 0.488694,
2.20055 0.4797,
2.20042 0.468399,
2.20044 0.458728,
2.20055 0.444074,
2.20052 0.433775,
2.20003 0.428576,
2.19832 0.421116,
2.19545 0.413967,
2.19316 0.409839,
2.18817 0.402902,
2.1832 0.395967,
2.18033 0.392206,
2.17287 0.384759,
2.16546 0.376711,
2.15965 0.369982,
2.15683 0.36642,
2.15368 0.363135,
2.14341 0.355418,
2.13148 0.347993,
2.12285 0.344174,
2.11422 0.340356,
2.10986 0.339055,
2.10494 0.338101,
2.09694 0.33621,
2.09275 0.335641,
2.08291 0.33556,
2.07344 0.335562,
2.05923 0.33559,
2.04862 0.337369,
2.044 0.338475,
2.03949 0.340029,
2.02524 0.34655,
2.0201 0.350024,
2.01543 0.354128,
2.00798 0.361041,
2.00105 0.366245,
1.99755 0.368959,
1.99117 0.374673,
1.9845 0.381134,
1.97771 0.387496,
1.97413 0.391624,
1.97153 0.395342,
1.96652 0.403742,
1.96298 0.411952,
1.96126 0.416186,
1.95995 0.420562,
1.95755 0.430142,
1.95667 0.435148,
1.95501 0.444922,
1.9546 0.455341,
1.95413 0.470732,
1.95429 0.475887,
1.95503 0.481183,
1.95709 0.488563,
1.95972 0.496489,
1.96485 0.509617,
1.967 0.514548,
1.96989 0.519524,
1.97589 0.526863,
1.98332 0.537476,
1.98893 0.54368,
1.99472 0.550336,
2.00001 0.557674,
2.00467 0.566228,
2.01123 0.580009,
2.01669 0.589167,
2.01994 0.593611,
2.02369 0.59766,
2.02604 0.59971,
2.02497 0.598862,
2.03073 0.605063,
2.03595 0.611873,
2.03982 0.614828,
2.044 0.617396,
2.04839 0.619533,
2.053 0.621219,
2.05774 0.622436,
2.0626 0.623172,
2.07736 0.62322,
2.09207 0.619692,
2.09687 0.617755,
2.10579 0.612324,
2.11471 0.606892,
2.11898 0.603822,
2.1279 0.597703,
2.13157 0.595233,
2.135 0.592439,
2.14192 0.5861,
2.15234 0.576157,
"/>
<Contour name="InnerMembrane" hidden="false" closed="true" simplified="true" border="1 0 0" fill="1 0 0" mode="11"
points="2.18322 0.445823,
2.18268 0.442397,
2.18169 0.439069,
2.17908 0.433654,
2.17677 0.428972,
2.17448 0.424291,
2.17167 0.420314,
2.16908 0.416011,
2.1666 0.411965,
2.16413 0.407917,
2.16142 0.404244,
2.15854 0.400339,
2.15565 0.396432,
2.15289 0.391842,
2.15042 0.388972,
2.14756 0.386479,
2.14335 0.384008,
2.13912 0.381536,
2.13472 0.37945,
2.13033 0.377364,
2.12636 0.375754,
2.12118 0.375127,
2.11599 0.374499,
2.11101 0.373964,
2.10255 0.372619,
2.09638 0.372483,
2.09126 0.372431,
2.08616 0.372424,
2.08096 0.372392,
2.07576 0.37236,
2.0724 0.372426,
2.06901 0.372926,
2.06261 0.374433,
2.05694 0.375783,
2.05126 0.377133,
2.04683 0.378651,
2.04239 0.380168,
2.0378 0.382563,
2.03353 0.385018,
2.02953 0.387238,
2.02555 0.389459,
2.02078 0.39379,
2.01599 0.398121,
2.01143 0.405213,
2.00916 0.410522,
2.00692 0.41583,
2.00459 0.42151,
2.00265 0.426967,
2.00054 0.431994,
1.99841 0.437022,
1.99662 0.441142,
1.99317 0.448622,
1.99103 0.454398,
1.98924 0.459484,
1.98737 0.463945,
1.9855 0.468404,
1.98394 0.475057,
1.98333 0.480543,
1.98271 0.486027,
1.9825 0.490927,
1.98294 0.496262,
1.98337 0.501599,
1.98466 0.507222,
1.98596 0.512846,
1.98806 0.517289,
1.99078 0.523375,
1.99349 0.529461,
1.99629 0.533922,
1.99909 0.538382,
2.001 0.541175,
2.00501 0.546161,
2.00882 0.551207,
2.01235 0.555411,
2.01577 0.559183,
2.01897 0.562846,
2.02219 0.566508,
2.02538 0.570244,
2.03024 0.574925,
2.03603 0.578869,
2.04183 0.582813,
2.04726 0.585892,
2.05271 0.58897,
2.05786 0.591484,
2.06248 0.592788,
2.07188 0.595678,
2.07703 0.59622,
2.08016 0.596261,
2.08578 0.595163,
2.0962 0.591215,
2.10135 0.589537,
2.10656 0.588014,
2.11132 0.586543,
2.11657 0.584586,
2.12182 0.58263,
2.12693 0.580262,
2.1318 0.577237,
2.13646 0.573828,
2.14112 0.570417,
2.14374 0.567533,
2.14669 0.562879,
2.14965 0.558225,
2.15211 0.553684,
2.15458 0.549143,
2.15775 0.543321,
2.1606 0.537928,
2.16375 0.533643,
2.16705 0.529571,
2.17011 0.525451,
2.17318 0.52133,
2.17513 0.517031,
2.17687 0.5124,
2.17879 0.507742,
2.18071 0.503083,
2.18169 0.497747,
2.1824 0.492792,
2.18314 0.487439,
2.18377 0.481601,
2.1841 0.476577,
2.18423 0.472018,
2.18428 0.467288,
2.18432 0.462136,
2.18435 0.456791,
2.18379 0.451307,
"/>
<Contour name="CristaeMembrane" hidden="false" closed="true" simplified="true" border="1 0 0" fill="1 0 0" mode="11"
points="2.09677 0.562468,
2.09774 0.563115,
2.09887 0.563314,
2.10004 0.563432,
2.1012 0.563501,
2.10243 0.563527,
2.10376 0.563547,
2.10484 0.563556,
2.10683 0.563565,
2.10789 0.563424,
2.10912 0.563076,
2.11035 0.56273,
2.11122 0.562592,
2.11306 0.561884,
2.11412 0.561652,
2.11503 0.561213,
2.11593 0.560775,
2.11693 0.560531,
2.11868 0.560286,
2.11945 0.560262,
2.12047 0.560073,
2.1216 0.559635,
2.12229 0.559222,
2.12355 0.558625,
2.1248 0.55801,
2.12605 0.557393,
2.12756 0.556621,
2.12857 0.556126,
2.12938 0.555416,
2.1302 0.554705,
2.13134 0.55383,
2.13248 0.552954,
2.13338 0.552198,
2.13428 0.551443,
2.13497 0.55074,
2.13561 0.549585,
2.13613 0.548629,
2.13666 0.547675,
2.137 0.546573,
2.13736 0.545472,
2.13779 0.5443,
2.13787 0.543042,
2.13795 0.541784,
2.13848 0.540646,
2.13863 0.539486,
2.13871 0.538176,
2.13874 0.537074,
2.13876 0.536049,
2.13877 0.534981,
2.13877 0.533805,
2.13877 0.532406,
2.13877 0.531189,
2.13879 0.529989,
2.13874 0.528,
2.13879 0.527189,
2.13869 0.526191,
2.1384 0.525112,
2.13792 0.524147,
2.13744 0.523183,
2.13703 0.522402,
2.13617 0.520703,
2.13526 0.519708,
2.13451 0.518914,
2.13377 0.518122,
2.1331 0.517553,
2.13218 0.517071,
2.13126 0.516589,
2.13025 0.516033,
2.129 0.515652,
2.1278 0.515606,
2.12678 0.515583,
2.12539 0.515568,
2.12419 0.51556,
2.123 0.51555,
2.12185 0.51566,
2.12063 0.516031,
2.11937 0.516716,
2.11813 0.517402,
2.11724 0.51772,
2.11642 0.518174,
2.11499 0.51886,
2.11398 0.519401,
2.11294 0.519941,
2.11225 0.52021,
2.11061 0.521028,
2.10956 0.521845,
2.10866 0.522491,
2.10779 0.523098,
2.10692 0.523706,
2.10587 0.524454,
2.10461 0.525264,
2.10369 0.525856,
2.10296 0.52657,
2.10179 0.52736,
2.10061 0.528149,
2.0995 0.528652,
2.09877 0.529146,
2.09774 0.530002,
2.09671 0.530857,
2.09571 0.531445,
2.09474 0.53238,
2.09377 0.533315,
2.0933 0.533968,
2.09234 0.535514,
2.09166 0.536429,
2.09116 0.537407,
2.09066 0.538382,
2.09033 0.539104,
2.08988 0.540047,
2.08944 0.540988,
2.08892 0.541971,
2.08839 0.542953,
2.08795 0.543842,
2.08759 0.54502,
2.08754 0.546092,
2.08752 0.54744,
2.08749 0.54879,
2.08767 0.550371,
2.08761 0.551543,
2.08754 0.552716,
2.08752 0.554107,
2.08782 0.555465,
2.08864 0.557113,
2.08957 0.558807,
2.09011 0.559412,
2.09075 0.559957,
2.09146 0.560404,
2.09239 0.560803,
2.09338 0.561041,
2.09508 0.56111,
"/>
</Transform>

</Section>
