<?xml version="1.0"?>
<!DOCTYPE Section SYSTEM "section.dtd">

<Section index="652" thickness="0.00164" alignLocked="true">
<Transform dim="0"
 xcoef=" 0 1 0 0 0 0"
 ycoef=" 0 0 1 0 0 0">
<Contour name="OuterMembrane" hidden="false" closed="true" simplified="true" border="1 0 0" fill="1 0 0" mode="11"
points="2.04055 0.618716,
2.0333 0.615185,
2.03647 0.617306,
2.04182 0.619382,
2.04716 0.621458,
2.05298 0.623303,
2.05905 0.62536,
2.06561 0.627484,
2.07324 0.62813,
2.07977 0.628532,
2.08695 0.628746,
2.09403 0.62893,
2.10104 0.62903,
2.10729 0.628215,
2.11352 0.6274,
2.11926 0.625394,
2.12451 0.623372,
2.12947 0.621202,
2.13449 0.618611,
2.13961 0.615454,
2.14468 0.612268,
2.14968 0.608852,
2.15473 0.605076,
2.15965 0.60103,
2.16437 0.596983,
2.16893 0.592768,
2.17351 0.588552,
2.17613 0.585293,
2.17969 0.579642,
2.18341 0.573675,
2.18712 0.567328,
2.19107 0.560983,
2.19429 0.555753,
2.19737 0.55033,
2.20063 0.544209,
2.20308 0.538456,
2.20537 0.532879,
2.20767 0.527301,
2.20901 0.521164,
2.21064 0.515217,
2.21241 0.508692,
2.21433 0.50195,
2.21575 0.495746,
2.21718 0.489542,
2.218 0.481645,
2.21846 0.475728,
2.21867 0.467493,
2.21877 0.461521,
2.21825 0.453078,
2.21782 0.444634,
2.21654 0.437998,
2.21515 0.431466,
2.21323 0.424945,
2.21134 0.41797,
2.20928 0.410836,
2.2077 0.404839,
2.20614 0.398841,
2.2038 0.393242,
2.20144 0.387644,
2.19829 0.381423,
2.19514 0.374971,
2.19165 0.368536,
2.18774 0.362888,
2.18384 0.357238,
2.17894 0.352552,
2.17352 0.347814,
2.16813 0.343078,
2.16209 0.3396,
2.15608 0.33612,
2.15025 0.333012,
2.14274 0.330878,
2.13889 0.329588,
2.13103 0.328179,
2.12329 0.326529,
2.11772 0.32604,
2.11143 0.325655,
2.10555 0.325481,
2.09931 0.325392,
2.09308 0.325304,
2.08652 0.325674,
2.08232 0.326662,
2.07509 0.328889,
2.06817 0.330939,
2.06196 0.332518,
2.05608 0.33426,
2.0502 0.336285,
2.04424 0.338321,
2.03837 0.340344,
2.03248 0.342381,
2.0267 0.344231,
2.02089 0.346081,
2.0154 0.348625,
2.0099 0.351152,
2.00467 0.35393,
1.99946 0.35671,
1.99426 0.360631,
1.98924 0.364567,
1.98474 0.368964,
1.9803 0.373446,
1.97636 0.378419,
1.97244 0.383393,
1.96898 0.389146,
1.96557 0.395022,
1.96215 0.4009,
1.95878 0.407096,
1.95749 0.413828,
1.9566 0.420161,
1.95608 0.426251,
1.95581 0.431991,
1.95565 0.437465,
1.95557 0.443023,
1.95554 0.448991,
1.95557 0.455152,
1.95604 0.461158,
1.95683 0.467106,
1.95762 0.473053,
1.95887 0.478741,
1.96006 0.484489,
1.96142 0.490655,
1.96278 0.496822,
1.96464 0.501937,
1.96725 0.508551,
1.96992 0.515098,
1.97279 0.52141,
1.97566 0.527722,
1.9773 0.532665,
1.97963 0.538161,
1.98225 0.543512,
1.98491 0.548631,
1.98757 0.553751,
1.99093 0.559092,
1.99429 0.564434,
1.99754 0.570136,
2.00108 0.576276,
2.00446 0.581943,
2.00785 0.587166,
2.01157 0.592489,
2.01497 0.597411,
2.01853 0.601982,
2.02209 0.606552,
2.02635 0.610123,
2.03655 0.616686,
"/>
<Contour name="InnerMembrane" hidden="false" closed="true" simplified="true" border="1 0 0" fill="1 0 0" mode="11"
points="2.09164 0.600281,
2.0991 0.603167,
2.10504 0.602629,
2.11083 0.601162,
2.11601 0.599359,
2.12247 0.59705,
2.12808 0.594407,
2.13371 0.591764,
2.13874 0.588261,
2.14289 0.584288,
2.14706 0.580258,
2.15117 0.576203,
2.15529 0.572119,
2.15955 0.567779,
2.16368 0.563142,
2.16729 0.55814,
2.17088 0.553138,
2.17343 0.547855,
2.1758 0.542448,
2.17838 0.537115,
2.18115 0.531868,
2.18359 0.526573,
2.18615 0.521202,
2.18807 0.515498,
2.19001 0.509792,
2.19112 0.503567,
2.19209 0.497684,
2.19279 0.492182,
2.19335 0.486898,
2.19361 0.481655,
2.19386 0.476412,
2.19478 0.4706,
2.19535 0.465325,
2.19575 0.460218,
2.19596 0.455049,
2.19604 0.449824,
2.19558 0.444133,
2.19503 0.434785,
2.19371 0.429997,
2.1925 0.424794,
2.19074 0.419174,
2.18906 0.413746,
2.18701 0.408468,
2.18496 0.403192,
2.18225 0.398581,
2.17989 0.393741,
2.17753 0.388901,
2.17462 0.383673,
2.16874 0.379332,
2.16286 0.374991,
2.15665 0.37146,
2.14899 0.37041,
2.14169 0.36951,
2.1361 0.369426,
2.13052 0.369344,
2.12534 0.370702,
2.11942 0.372387,
2.11324 0.37411,
2.10688 0.375268,
2.10018 0.376098,
2.09507 0.376513,
2.08993 0.376721,
2.08492 0.376861,
2.07986 0.376908,
2.0747 0.376975,
2.06945 0.376974,
2.06397 0.377005,
2.05812 0.376874,
2.05289 0.376234,
2.0477 0.375567,
2.04223 0.374491,
2.03617 0.373636,
2.03068 0.373248,
2.02453 0.372926,
2.0184 0.372606,
2.01333 0.372747,
2.00813 0.374181,
2.00293 0.375612,
1.99772 0.378297,
1.99196 0.383381,
1.9864 0.388808,
1.98219 0.394669,
1.97996 0.399347,
1.97789 0.40475,
1.97627 0.410333,
1.97484 0.416032,
1.97349 0.421595,
1.97281 0.427207,
1.97233 0.432388,
1.97203 0.4376,
1.97189 0.442959,
1.97176 0.448401,
1.97162 0.453842,
1.97226 0.459467,
1.97315 0.464646,
1.97426 0.469665,
1.97513 0.474831,
1.97612 0.480038,
1.97709 0.485245,
1.97855 0.490309,
1.98009 0.495182,
1.98156 0.500187,
1.98296 0.505392,
1.98461 0.510704,
1.98602 0.516249,
1.98789 0.522086,
1.98989 0.527849,
1.99214 0.533295,
1.99468 0.538415,
1.99742 0.543345,
2.00019 0.548311,
2.00319 0.553269,
2.0062 0.558228,
2.00859 0.562223,
2.01189 0.565802,
2.01518 0.569382,
2.01981 0.572904,
2.02461 0.57649,
2.02978 0.579809,
2.03513 0.583045,
2.04018 0.585856,
2.04492 0.588368,
2.04948 0.591186,
2.05441 0.593982,
2.05933 0.59678,
2.06486 0.600106,
2.06968 0.601808,
2.07473 0.602626,
2.08037 0.602475,
2.08644 0.601293,
"/>
<Contour name="CristaeMembrane" hidden="false" closed="true" simplified="true" border="1 0 0" fill="1 0 0" mode="11"
points="2.08364 0.556801,
2.08344 0.556978,
2.08331 0.557179,
2.08224 0.557798,
2.08116 0.558418,
2.08021 0.558766,
2.07924 0.559112,
2.07808 0.559458,
2.0766 0.559648,
2.07511 0.55974,
2.07389 0.559789,
2.07293 0.559425,
2.07196 0.559061,
2.07073 0.55844,
2.06978 0.557892,
2.06884 0.557344,
2.06814 0.556773,
2.06704 0.556195,
2.06594 0.555616,
2.06506 0.55523,
2.06396 0.554869,
2.06286 0.554509,
2.06143 0.554141,
2.06036 0.554118,
2.05917 0.554107,
2.05749 0.55412,
2.05631 0.554108,
2.05533 0.554102,
2.05415 0.554107,
2.05298 0.554113,
2.05174 0.554107,
2.05069 0.554104,
2.04964 0.554112,
2.04859 0.55412,
2.04739 0.554363,
2.04644 0.554643,
2.04549 0.554925,
2.04416 0.55517,
2.04339 0.555465,
2.0416 0.556022,
2.04044 0.556568,
2.03926 0.557115,
2.03837 0.557815,
2.03747 0.558513,
2.03665 0.559237,
2.03535 0.560532,
2.03473 0.561192,
2.03419 0.561964,
2.03368 0.563063,
2.03337 0.564057,
2.03303 0.565114,
2.0327 0.566172,
2.0323 0.567201,
2.03191 0.568227,
2.0314 0.569159,
2.03106 0.570258,
2.03099 0.57141,
2.03086 0.57259,
2.03073 0.573769,
2.03027 0.575002,
2.03014 0.575745,
2.03012 0.577173,
2.03011 0.57839,
2.03009 0.579505,
2.03002 0.580708,
2.02994 0.581908,
2.02955 0.582848,
2.02942 0.583909,
2.02935 0.584999,
2.0293 0.586111,
2.02929 0.587284,
2.02912 0.588452,
2.02896 0.589619,
2.02858 0.590808,
2.02852 0.592001,
2.02843 0.593045,
2.02837 0.594092,
2.02791 0.595151,
2.0277 0.596332,
2.0273 0.597475,
2.02691 0.598616,
2.02629 0.599125,
2.02563 0.599837,
2.02506 0.600875,
2.0245 0.601913,
2.02387 0.603062,
2.02327 0.604212,
2.0226 0.605088,
2.02192 0.605962,
2.02058 0.607285,
2.01968 0.608315,
2.01923 0.609057,
2.01894 0.610082,
2.01843 0.611131,
2.01794 0.612023,
2.01746 0.612916,
2.0169 0.613734,
2.01641 0.614892,
2.016 0.616342,
2.01563 0.617268,
2.01528 0.619111,
2.01507 0.61981,
2.01472 0.62164,
2.01451 0.622918,
2.01464 0.624453,
2.01451 0.625399,
2.01458 0.626495,
2.01477 0.627557,
2.01499 0.628619,
2.01538 0.630472,
2.01563 0.631631,
2.01594 0.632377,
2.01687 0.633849,
2.01738 0.634806,
2.01789 0.635766,
2.01832 0.637138,
2.01879 0.637985,
2.01948 0.638842,
2.02055 0.639712,
2.02155 0.640389,
2.02255 0.641068,
2.02322 0.641725,
2.02417 0.642377,
2.0254 0.642882,
2.02615 0.643044,
2.02743 0.643051,
2.02871 0.643057,
2.02965 0.643108,
2.03071 0.643106,
2.03189 0.643096,
2.03306 0.643085,
2.03411 0.643087,
2.03516 0.64309,
2.03704 0.643074,
2.03826 0.643083,
2.03908 0.642947,
2.0409 0.642244,
2.04196 0.642009,
2.04321 0.641593,
2.04447 0.641178,
2.04626 0.640307,
2.04747 0.639712,
2.04813 0.639228,
2.0497 0.638208,
2.05072 0.637465,
2.05207 0.636622,
2.05294 0.635905,
2.05379 0.635187,
2.0549 0.634114,
2.05604 0.632971,
2.05694 0.632202,
2.05772 0.631574,
2.05851 0.630946,
2.05945 0.630339,
2.06043 0.629361,
2.06094 0.628601,
2.06194 0.627328,
2.06296 0.626054,
2.06412 0.624789,
2.06501 0.623946,
2.06591 0.623103,
2.0665 0.622323,
2.06715 0.621324,
2.06781 0.620325,
2.06829 0.61964,
2.06934 0.617995,
2.0703 0.617017,
2.07081 0.616243,
2.07124 0.615284,
2.07166 0.613964,
2.07211 0.612642,
2.07232 0.61164,
2.07235 0.610428,
2.07237 0.60846,
2.07235 0.60713,
2.07234 0.605798,
2.07235 0.604483,
2.07235 0.603384,
2.07235 0.60197,
2.07235 0.600557,
2.07234 0.599592,
2.07214 0.598602,
2.0718 0.597687,
2.07125 0.596727,
2.07071 0.595769,
2.07134 0.594513,
2.07221 0.59368,
2.07307 0.592845,
2.07411 0.591943,
2.07512 0.591184,
2.07616 0.590423,
2.07745 0.589905,
2.07819 0.589434,
2.07955 0.588443,
2.08093 0.58784,
2.08231 0.587238,
2.08324 0.586974,
2.08495 0.586128,
2.08656 0.585323,
2.08754 0.584847,
2.08851 0.584371,
2.08949 0.583824,
2.09008 0.583346,
2.09107 0.582369,
2.09197 0.581424,
2.09285 0.58048,
2.09387 0.579555,
2.09438 0.578874,
2.0951 0.577377,
2.09549 0.576731,
2.09635 0.575014,
2.09676 0.573915,
2.09712 0.572877,
2.09789 0.571755,
2.09866 0.570633,
2.09971 0.570279,
2.10076 0.569925,
2.10169 0.569575,
2.10264 0.569228,
2.10396 0.56869,
2.10525 0.568155,
2.10632 0.567886,
2.10737 0.567617,
2.10843 0.567374,
2.10948 0.566917,
2.1105 0.566356,
2.11152 0.565795,
2.11263 0.565415,
2.11376 0.565034,
2.11473 0.564677,
2.1157 0.564319,
2.11672 0.563871,
2.11773 0.563422,
2.11888 0.563081,
2.12003 0.562741,
2.12144 0.562494,
2.12265 0.562089,
2.12385 0.561684,
2.12493 0.561383,
2.12601 0.561082,
2.12698 0.560906,
2.12823 0.560422,
2.12962 0.559717,
2.13061 0.559225,
2.13159 0.558856,
2.13256 0.558487,
2.13385 0.55802,
2.13451 0.557638,
2.13607 0.556867,
2.13697 0.556236,
2.13795 0.55574,
2.13981 0.555355,
2.14072 0.555217,
2.14173 0.554887,
2.14266 0.554425,
2.14361 0.553925,
2.14468 0.5534,
2.14566 0.552913,
2.14666 0.552424,
2.14769 0.551909,
2.14873 0.551394,
2.14971 0.550697,
2.15068 0.549999,
2.15161 0.549536,
2.15257 0.549072,
2.15357 0.54848,
2.1544 0.547693,
2.15524 0.546906,
2.15586 0.546094,
2.15644 0.544993,
2.15704 0.54379,
2.15765 0.542586,
2.15835 0.541118,
2.15891 0.540254,
2.15945 0.539389,
2.16008 0.538546,
2.16055 0.537589,
2.16106 0.536549,
2.16155 0.535511,
2.16208 0.534558,
2.16232 0.533481,
2.16244 0.532211,
2.16249 0.530888,
2.16254 0.529564,
2.16237 0.528195,
2.16196 0.526952,
2.16154 0.525709,
2.16104 0.524449,
2.16027 0.523499,
2.1596 0.522717,
2.15893 0.521935,
2.1585 0.521013,
2.15783 0.520065,
2.15704 0.519319,
2.15614 0.518716,
2.15522 0.518258,
2.1543 0.517799,
2.15298 0.517144,
2.1522 0.516777,
2.15138 0.516525,
2.15025 0.516447,
2.14922 0.516423,
2.14819 0.516398,
2.14732 0.515969,
2.14619 0.515603,
2.14507 0.515237,
2.14396 0.514873,
2.14287 0.514801,
2.14187 0.514766,
2.14081 0.514755,
2.13971 0.514742,
2.13851 0.514744,
2.13731 0.514744,
2.1363 0.514763,
2.1353 0.514955,
2.1343 0.515311,
2.1333 0.515665,
2.13249 0.515887,
2.13095 0.516672,
2.13006 0.517043,
2.12926 0.517551,
2.12846 0.51836,
2.12765 0.519167,
2.12682 0.519947,
2.12595 0.520798,
2.12523 0.521505,
2.12419 0.522537,
2.12318 0.523568,
2.12232 0.524408,
2.12149 0.525248,
2.1206 0.526215,
2.11955 0.527094,
2.1185 0.527973,
2.11732 0.528342,
2.11612 0.529043,
2.11434 0.529627,
2.1134 0.529907,
2.11243 0.530381,
2.11147 0.530853,
2.11043 0.531462,
2.10897 0.532513,
2.1083 0.532879,
2.10756 0.533425,
2.10691 0.534264,
2.10625 0.535104,
2.10528 0.535737,
2.10445 0.536574,
2.10382 0.537679,
2.1032 0.538556,
2.10258 0.539432,
2.10177 0.540041,
2.10117 0.540656,
2.10056 0.541533,
2.09979 0.543248,
2.0991 0.54366,
2.09763 0.544997,
2.0971 0.545539,
2.09664 0.546161,
2.09561 0.547048,
2.09458 0.547935,
2.09344 0.548518,
2.09262 0.549262,
2.09177 0.550063,
2.09041 0.551411,
2.08936 0.55246,
2.08856 0.553259,
2.08739 0.553907,
2.08623 0.554556,
2.08549 0.554925,
2.08482 0.555393,
2.08416 0.555998,
"/>
</Transform>

</Section>
