<?xml version="1.0"?>
<!DOCTYPE Section SYSTEM "section.dtd">

<Section index="617" thickness="0.00164" alignLocked="true">
<Transform dim="0"
 xcoef=" 0 1 0 0 0 0"
 ycoef=" 0 0 1 0 0 0">
<Contour name="OuterMembrane" hidden="false" closed="true" simplified="true" border="1 0 0" fill="1 0 0" mode="11"
points="2.01712 0.589967,
2.01658 0.589815,
2.02342 0.597445,
2.02729 0.600957,
2.03089 0.603992,
2.03452 0.607028,
2.03824 0.609327,
2.04208 0.611543,
2.04593 0.613759,
2.05028 0.615622,
2.05479 0.617378,
2.05943 0.618646,
2.06422 0.619687,
2.06884 0.620296,
2.07342 0.620573,
2.07813 0.620756,
2.08291 0.620883,
2.08764 0.620894,
2.09231 0.620978,
2.09723 0.621009,
2.10214 0.621038,
2.10528 0.620983,
2.11134 0.619515,
2.11655 0.617931,
2.12177 0.616346,
2.12618 0.614634,
2.13069 0.612863,
2.13443 0.611371,
2.13817 0.60988,
2.14453 0.60719,
2.14865 0.60537,
2.15286 0.603244,
2.15734 0.601257,
2.16185 0.599231,
2.16554 0.597693,
2.17059 0.595269,
2.17507 0.592529,
2.17956 0.589788,
2.18281 0.587232,
2.18701 0.583469,
2.19024 0.580389,
2.19345 0.577308,
2.19589 0.574054,
2.19826 0.570876,
2.20063 0.567697,
2.20354 0.563563,
2.20619 0.559379,
2.20882 0.555356,
2.21106 0.551132,
2.21311 0.547015,
2.21516 0.542901,
2.21712 0.538817,
2.21899 0.534496,
2.22054 0.530127,
2.22179 0.525707,
2.22304 0.521523,
2.224 0.517231,
2.22515 0.512999,
2.2263 0.508764,
2.22764 0.504744,
2.22817 0.499305,
2.22851 0.494371,
2.22876 0.489642,
2.22887 0.484848,
2.22889 0.480023,
2.22899 0.475211,
2.22909 0.470401,
2.22835 0.464884,
2.22735 0.459439,
2.22637 0.454646,
2.22518 0.45056,
2.22412 0.446505,
2.22307 0.442449,
2.22149 0.438587,
2.21981 0.434754,
2.21774 0.430817,
2.21567 0.426879,
2.2131 0.422986,
2.21049 0.418774,
2.20806 0.414866,
2.20578 0.411168,
2.20352 0.40753,
2.20104 0.403898,
2.19858 0.400265,
2.19557 0.396336,
2.19253 0.392404,
2.18966 0.389175,
2.18668 0.386013,
2.18353 0.382791,
2.18017 0.379814,
2.1768 0.377034,
2.17334 0.374325,
2.16952 0.371716,
2.16572 0.369107,
2.16178 0.366471,
2.15886 0.365169,
2.15544 0.364206,
2.14993 0.362829,
2.14441 0.361451,
2.14156 0.360789,
2.13666 0.360046,
2.13174 0.359303,
2.12883 0.358898,
2.12414 0.358281,
2.1194 0.357796,
2.11463 0.357559,
2.10978 0.35744,
2.10486 0.357317,
2.09992 0.357192,
2.09526 0.357689,
2.09048 0.358263,
2.08572 0.358993,
2.08096 0.359724,
2.0768 0.360757,
2.07289 0.361886,
2.06901 0.363012,
2.06332 0.364829,
2.05761 0.366645,
2.05423 0.36859,
2.05089 0.370745,
2.04754 0.372859,
2.04411 0.374852,
2.04067 0.376844,
2.0367 0.379388,
2.03267 0.382118,
2.02891 0.384611,
2.02515 0.387104,
2.02092 0.390792,
2.01697 0.393677,
2.01251 0.396503,
2.00823 0.399719,
2.00388 0.402899,
1.99944 0.406084,
1.99591 0.408914,
1.99239 0.411743,
1.9873 0.416881,
1.98511 0.420622,
1.98266 0.424814,
1.98014 0.428775,
1.97761 0.432737,
1.97559 0.436906,
1.97361 0.441108,
1.97194 0.44529,
1.97059 0.449677,
1.96951 0.454344,
1.96841 0.459011,
1.96749 0.463986,
1.96685 0.468732,
1.96656 0.473047,
1.96625 0.47736,
1.96615 0.483037,
1.96603 0.488717,
1.96644 0.493105,
1.96766 0.498309,
1.96864 0.502806,
1.96944 0.507191,
1.97023 0.511536,
1.97108 0.515918,
1.9721 0.520331,
1.97307 0.524849,
1.97428 0.529515,
1.97558 0.534237,
1.97722 0.538934,
1.9795 0.543321,
1.98178 0.547709,
1.9841 0.551975,
1.98735 0.555635,
1.98996 0.559112,
1.99226 0.562554,
1.99445 0.566048,
1.99663 0.569541,
1.9999 0.5735,
2.00315 0.577459,
2.00467 0.579953,
2.00936 0.585139,
2.01225 0.587474,
2.01549 0.589336,
"/>
<Contour name="InnerMembrane" hidden="false" closed="true" simplified="true" border="1 0 0" fill="1 0 0" mode="11"
points="2.08024 0.586589,
2.07972 0.58669,
2.08902 0.590326,
2.09354 0.590885,
2.09774 0.59133,
2.10181 0.591602,
2.10927 0.591868,
2.1125 0.591722,
2.11959 0.589532,
2.12367 0.587784,
2.12774 0.586098,
2.1318 0.584411,
2.13576 0.582808,
2.13976 0.581346,
2.14368 0.57994,
2.14758 0.578535,
2.15166 0.57603,
2.15526 0.573449,
2.15863 0.57095,
2.16221 0.568744,
2.16578 0.566538,
2.16915 0.563266,
2.17248 0.559553,
2.17544 0.555922,
2.17823 0.552213,
2.18089 0.548496,
2.18356 0.544778,
2.18596 0.540739,
2.18799 0.53671,
2.18978 0.532341,
2.19156 0.527972,
2.19283 0.524223,
2.19407 0.520474,
2.19534 0.515854,
2.19637 0.511099,
2.19763 0.506399,
2.19891 0.501699,
2.19972 0.496753,
2.20047 0.492154,
2.20091 0.487352,
2.20122 0.482413,
2.20137 0.47835,
2.20132 0.471917,
2.20142 0.467051,
2.20147 0.462847,
2.20154 0.458642,
2.20068 0.454556,
2.19952 0.449949,
2.19835 0.44534,
2.19627 0.440988,
2.19386 0.43693,
2.19166 0.433303,
2.19007 0.429816,
2.18868 0.426215,
2.1873 0.422615,
2.18515 0.41848,
2.18291 0.414195,
2.1809 0.410595,
2.17869 0.407174,
2.17639 0.403496,
2.17403 0.400026,
2.17166 0.396555,
2.16915 0.393411,
2.16639 0.390413,
2.16298 0.387499,
2.15957 0.384587,
2.1558 0.382474,
2.15201 0.380364,
2.1483 0.378364,
2.144 0.377167,
2.13971 0.375968,
2.13503 0.375396,
2.13066 0.374812,
2.12631 0.374287,
2.12183 0.373902,
2.11724 0.373584,
2.11196 0.37343,
2.10751 0.373385,
2.10307 0.373341,
2.09872 0.374177,
2.09448 0.375134,
2.09049 0.375883,
2.08652 0.376634,
2.08244 0.37782,
2.07837 0.379007,
2.07388 0.381423,
2.06938 0.38384,
2.06576 0.386332,
2.0624 0.388731,
2.05895 0.391071,
2.05567 0.393551,
2.05239 0.396029,
2.04882 0.398176,
2.04431 0.401871,
2.04027 0.405049,
2.03677 0.408027,
2.03327 0.411005,
2.02986 0.414048,
2.02697 0.417475,
2.02409 0.420904,
2.02133 0.424481,
2.01858 0.428058,
2.01599 0.431415,
2.01364 0.435577,
2.0111 0.439305,
2.00849 0.443125,
2.00597 0.447105,
2.00342 0.451085,
2.00155 0.45429,
1.9995 0.459656,
1.99772 0.46463,
1.99603 0.469243,
1.99455 0.473406,
1.99349 0.477486,
1.99278 0.48142,
1.99237 0.485299,
1.99222 0.49033,
1.99208 0.495147,
1.99206 0.499921,
1.99201 0.504777,
1.99194 0.509632,
1.99299 0.514539,
1.99403 0.519444,
1.99557 0.523537,
1.99749 0.52767,
1.9995 0.531914,
2.00193 0.536072,
2.00451 0.540329,
2.00716 0.544052,
2.00954 0.547529,
2.01189 0.550781,
2.01423 0.554035,
2.0171 0.557257,
2.0202 0.560119,
2.02332 0.562628,
2.02647 0.564969,
2.02978 0.567228,
2.03344 0.569757,
2.03747 0.572206,
2.04077 0.574282,
2.04559 0.576944,
2.04997 0.579054,
2.0541 0.580867,
2.05822 0.582679,
2.062 0.583958,
2.06597 0.585011,
2.06993 0.586062,
2.07514 0.58693,
"/>
<Contour name="CristaeMembrane" hidden="false" closed="true" simplified="true" border="1 0 0" fill="1 0 0" mode="11"
points="2.08723 0.535542,
2.0867 0.535401,
2.08875 0.536877,
2.08923 0.537825,
2.09008 0.538781,
2.09087 0.539627,
2.09157 0.540559,
2.09226 0.541492,
2.093 0.542584,
2.09408 0.54364,
2.09505 0.544605,
2.096 0.545569,
2.09638 0.546451,
2.09695 0.547339,
2.09767 0.54809,
2.09845 0.54887,
2.09928 0.549713,
2.10012 0.550555,
2.10117 0.551309,
2.10218 0.552073,
2.10307 0.552826,
2.10451 0.554108,
2.10505 0.554669,
2.10569 0.55516,
2.10688 0.556019,
2.10807 0.556878,
2.10866 0.557392,
2.1093 0.557826,
2.11083 0.558577,
2.1125 0.559417,
2.11337 0.559983,
2.11424 0.560549,
2.1153 0.561137,
2.11635 0.561726,
2.11742 0.562289,
2.1185 0.562851,
2.11978 0.563361,
2.12145 0.563907,
2.12255 0.564257,
2.12423 0.564481,
2.12511 0.564877,
2.12644 0.565042,
2.12779 0.565119,
2.12913 0.565196,
2.13033 0.565193,
2.13151 0.56519,
2.13312 0.565187,
2.13474 0.565185,
2.13551 0.565205,
2.1363 0.565123,
2.13725 0.564875,
2.13836 0.564504,
2.13948 0.564134,
2.14046 0.563784,
2.14145 0.563437,
2.14273 0.562891,
2.144 0.562346,
2.14505 0.56183,
2.14617 0.561393,
2.14728 0.560955,
2.14855 0.560508,
2.14932 0.560067,
2.15015 0.559466,
2.15101 0.558866,
2.15202 0.558246,
2.15337 0.557274,
2.15429 0.556752,
2.15503 0.556067,
2.1566 0.555207,
2.1576 0.554522,
2.15862 0.553835,
2.15977 0.553018,
2.16067 0.552281,
2.16155 0.551543,
2.16267 0.550883,
2.16337 0.550248,
2.16401 0.549462,
2.16478 0.548345,
2.16551 0.547455,
2.16621 0.546566,
2.16703 0.545743,
2.16785 0.54492,
2.16842 0.544368,
2.16892 0.543747,
2.16944 0.542735,
2.16997 0.541722,
2.17062 0.540747,
2.17128 0.539772,
2.17184 0.538747,
2.17238 0.537722,
2.1732 0.536318,
2.17379 0.535606,
2.17438 0.534537,
2.17464 0.533795,
2.1748 0.533026,
2.17554 0.53135,
2.17602 0.53044,
2.17635 0.529458,
2.17648 0.528688,
2.17661 0.52764,
2.17672 0.526591,
2.17717 0.525349,
2.17723 0.524108,
2.17728 0.522921,
2.1773 0.521638,
2.17731 0.520587,
2.17731 0.519534,
2.17731 0.517907,
2.17731 0.516674,
2.17731 0.515603,
2.17744 0.514511,
2.17758 0.513417,
2.17785 0.512346,
2.178 0.511188,
2.17807 0.509968,
2.1781 0.508928,
2.17813 0.507885,
2.17813 0.50679,
2.17812 0.504948,
2.17812 0.503531,
2.17813 0.502114,
2.17813 0.500953,
2.17813 0.499888,
2.17813 0.498667,
2.17813 0.49764,
2.17813 0.496612,
2.17813 0.495559,
2.17815 0.494296,
2.17815 0.493033,
2.17815 0.492007,
2.17812 0.490791,
2.1781 0.489578,
2.17792 0.488733,
2.17748 0.487802,
2.17703 0.48687,
2.17644 0.485624,
2.17602 0.4846,
2.17559 0.483575,
2.17531 0.482545,
2.17444 0.480776,
2.17405 0.479971,
2.17338 0.478595,
2.1729 0.477825,
2.17202 0.476899,
2.17113 0.475972,
2.16988 0.474821,
2.16842 0.474072,
2.16733 0.473578,
2.16623 0.473084,
2.16513 0.472997,
2.16401 0.472956,
2.16295 0.472938,
2.16186 0.472925,
2.16083 0.472919,
2.15975 0.472922,
2.15783 0.472924,
2.15589 0.472912,
2.1547 0.47301,
2.15375 0.473266,
2.15278 0.473717,
2.15166 0.474139,
2.15053 0.474559,
2.14965 0.474675,
2.14863 0.475049,
2.14753 0.475374,
2.14645 0.475698,
2.14537 0.476064,
2.14427 0.476428,
2.14343 0.476743,
2.14264 0.477188,
2.14173 0.477824,
2.14081 0.47846,
2.14005 0.478916,
2.13843 0.480059,
2.13736 0.480809,
2.1363 0.48156,
2.13549 0.481957,
2.13472 0.482514,
2.13385 0.483411,
2.1333 0.484351,
2.13261 0.485224,
2.13192 0.486096,
2.13118 0.486988,
2.13062 0.487877,
2.13008 0.488766,
2.12923 0.48996,
2.1289 0.491314,
2.12857 0.492669,
2.12849 0.49394,
2.12849 0.495416,
2.12849 0.496643,
2.12851 0.497753,
2.12849 0.498877,
2.12849 0.5,
2.12852 0.50082,
2.12867 0.501628,
2.12895 0.502503,
2.12947 0.504038,
2.12972 0.504826,
2.13047 0.506316,
2.13087 0.50717,
2.13151 0.508015,
2.13215 0.508861,
2.13264 0.509871,
2.13333 0.51084,
2.134 0.51181,
2.13464 0.512856,
2.13526 0.513709,
2.13723 0.515931,
2.13807 0.516692,
2.14009 0.518804,
2.14054 0.519536,
2.14143 0.521294,
2.14174 0.522043,
2.14195 0.522827,
2.14204 0.524675,
2.14202 0.525764,
2.14195 0.526865,
2.14186 0.528032,
2.1414 0.529203,
2.14069 0.530251,
2.13971 0.531206,
2.13872 0.53216,
2.13769 0.533098,
2.13646 0.533705,
2.13523 0.53423,
2.13398 0.534755,
2.13259 0.534865,
2.13107 0.534796,
2.12982 0.534479,
2.12857 0.534163,
2.12744 0.53391,
2.12615 0.533561,
2.12485 0.53321,
2.12377 0.532629,
2.1227 0.53205,
2.12182 0.531194,
2.12093 0.530338,
2.12006 0.529459,
2.11918 0.528567,
2.11824 0.527604,
2.11724 0.526545,
2.11681 0.525823,
2.11649 0.525012,
2.11627 0.524162,
2.11596 0.522919,
2.11565 0.521676,
2.11539 0.520229,
2.11522 0.519142,
2.11506 0.518056,
2.11468 0.517035,
2.11455 0.516046,
2.11414 0.514889,
2.11373 0.513732,
2.11276 0.512735,
2.11186 0.511813,
2.11094 0.510891,
2.10997 0.510196,
2.10899 0.50961,
2.10802 0.509026,
2.10701 0.508508,
2.10599 0.50799,
2.10486 0.507631,
2.10373 0.507272,
2.10278 0.506853,
2.10177 0.506604,
2.10073 0.506576,
2.09966 0.506555,
2.0984 0.506548,
2.0972 0.50654,
2.09605 0.506537,
2.0949 0.506534,
2.09372 0.506691,
2.09253 0.507095,
2.09131 0.5075,
2.0902 0.507993,
2.08908 0.508487,
2.08721 0.509141,
2.08638 0.509395,
2.08559 0.509768,
2.08472 0.510504,
2.08385 0.51124,
2.08313 0.511949,
2.08187 0.513192,
2.08127 0.513884,
2.08073 0.514762,
2.08031 0.515926,
2.08021 0.516974,
2.08016 0.518027,
2.08014 0.519088,
2.08013 0.520992,
2.08013 0.522862,
2.08032 0.523944,
2.0808 0.524961,
2.08127 0.525978,
2.08162 0.527016,
2.08198 0.528052,
2.08259 0.530076,
2.08273 0.531086,
2.08301 0.531975,
2.08372 0.533246,
2.08421 0.533836,
2.08478 0.53436,
2.08601 0.53513,
"/>
</Transform>

</Section>
