<?xml version="1.0"?>
<!DOCTYPE Section SYSTEM "section.dtd">

<Section index="616" thickness="0.00164" alignLocked="true">
<Transform dim="0"
 xcoef=" 0 1 0 0 0 0"
 ycoef=" 0 0 1 0 0 0">
<Contour name="OuterMembrane" hidden="false" closed="true" simplified="true" border="1 0 0" fill="1 0 0" mode="11"
points="2.03842 0.604763,
2.03921 0.605447,
2.04378 0.608056,
2.04836 0.610665,
2.05207 0.612307,
2.05576 0.613947,
2.06017 0.615236,
2.06489 0.616323,
2.06968 0.616861,
2.0743 0.617271,
2.0788 0.617488,
2.08359 0.617563,
2.08843 0.617675,
2.09328 0.617788,
2.09638 0.617603,
2.10035 0.616592,
2.10451 0.615541,
2.10868 0.61449,
2.11258 0.612786,
2.1165 0.611082,
2.12047 0.609352,
2.12446 0.607623,
2.12921 0.605332,
2.13397 0.603041,
2.13764 0.601439,
2.14159 0.599589,
2.1453 0.597618,
2.14884 0.595568,
2.15234 0.593455,
2.15619 0.591556,
2.16021 0.589373,
2.16396 0.587172,
2.16772 0.58497,
2.17266 0.581428,
2.17782 0.578259,
2.18189 0.57483,
2.18594 0.571399,
2.19004 0.567766,
2.19414 0.564132,
2.19747 0.559739,
2.20065 0.556027,
2.20414 0.552272,
2.20729 0.548567,
2.21046 0.544862,
2.2128 0.541198,
2.21515 0.537536,
2.21679 0.533421,
2.21859 0.528875,
2.2203 0.524354,
2.222 0.519764,
2.22323 0.515314,
2.22415 0.511096,
2.22471 0.506671,
2.22543 0.502107,
2.22597 0.497814,
2.2263 0.493635,
2.22671 0.488138,
2.22701 0.483246,
2.22722 0.47867,
2.22748 0.473893,
2.22779 0.469078,
2.22801 0.464117,
2.22812 0.458952,
2.2282 0.453611,
2.22794 0.448076,
2.22717 0.443381,
2.22622 0.438749,
2.22473 0.434638,
2.22323 0.430528,
2.22145 0.426956,
2.21959 0.423305,
2.21776 0.419653,
2.21518 0.415681,
2.2127 0.411817,
2.21 0.408073,
2.2071 0.40436,
2.20419 0.400645,
2.2008 0.396755,
2.19783 0.393088,
2.19486 0.389421,
2.1923 0.386284,
2.18892 0.382737,
2.18535 0.378958,
2.18243 0.375939,
2.17941 0.373029,
2.17641 0.37012,
2.1727 0.367827,
2.16821 0.365587,
2.16395 0.363737,
2.15975 0.362324,
2.1557 0.360844,
2.15165 0.359519,
2.14745 0.358386,
2.14325 0.357607,
2.13886 0.356841,
2.13405 0.356293,
2.12924 0.355746,
2.12485 0.355649,
2.11945 0.35567,
2.11442 0.355654,
2.10943 0.355621,
2.10445 0.355588,
2.1003 0.356413,
2.09613 0.357236,
2.0922 0.358242,
2.08785 0.359222,
2.08367 0.360523,
2.07965 0.361759,
2.07576 0.36315,
2.07186 0.364542,
2.06789 0.36667,
2.06424 0.368902,
2.06012 0.371652,
2.05676 0.373687,
2.05172 0.376787,
2.04705 0.379486,
2.04277 0.381995,
2.03908 0.384598,
2.03547 0.387197,
2.03171 0.389859,
2.02797 0.392519,
2.02458 0.394627,
2.02155 0.397208,
2.01851 0.399893,
2.01526 0.402609,
2.01194 0.405626,
2.00884 0.408639,
2.00562 0.411806,
2.00241 0.414972,
1.9987 0.418676,
1.99509 0.422267,
1.99158 0.426131,
1.98806 0.430174,
1.98547 0.433687,
1.98309 0.437442,
1.98089 0.441549,
1.97892 0.445849,
1.97686 0.450075,
1.97474 0.454314,
1.97299 0.458277,
1.97166 0.462282,
1.97035 0.466286,
1.96994 0.470967,
1.96962 0.47573,
1.96948 0.479738,
1.96939 0.484528,
1.96903 0.489284,
1.9688 0.494122,
1.96867 0.498973,
1.96852 0.503826,
1.96939 0.508226,
1.97028 0.512626,
1.97184 0.516857,
1.97341 0.521089,
1.97581 0.525563,
1.97833 0.529959,
1.98064 0.534337,
1.98269 0.5383,
1.98476 0.542378,
1.98696 0.546286,
1.98927 0.550313,
1.99137 0.554077,
1.99347 0.557841,
1.99731 0.5619,
2.00044 0.565972,
2.00372 0.569872,
2.00641 0.572875,
2.00989 0.576849,
2.01335 0.580824,
2.01581 0.583323,
2.01961 0.587445,
2.02269 0.591176,
2.02594 0.594751,
2.0292 0.598326,
2.03273 0.60068,
2.03626 0.603035,
"/>
<Contour name="InnerMembrane" hidden="false" closed="true" simplified="true" border="1 0 0" fill="1 0 0" mode="11"
points="2.07116 0.586282,
2.07588 0.587976,
2.08064 0.589229,
2.08539 0.590484,
2.09034 0.59101,
2.0954 0.591397,
2.10051 0.591612,
2.10563 0.591827,
2.10983 0.590756,
2.11432 0.589318,
2.11881 0.588012,
2.12301 0.586441,
2.127 0.584809,
2.13082 0.583082,
2.13467 0.581395,
2.13851 0.579707,
2.14243 0.577385,
2.14637 0.575253,
2.15029 0.573121,
2.15425 0.570592,
2.15793 0.567745,
2.16165 0.564905,
2.16518 0.561408,
2.16872 0.55791,
2.17138 0.554843,
2.17405 0.551776,
2.17671 0.547014,
2.17943 0.542386,
2.1823 0.537805,
2.18519 0.533225,
2.18758 0.528093,
2.18997 0.52296,
2.19143 0.518602,
2.19257 0.514407,
2.19345 0.510091,
2.19434 0.505776,
2.19501 0.501266,
2.1957 0.496756,
2.19644 0.492449,
2.19717 0.487662,
2.19757 0.483039,
2.19781 0.478696,
2.19801 0.474263,
2.19812 0.469737,
2.19819 0.462314,
2.19776 0.459384,
2.1966 0.455216,
2.19544 0.451049,
2.19384 0.446029,
2.19225 0.441007,
2.19073 0.436374,
2.18906 0.431656,
2.1873 0.426777,
2.18568 0.422838,
2.18387 0.419256,
2.18204 0.415602,
2.17999 0.411937,
2.17759 0.408178,
2.17533 0.404639,
2.17308 0.401098,
2.16959 0.396637,
2.16641 0.392977,
2.16309 0.389885,
2.15944 0.387156,
2.15578 0.384427,
2.15193 0.381784,
2.14624 0.379835,
2.14179 0.378184,
2.13744 0.376539,
2.13336 0.375612,
2.12926 0.374686,
2.12496 0.374104,
2.12065 0.373521,
2.11499 0.373395,
2.11014 0.373349,
2.10576 0.37373,
2.10166 0.374384,
2.09756 0.375038,
2.09384 0.376067,
2.09008 0.377052,
2.08623 0.378181,
2.08237 0.379307,
2.07847 0.380313,
2.07471 0.381894,
2.07086 0.383425,
2.06701 0.384956,
2.06237 0.386937,
2.05772 0.388918,
2.05238 0.39153,
2.04787 0.394758,
2.04374 0.398012,
2.04054 0.400857,
2.03732 0.403704,
2.03476 0.407005,
2.03196 0.410377,
2.02916 0.413751,
2.02553 0.417637,
2.02255 0.421167,
2.01956 0.424696,
2.01469 0.430385,
2.01231 0.434019,
2.00993 0.437654,
2.00862 0.440215,
2.00633 0.444771,
2.00416 0.449098,
2.002 0.453424,
2.00065 0.457004,
1.99946 0.460719,
1.99842 0.464727,
1.99757 0.469074,
1.99677 0.473151,
1.99596 0.47723,
1.99565 0.482649,
1.99552 0.487993,
1.99539 0.493397,
1.99524 0.498799,
1.99563 0.502083,
1.99724 0.507583,
1.99883 0.513085,
2.00018 0.518671,
2.00214 0.524684,
2.0041 0.528395,
2.00643 0.532541,
2.0087 0.53636,
2.01098 0.540241,
2.01313 0.543753,
2.01526 0.547268,
2.01807 0.551135,
2.02079 0.554715,
2.02361 0.558041,
2.02633 0.560987,
2.02906 0.563934,
2.03524 0.568252,
2.03895 0.570625,
2.04273 0.573231,
2.04677 0.575742,
2.05082 0.578254,
2.05681 0.581557,
2.05958 0.582631,
2.06328 0.583574,
2.06722 0.584927,
"/>
<Contour name="CristaeMembrane" hidden="false" closed="true" simplified="true" border="1 0 0" fill="1 0 0" mode="11"
points="2.07414 0.531124,
2.07483 0.532825,
2.07547 0.533792,
2.07608 0.534756,
2.07667 0.535719,
2.07749 0.536742,
2.07832 0.537764,
2.07921 0.53866,
2.08001 0.539463,
2.08085 0.540306,
2.0818 0.541251,
2.0826 0.542058,
2.08339 0.542855,
2.08424 0.543703,
2.0851 0.544549,
2.08593 0.545397,
2.08665 0.546118,
2.08739 0.546838,
2.08849 0.547606,
2.08946 0.548324,
2.09043 0.549044,
2.09113 0.549553,
2.0921 0.550184,
2.09305 0.550814,
2.0938 0.551314,
2.09472 0.55178,
2.09579 0.552303,
2.09687 0.552828,
2.0982 0.553562,
2.09877 0.554074,
2.10005 0.554784,
2.10125 0.555402,
2.10246 0.556021,
2.1036 0.556603,
2.10502 0.557087,
2.10643 0.557569,
2.10761 0.558195,
2.10879 0.558822,
2.10953 0.559133,
2.11053 0.559276,
2.11163 0.559414,
2.11273 0.559552,
2.11386 0.559911,
2.11501 0.560272,
2.11649 0.560985,
2.11716 0.561357,
2.11801 0.561684,
2.11906 0.561849,
2.12011 0.562013,
2.12104 0.562427,
2.12213 0.562781,
2.12321 0.563135,
2.12446 0.563488,
2.12574 0.563529,
2.12688 0.563548,
2.128 0.563552,
2.12915 0.56356,
2.13036 0.563558,
2.13162 0.563563,
2.13295 0.563565,
2.13428 0.563566,
2.13554 0.56347,
2.13695 0.563027,
2.13766 0.562636,
2.13833 0.562151,
2.13963 0.561608,
2.14092 0.561065,
2.142 0.560831,
2.14297 0.560426,
2.14386 0.559853,
2.14474 0.558983,
2.14566 0.558085,
2.14658 0.557188,
2.14755 0.556232,
2.14847 0.555317,
2.14938 0.554404,
2.1502 0.553361,
2.15065 0.552195,
2.1513 0.551188,
2.15196 0.550182,
2.15283 0.54898,
2.15371 0.547583,
2.1546 0.546701,
2.15547 0.545818,
2.15616 0.545093,
2.15686 0.54437,
2.15763 0.543635,
2.15898 0.542343,
2.15973 0.541513,
2.16034 0.540519,
2.16104 0.539096,
2.16141 0.538266,
2.16165 0.537362,
2.16175 0.536469,
2.16219 0.535109,
2.16265 0.533751,
2.16326 0.532943,
2.1638 0.531886,
2.16408 0.530953,
2.16419 0.530066,
2.16436 0.529072,
2.1645 0.528078,
2.16501 0.526971,
2.16552 0.525866,
2.16595 0.525177,
2.16629 0.524415,
2.16665 0.522914,
2.167 0.5218,
2.16734 0.520685,
2.16785 0.519721,
2.16806 0.518514,
2.16836 0.517482,
2.16867 0.516451,
2.16898 0.515429,
2.16911 0.514502,
2.16911 0.513259,
2.16938 0.512161,
2.16965 0.511063,
2.17031 0.509858,
2.17054 0.508497,
2.17065 0.507409,
2.17075 0.50632,
2.17077 0.504841,
2.17077 0.503414,
2.17077 0.502294,
2.17075 0.500699,
2.17075 0.499324,
2.17077 0.498019,
2.17075 0.496853,
2.17077 0.495601,
2.17077 0.494575,
2.17077 0.493064,
2.17077 0.491613,
2.17077 0.490434,
2.17077 0.489337,
2.17075 0.488241,
2.17069 0.486941,
2.17051 0.486171,
2.17023 0.485419,
2.16974 0.484436,
2.16921 0.48339,
2.16869 0.482345,
2.16834 0.481648,
2.16785 0.480927,
2.16688 0.479925,
2.16606 0.479106,
2.16526 0.478321,
2.16447 0.477535,
2.16308 0.476904,
2.16193 0.476422,
2.16078 0.475939,
2.15968 0.475548,
2.15858 0.47549,
2.15739 0.475438,
2.15609 0.475405,
2.1547 0.475388,
2.15345 0.475384,
2.1522 0.475379,
2.15079 0.47562,
2.15004 0.4759,
2.14932 0.476286,
2.14781 0.47744,
2.14687 0.477919,
2.14596 0.478736,
2.14522 0.479428,
2.14448 0.48012,
2.14335 0.481358,
2.14261 0.482032,
2.14177 0.482832,
2.14094 0.483633,
2.14013 0.484612,
2.13949 0.485609,
2.13884 0.486604,
2.13813 0.48771,
2.13748 0.489063,
2.13682 0.490414,
2.13635 0.491324,
2.136 0.492423,
2.13594 0.494014,
2.1359 0.495306,
2.13589 0.496599,
2.13589 0.498239,
2.13589 0.499472,
2.13589 0.500515,
2.13587 0.501579,
2.13587 0.502676,
2.13595 0.503777,
2.13603 0.504879,
2.13654 0.505997,
2.13703 0.507118,
2.13731 0.508297,
2.13761 0.509477,
2.13789 0.510483,
2.13838 0.511519,
2.13889 0.512556,
2.13936 0.513499,
2.13982 0.514442,
2.14025 0.515936,
2.14059 0.516917,
2.14094 0.517897,
2.14135 0.519106,
2.14148 0.52041,
2.14156 0.521633,
2.14158 0.522701,
2.14161 0.52377,
2.14125 0.524948,
2.14092 0.526009,
2.14059 0.52707,
2.14033 0.528036,
2.14007 0.529,
2.13945 0.529951,
2.13882 0.530902,
2.13838 0.531537,
2.13746 0.532569,
2.13644 0.5331,
2.13535 0.533348,
2.1341 0.533494,
2.13298 0.533543,
2.13184 0.533571,
2.13049 0.533131,
2.12934 0.532716,
2.12834 0.53256,
2.12734 0.532403,
2.12605 0.532318,
2.12478 0.53195,
2.12413 0.531627,
2.12246 0.531183,
2.12157 0.530755,
2.11993 0.529928,
2.11816 0.529033,
2.11614 0.527995,
2.11524 0.527598,
2.11439 0.527052,
2.11347 0.526151,
2.11165 0.524333,
2.11073 0.523399,
2.10996 0.52257,
2.1094 0.521177,
2.10886 0.519787,
2.10858 0.518332,
2.1083 0.516877,
2.10815 0.515849,
2.10799 0.514821,
2.10761 0.513687,
2.10724 0.512552,
2.10681 0.511267,
2.1064 0.509979,
2.10635 0.509123,
2.10632 0.507934,
2.1063 0.506745,
2.10624 0.505683,
2.10614 0.504577,
2.10591 0.503377,
2.10545 0.502129,
2.10448 0.501714,
2.10351 0.501422,
2.10274 0.5011,
2.10192 0.50089,
2.10086 0.500854,
2.09968 0.500702,
2.09848 0.500549,
2.0972 0.50011,
2.0962 0.500041,
2.09507 0.500015,
2.09394 0.49999,
2.09275 0.499984,
2.09169 0.499982,
2.09057 0.499998,
2.08944 0.500016,
2.08808 0.500351,
2.08641 0.50081,
2.08541 0.500979,
2.08421 0.50131,
2.08301 0.501642,
2.08226 0.501769,
2.0815 0.501997,
2.0798 0.502455,
2.0786 0.50269,
2.07721 0.50329,
2.07629 0.503465,
2.07527 0.503847,
2.07406 0.504633,
2.07298 0.505735,
2.07189 0.506839,
2.07088 0.507288,
2.06986 0.507995,
2.06911 0.508784,
2.06834 0.50996,
2.06755 0.511137,
2.06704 0.511865,
2.06661 0.512689,
2.06629 0.513755,
2.06624 0.515027,
2.0662 0.516402,
2.0662 0.517509,
2.06619 0.518614,
2.0663 0.519509,
2.0666 0.520452,
2.06707 0.521404,
2.06776 0.522791,
2.06843 0.524178,
2.06919 0.525249,
2.06993 0.526319,
2.0703 0.527058,
2.07078 0.527739,
2.07152 0.528483,
2.07235 0.529325,
2.0733 0.530292,
"/>
</Transform>

</Section>
