<?xml version="1.0"?>
<!DOCTYPE Section SYSTEM "section.dtd">

<Section index="677" thickness="0.00164" alignLocked="true">
<Transform dim="0"
 xcoef=" 0 1 0 0 0 0"
 ycoef=" 0 0 1 0 0 0">
<Contour name="OuterMembrane" hidden="false" closed="true" simplified="true" border="1 0 0" fill="1 0 0" mode="11"
points="2.16734 0.416457,
2.16129 0.407499,
2.15571 0.400495,
2.14591 0.390587,
2.1383 0.385356,
2.13446 0.38261,
2.12613 0.378842,
2.11243 0.373295,
2.10676 0.371637,
2.09766 0.370806,
2.08808 0.370666,
2.07398 0.370422,
2.06927 0.370656,
2.06448 0.37137,
2.05535 0.373874,
2.05069 0.375202,
2.04141 0.379048,
2.02645 0.384103,
2.01813 0.387711,
2.0098 0.391317,
2.00531 0.393994,
2.00096 0.397269,
1.99221 0.405844,
1.98893 0.409793,
1.98237 0.418451,
1.97955 0.423627,
1.97594 0.43346,
1.97233 0.443295,
1.97105 0.449278,
1.97084 0.459508,
1.97076 0.469865,
1.97053 0.480226,
1.9709 0.485594,
1.97297 0.493819,
1.97454 0.502142,
1.9761 0.508474,
1.98169 0.521786,
1.98533 0.532905,
1.98893 0.541385,
1.99244 0.550099,
1.99727 0.558456,
2.00009 0.564126,
2.00364 0.569383,
2.00641 0.57268,
2.01089 0.576963,
2.01763 0.58177,
2.02119 0.584991,
2.02504 0.587848,
2.02916 0.590315,
2.03349 0.592365,
2.038 0.593982,
2.04265 0.595146,
2.04739 0.59585,
2.05705 0.595935,
2.06673 0.59602,
2.07173 0.595505,
2.08185 0.593083,
2.08728 0.591755,
2.09799 0.58743,
2.10956 0.581147,
2.11799 0.576631,
2.12642 0.572114,
2.13044 0.569283,
2.13858 0.562897,
2.14273 0.559579,
2.14648 0.555824,
2.14979 0.551714,
2.15632 0.543373,
2.16454 0.530176,
2.16829 0.521361,
2.17179 0.512449,
2.17305 0.507942,
2.17649 0.495201,
2.17731 0.490168,
2.17908 0.479967,
2.17954 0.471149,
2.17971 0.457048,
2.17843 0.445931,
2.1774 0.439823,
2.17405 0.431692,
2.17115 0.423376,
"/>
<Contour name="InnerMembrane" hidden="false" closed="true" simplified="true" border="1 0 0" fill="1 0 0" mode="11"
points="2.07745 0.557336,
2.08252 0.554343,
2.08741 0.551935,
2.09244 0.549992,
2.09707 0.548396,
2.10184 0.546445,
2.10681 0.544536,
2.11152 0.542273,
2.11606 0.540039,
2.12042 0.537889,
2.1248 0.535739,
2.12874 0.532761,
2.13267 0.529784,
2.13577 0.525717,
2.13863 0.521249,
2.14145 0.516382,
2.14379 0.511951,
2.14601 0.507833,
2.14806 0.503856,
2.15009 0.499879,
2.15161 0.494811,
2.15306 0.489164,
2.15432 0.483539,
2.15544 0.478144,
2.15622 0.472668,
2.15663 0.467369,
2.15645 0.462506,
2.15635 0.45778,
2.15562 0.450839,
2.15517 0.443853,
2.15353 0.438305,
2.15207 0.433209,
2.15037 0.428471,
2.14817 0.424065,
2.14558 0.420058,
2.14299 0.416052,
2.13923 0.413211,
2.13517 0.410556,
2.13092 0.408025,
2.12654 0.405551,
2.12011 0.40221,
2.11596 0.400257,
2.11104 0.398205,
2.10655 0.396442,
2.10159 0.394404,
2.09666 0.392623,
2.09161 0.390868,
2.08618 0.389387,
2.08113 0.388468,
2.07624 0.387917,
2.06942 0.387644,
2.06455 0.387311,
2.05877 0.386947,
2.05285 0.386889,
2.04665 0.387542,
2.04047 0.388193,
2.03709 0.388473,
2.0285 0.390641,
2.0242 0.393115,
2.02007 0.395889,
2.01599 0.398794,
2.01197 0.401531,
2.00816 0.404373,
2.00436 0.407215,
2.00065 0.410622,
1.99696 0.414028,
1.99458 0.418185,
1.99249 0.422126,
1.99037 0.426067,
1.98927 0.430436,
1.98817 0.434807,
1.98717 0.439999,
1.98637 0.445408,
1.98547 0.450987,
1.98483 0.455992,
1.98437 0.460966,
1.98424 0.468184,
1.98407 0.473771,
1.98399 0.478673,
1.98437 0.483789,
1.98473 0.488904,
1.98583 0.494289,
1.98753 0.499537,
1.98893 0.504885,
1.99048 0.509835,
1.99201 0.514629,
1.9936 0.51914,
1.99526 0.523565,
1.99693 0.52799,
1.9995 0.532808,
2.0021 0.537625,
2.00536 0.541271,
2.00843 0.544575,
2.01287 0.548655,
2.01718 0.552165,
2.02164 0.55504,
2.02611 0.557915,
2.03071 0.560012,
2.03588 0.561818,
2.04105 0.563624,
2.05233 0.565252,
2.05833 0.565346,
2.06896 0.561972,
2.07321 0.559653,
"/>
</Transform>

</Section>
