<?xml version="1.0"?>
<!DOCTYPE Section SYSTEM "section.dtd">

<Section index="632" thickness="0.00164" alignLocked="true">
<Transform dim="0"
 xcoef=" 0 1 0 0 0 0"
 ycoef=" 0 0 1 0 0 0">
<Contour name="OuterMembrane" hidden="false" closed="true" simplified="true" border="1 0 0" fill="1 0 0" mode="11"
points="2.07562 0.631,
2.08162 0.631639,
2.08757 0.632086,
2.09298 0.632309,
2.0981 0.632455,
2.1031 0.632582,
2.10955 0.632576,
2.11575 0.632627,
2.12137 0.63212,
2.12667 0.631226,
2.132 0.629801,
2.13731 0.628376,
2.14217 0.626446,
2.14886 0.623982,
2.15509 0.621635,
2.16072 0.618956,
2.16628 0.616428,
2.17175 0.613754,
2.17735 0.611187,
2.1831 0.60843,
2.18886 0.605611,
2.19457 0.602159,
2.19973 0.598953,
2.20418 0.595838,
2.20836 0.592624,
2.21236 0.589167,
2.2163 0.58557,
2.21987 0.581762,
2.22346 0.577639,
2.2273 0.5734,
2.23115 0.56916,
2.23496 0.563306,
2.23794 0.557744,
2.24095 0.552183,
2.24345 0.546865,
2.24565 0.541402,
2.24787 0.535939,
2.24888 0.529417,
2.24965 0.523237,
2.25001 0.517156,
2.25015 0.510753,
2.25036 0.504187,
2.25046 0.498693,
2.25049 0.493338,
2.25052 0.487861,
2.25023 0.481566,
2.24934 0.475108,
2.24844 0.468648,
2.24646 0.461383,
2.24508 0.454075,
2.24396 0.446746,
2.24255 0.440342,
2.24106 0.434183,
2.23955 0.428061,
2.23804 0.421941,
2.23568 0.416619,
2.23317 0.411405,
2.23017 0.406792,
2.22719 0.402177,
2.22361 0.397925,
2.22026 0.394202,
2.21589 0.387878,
2.2118 0.382732,
2.2078 0.378002,
2.20421 0.374046,
2.20031 0.370014,
2.19566 0.366217,
2.19047 0.362496,
2.18528 0.358775,
2.1804 0.356403,
2.17551 0.354032,
2.17149 0.352503,
2.16496 0.351142,
2.15888 0.349589,
2.15278 0.348142,
2.14663 0.346432,
2.14102 0.344843,
2.13574 0.343772,
2.13054 0.343219,
2.12492 0.34286,
2.11922 0.342578,
2.1138 0.342917,
2.10835 0.343257,
2.10161 0.344843,
2.0949 0.346253,
2.08843 0.347342,
2.08183 0.34831,
2.07545 0.349245,
2.06906 0.350179,
2.0633 0.352526,
2.05754 0.354934,
2.05189 0.35709,
2.04677 0.359678,
2.04167 0.362266,
2.03713 0.364926,
2.03319 0.367783,
2.02684 0.371722,
2.02343 0.373771,
2.01746 0.378289,
2.01118 0.38202,
2.00688 0.384846,
2.00282 0.387835,
1.99903 0.391071,
1.99522 0.394307,
1.99153 0.397707,
1.9884 0.402599,
1.98522 0.407601,
1.98199 0.412435,
1.97868 0.417313,
1.97536 0.422188,
1.97269 0.427991,
1.97064 0.433129,
1.96916 0.437809,
1.96636 0.44647,
1.96536 0.450811,
1.96449 0.457735,
1.96369 0.463792,
1.96329 0.470065,
1.96301 0.476194,
1.96285 0.48177,
1.96275 0.487083,
1.96267 0.492362,
1.96287 0.498061,
1.96401 0.503398,
1.96518 0.508733,
1.96649 0.513884,
1.96769 0.519339,
1.96918 0.524836,
1.97062 0.530338,
1.97264 0.535717,
1.97489 0.541207,
1.97756 0.546592,
1.98023 0.551978,
1.98301 0.556811,
1.98578 0.561644,
1.98955 0.566717,
1.99314 0.57187,
1.99645 0.576534,
1.99978 0.581198,
2.00501 0.586065,
2.00997 0.590838,
2.01453 0.594946,
2.01884 0.598488,
2.02314 0.602165,
2.02784 0.606152,
2.03226 0.610583,
2.03699 0.614547,
2.04196 0.618213,
2.04723 0.621314,
2.05786 0.62728,
2.06965 0.629986,
"/>
<Contour name="InnerMembrane" hidden="false" closed="true" simplified="true" border="1 0 0" fill="1 0 0" mode="11"
points="2.09617 0.606716,
2.09471 0.607035,
2.10173 0.608533,
2.10665 0.608709,
2.11206 0.608734,
2.1175 0.608832,
2.12206 0.60884,
2.1266 0.608861,
2.13116 0.608883,
2.13462 0.608443,
2.14 0.606869,
2.14538 0.605344,
2.15076 0.60382,
2.15509 0.601983,
2.1595 0.600076,
2.16364 0.597951,
2.16775 0.595663,
2.17244 0.592978,
2.17715 0.590295,
2.18136 0.587164,
2.18558 0.584035,
2.18917 0.580166,
2.19266 0.576204,
2.19632 0.572157,
2.1997 0.567625,
2.20309 0.563092,
2.20534 0.558468,
2.20783 0.553284,
2.20964 0.548475,
2.21138 0.543583,
2.21331 0.538473,
2.21523 0.533523,
2.21702 0.528542,
2.21843 0.523272,
2.21974 0.518419,
2.22097 0.513851,
2.2222 0.509286,
2.22299 0.504564,
2.22382 0.499628,
2.22464 0.494693,
2.22482 0.489063,
2.22494 0.483444,
2.22504 0.477671,
2.22507 0.472997,
2.22507 0.464563,
2.22386 0.457501,
2.22289 0.453809,
2.22145 0.449088,
2.21963 0.444237,
2.21738 0.439103,
2.21493 0.433836,
2.21233 0.428452,
2.21006 0.42432,
2.20782 0.420191,
2.20352 0.41461,
2.1984 0.40937,
2.19389 0.405195,
2.18984 0.401684,
2.18594 0.398443,
2.18204 0.395202,
2.17744 0.391991,
2.17275 0.388486,
2.16806 0.38498,
2.16418 0.382674,
2.1598 0.381505,
2.1554 0.380337,
2.15063 0.378825,
2.14602 0.377623,
2.1405 0.376626,
2.1348 0.376037,
2.1292 0.375694,
2.12355 0.375381,
2.11903 0.375227,
2.1133 0.375214,
2.10774 0.375184,
2.10214 0.375127,
2.09763 0.375099,
2.09089 0.375255,
2.08434 0.375891,
2.0778 0.376529,
2.07155 0.377968,
2.0653 0.379407,
2.06073 0.380567,
2.05622 0.381661,
2.05171 0.382755,
2.04647 0.384316,
2.04147 0.385733,
2.03672 0.38748,
2.03189 0.389577,
2.02709 0.391675,
2.02258 0.394338,
2.01854 0.397147,
2.01451 0.399955,
2.01071 0.403563,
2.0069 0.407171,
2.0016 0.412763,
1.99759 0.418702,
1.99365 0.425032,
1.99145 0.429111,
1.98925 0.433772,
1.98719 0.438516,
1.98522 0.44322,
1.98378 0.448214,
1.98261 0.453716,
1.98176 0.458779,
1.98096 0.464689,
1.9805 0.470382,
1.98025 0.476277,
1.98 0.482173,
1.97996 0.488184,
1.98115 0.492753,
1.9825 0.497691,
1.98392 0.503065,
1.9855 0.508367,
1.98704 0.51363,
1.98884 0.518753,
1.99098 0.523727,
1.99309 0.528703,
1.99542 0.533899,
1.99809 0.539106,
2.00077 0.544313,
2.00356 0.548669,
2.00667 0.553454,
2.0099 0.55855,
2.01295 0.563222,
2.0159 0.567658,
2.01884 0.572094,
2.02309 0.576501,
2.02724 0.580329,
2.0313 0.584222,
2.03531 0.587725,
2.03929 0.591227,
2.04303 0.593673,
2.04705 0.595961,
2.05107 0.598249,
2.05633 0.600217,
2.06128 0.601532,
2.06684 0.602702,
2.07207 0.603533,
2.07736 0.604866,
2.08262 0.6062,
2.09408 0.607113,
"/>
<Contour name="CristaeMembrane" hidden="false" closed="true" simplified="true" border="1 0 0" fill="1 0 0" mode="11"
points="2.12754 0.577865,
2.12975 0.576847,
2.13107 0.575998,
2.13236 0.57515,
2.13323 0.57473,
2.13403 0.574202,
2.13576 0.572488,
2.13651 0.57182,
2.13717 0.571058,
2.138 0.570059,
2.13884 0.56906,
2.14012 0.568211,
2.1415 0.567427,
2.14286 0.566643,
2.14405 0.565677,
2.14528 0.564819,
2.14653 0.563962,
2.14745 0.563297,
2.14827 0.562499,
2.14902 0.561465,
2.14996 0.559857,
2.15099 0.558495,
2.15209 0.557215,
2.15317 0.556052,
2.15425 0.554887,
2.15527 0.553707,
2.15629 0.552526,
2.15732 0.55166,
2.15826 0.550804,
2.15927 0.549838,
2.1604 0.548852,
2.1615 0.548085,
2.16259 0.547317,
2.16377 0.54674,
2.16496 0.546163,
2.16634 0.545467,
2.1677 0.544774,
2.1686 0.544321,
2.16944 0.543745,
2.17044 0.542922,
2.17166 0.542156,
2.17287 0.541389,
2.17425 0.540493,
2.17561 0.539711,
2.17687 0.539012,
2.17813 0.538312,
2.1792 0.537804,
2.18017 0.536988,
2.18117 0.536086,
2.18215 0.535184,
2.1833 0.533854,
2.18407 0.532761,
2.18486 0.531667,
2.18571 0.53064,
2.18645 0.529584,
2.18719 0.528526,
2.18794 0.527667,
2.18865 0.526593,
2.18933 0.525517,
2.19022 0.524208,
2.19106 0.522555,
2.19201 0.520347,
2.19276 0.519129,
2.19317 0.518148,
2.19337 0.516721,
2.19347 0.515455,
2.19375 0.513887,
2.19401 0.512252,
2.19419 0.510622,
2.19429 0.50901,
2.19432 0.507434,
2.19435 0.505902,
2.19437 0.504344,
2.19437 0.502734,
2.19439 0.501122,
2.19422 0.499493,
2.19383 0.497945,
2.19345 0.496397,
2.19306 0.495024,
2.19237 0.493701,
2.19163 0.492589,
2.19074 0.491044,
2.18986 0.489501,
2.18927 0.488272,
2.1882 0.48617,
2.18738 0.484543,
2.18673 0.483136,
2.18638 0.481784,
2.18646 0.480364,
2.18686 0.479026,
2.18727 0.477601,
2.18769 0.476176,
2.18776 0.474506,
2.18786 0.472914,
2.18797 0.471321,
2.18848 0.469837,
2.18901 0.468353,
2.18935 0.467016,
2.18942 0.465686,
2.18966 0.464432,
2.18991 0.463177,
2.19011 0.461629,
2.1905 0.460258,
2.19089 0.458885,
2.19147 0.457355,
2.19202 0.455825,
2.19238 0.454298,
2.19293 0.452797,
2.19347 0.451298,
2.19388 0.450444,
2.19416 0.449545,
2.19427 0.448278,
2.19458 0.447007,
2.19598 0.445742,
2.19765 0.444888,
2.19929 0.444192,
2.20091 0.443495,
2.20234 0.443176,
2.20395 0.443018,
2.20539 0.443023,
2.20685 0.443399,
2.20831 0.444115,
2.20977 0.444832,
2.21095 0.445491,
2.21225 0.445937,
2.21389 0.446044,
2.21539 0.446436,
2.2169 0.446828,
2.21779 0.447253,
2.21876 0.447564,
2.22 0.447854,
2.22207 0.448594,
2.224 0.449562,
2.22543 0.450285,
2.22687 0.451007,
2.22769 0.451812,
2.2296 0.453327,
2.23051 0.454014,
2.23166 0.454567,
2.23279 0.45512,
2.23496 0.456138,
2.2364 0.456988,
2.2385 0.457821,
2.23998 0.458454,
2.24144 0.459088,
2.24272 0.459633,
2.244 0.460179,
2.24598 0.460965,
2.24746 0.461485,
2.24893 0.462004,
2.25088 0.46269,
2.25285 0.463375,
2.2549 0.464195,
2.25648 0.464784,
2.25749 0.464965,
2.25874 0.464966,
2.25999 0.464966,
2.26125 0.464971,
2.26253 0.464974,
2.26351 0.464999,
2.26596 0.464988,
2.2673 0.464955,
2.26866 0.464924,
2.26976 0.465006,
2.27124 0.46486,
2.27296 0.464286,
2.27506 0.463087,
2.2764 0.462565,
2.27755 0.461786,
2.2787 0.461006,
2.2796 0.460496,
2.28067 0.459638,
2.28229 0.45788,
2.28299 0.457303,
2.28375 0.456501,
2.28447 0.45538,
2.28521 0.45426,
2.28595 0.453075,
2.2867 0.451891,
2.28741 0.450754,
2.2881 0.449617,
2.28896 0.44803,
2.28974 0.446331,
2.29034 0.445339,
2.291 0.443989,
2.29165 0.442638,
2.29218 0.441662,
2.29249 0.440219,
2.2928 0.438774,
2.29318 0.43789,
2.29346 0.436648,
2.29375 0.435169,
2.29403 0.43369,
2.29428 0.432468,
2.29452 0.431248,
2.29507 0.429691,
2.29521 0.428676,
2.29528 0.426762,
2.29534 0.424847,
2.29572 0.422922,
2.296 0.421662,
2.29602 0.42033,
2.29602 0.418999,
2.29603 0.41768,
2.29603 0.41636,
2.29605 0.414904,
2.29605 0.413447,
2.29605 0.411965,
2.29605 0.410481,
2.29603 0.409395,
2.29585 0.40825,
2.29552 0.407053,
2.2952 0.405856,
2.29477 0.403732,
2.29433 0.401452,
2.29411 0.400516,
2.29369 0.399383,
2.29302 0.39808,
2.29233 0.396777,
2.29172 0.394968,
2.29126 0.393708,
2.29062 0.392562,
2.29 0.391416,
2.28964 0.390454,
2.2888 0.389192,
2.28811 0.388095,
2.28744 0.386999,
2.28701 0.385741,
2.28659 0.384485,
2.28619 0.383585,
2.28547 0.382558,
2.28475 0.381531,
2.28395 0.380332,
2.28314 0.379134,
2.28234 0.377958,
2.28155 0.376783,
2.28113 0.375937,
2.28057 0.375109,
2.27944 0.374013,
2.2783 0.372916,
2.27762 0.372077,
2.27666 0.371124,
2.27555 0.370004,
2.27442 0.368884,
2.27347 0.368005,
2.27212 0.36703,
2.27078 0.366056,
2.26987 0.365318,
2.26874 0.364682,
2.26745 0.364241,
2.26614 0.3638,
2.265 0.363417,
2.26369 0.363306,
2.26215 0.36325,
2.2609 0.363226,
2.25918 0.363209,
2.25767 0.363247,
2.25616 0.363286,
2.25466 0.363203,
2.25284 0.363517,
2.25079 0.364226,
2.24946 0.364574,
2.24813 0.36492,
2.24719 0.365125,
2.24521 0.365828,
2.24383 0.366402,
2.24247 0.366978,
2.24057 0.367411,
2.23906 0.3678,
2.23757 0.368187,
2.23644 0.368437,
2.23509 0.369049,
2.23375 0.369663,
2.23243 0.370346,
2.23111 0.371032,
2.2293 0.371921,
2.22748 0.37281,
2.22655 0.373287,
2.22451 0.374692,
2.22317 0.375578,
2.22192 0.37671,
2.22071 0.37759,
2.21948 0.378471,
2.21859 0.378891,
2.21659 0.379967,
2.2153 0.380541,
2.21439 0.381131,
2.21352 0.381905,
2.21249 0.382791,
2.21061 0.384152,
2.20839 0.38521,
2.20692 0.386123,
2.20601 0.387004,
2.20496 0.388035,
2.20357 0.389008,
2.20219 0.389979,
2.20072 0.390728,
2.19939 0.391375,
2.19806 0.392021,
2.19704 0.392736,
2.19504 0.393534,
2.19371 0.393672,
2.19225 0.394136,
2.19079 0.394599,
2.18947 0.39494,
2.18814 0.395281,
2.18686 0.39564,
2.18553 0.395829,
2.18422 0.396016,
2.18277 0.396047,
2.1812 0.396413,
2.17887 0.396846,
2.17715 0.397215,
2.17513 0.3979,
2.17371 0.398531,
2.17229 0.399163,
2.17093 0.400204,
2.16977 0.401218,
2.1686 0.402308,
2.16756 0.403345,
2.16649 0.40438,
2.16567 0.40558,
2.1647 0.407486,
2.16424 0.408647,
2.16408 0.409967,
2.16387 0.411448,
2.16365 0.412931,
2.16318 0.414625,
2.163 0.415856,
2.1628 0.417088,
2.16254 0.418722,
2.16223 0.420037,
2.16191 0.421354,
2.16157 0.422605,
2.16152 0.423974,
2.16145 0.425342,
2.16078 0.427377,
2.16068 0.428929,
2.16059 0.430479,
2.16024 0.432006,
2.15988 0.433532,
2.1594 0.434638,
2.15901 0.435825,
2.15862 0.437011,
2.15817 0.438277,
2.15775 0.439543,
2.15706 0.440866,
2.15637 0.44219,
2.15557 0.443543,
2.15475 0.444896,
2.15386 0.446549,
2.15296 0.447832,
2.15206 0.449114,
2.15101 0.450493,
2.14993 0.452068,
2.14906 0.453022,
2.14832 0.45418,
2.14773 0.455436,
2.14714 0.456692,
2.14643 0.458041,
2.14558 0.459371,
2.14474 0.460699,
2.14386 0.462316,
2.14299 0.463935,
2.14222 0.464901,
2.14138 0.46645,
2.14056 0.468,
2.13987 0.468819,
2.13917 0.469875,
2.13823 0.471013,
2.13731 0.472151,
2.13641 0.472971,
2.13561 0.474178,
2.13467 0.475328,
2.13372 0.476409,
2.13275 0.477491,
2.13179 0.479062,
2.13085 0.480487,
2.12992 0.481911,
2.12883 0.483357,
2.12833 0.484399,
2.12779 0.48574,
2.12697 0.48698,
2.12615 0.488218,
2.12536 0.489402,
2.12459 0.490588,
2.124 0.491411,
2.12313 0.49313,
2.12208 0.49469,
2.12137 0.495419,
2.12067 0.496518,
2.11996 0.497617,
2.11909 0.498772,
2.11822 0.500485,
2.11735 0.502201,
2.1168 0.503431,
2.11637 0.504671,
2.11596 0.50591,
2.11526 0.507263,
2.11465 0.508462,
2.11404 0.509661,
2.11355 0.511021,
2.11293 0.512249,
2.1123 0.513479,
2.11134 0.514525,
2.11047 0.515965,
2.10984 0.517489,
2.10924 0.519014,
2.10835 0.520223,
2.10786 0.5216,
2.10737 0.522976,
2.10689 0.524347,
2.10599 0.526609,
2.10553 0.527475,
2.10505 0.528866,
2.10458 0.530409,
2.10409 0.531739,
2.1036 0.533069,
2.10279 0.53434,
2.10153 0.535035,
2.09953 0.535239,
2.09761 0.535355,
2.09585 0.535408,
2.09412 0.53546,
2.09302 0.535691,
2.09066 0.536229,
2.08897 0.536314,
2.08795 0.536554,
2.08564 0.537044,
2.08392 0.537156,
2.083 0.537387,
2.08105 0.537856,
2.07967 0.538005,
2.07844 0.538414,
2.07722 0.538822,
2.07606 0.539221,
2.0749 0.539617,
2.07363 0.539965,
2.07235 0.540588,
2.07106 0.541211,
2.06975 0.542074,
2.06916 0.542912,
2.06855 0.54375,
2.06853 0.544004,
2.06824 0.542527,
2.06783 0.54169,
2.06627 0.539998,
2.0646 0.538217,
2.0641 0.537152,
2.06361 0.536086,
2.06323 0.534961,
2.06264 0.533779,
2.06205 0.532597,
2.06159 0.531965,
2.061 0.531048,
2.06041 0.530132,
2.05969 0.528684,
2.059 0.527718,
2.05836 0.526907,
2.05771 0.526099,
2.05708 0.525141,
2.05671 0.523557,
2.05641 0.522921,
2.05599 0.522091,
2.05558 0.521261,
2.05522 0.520133,
2.05487 0.519006,
2.05456 0.517986,
2.05425 0.516966,
2.05402 0.515946,
2.0538 0.514926,
2.05377 0.513937,
2.05369 0.512895,
2.05346 0.511859,
2.05323 0.510824,
2.05277 0.51001,
2.05231 0.509195,
2.05179 0.508215,
2.05141 0.507236,
2.05105 0.506258,
2.05079 0.505095,
2.05059 0.503942,
2.05039 0.50279,
2.05025 0.501668,
2.04989 0.500838,
2.04933 0.499788,
2.04877 0.498739,
2.04851 0.49774,
2.04825 0.496743,
2.0481 0.495808,
2.04797 0.494873,
2.04757 0.493753,
2.04741 0.492594,
2.04724 0.491434,
2.04721 0.490345,
2.04693 0.489271,
2.04665 0.488041,
2.04639 0.486813,
2.04631 0.485839,
2.04605 0.485014,
2.04567 0.48424,
2.04562 0.483215,
2.04559 0.482191,
2.04529 0.481084,
2.04487 0.480189,
2.04483 0.478873,
2.0448 0.477557,
2.04482 0.47662,
2.04482 0.475503,
2.04482 0.474375,
2.0448 0.473094,
2.0448 0.472031,
2.04478 0.471013,
2.04477 0.469981,
2.04478 0.468897,
2.0448 0.467815,
2.04478 0.466829,
2.04477 0.465842,
2.04474 0.464807,
2.04457 0.464133,
2.04433 0.463487,
2.04403 0.462582,
2.04375 0.461676,
2.04324 0.460537,
2.04273 0.459541,
2.04221 0.458544,
2.04139 0.457609,
2.04044 0.456914,
2.03949 0.456484,
2.03793 0.455692,
2.03721 0.455482,
2.03647 0.455377,
2.03573 0.455372,
2.0347 0.455369,
2.03365 0.455367,
2.03268 0.455367,
2.03166 0.455371,
2.03068 0.455462,
2.0297 0.455556,
2.02883 0.455874,
2.02816 0.456248,
2.02722 0.456733,
2.0263 0.457217,
2.0254 0.458021,
2.02486 0.458741,
2.02445 0.459539,
2.02386 0.460294,
2.02327 0.46105,
2.02245 0.461947,
2.02204 0.462692,
2.02176 0.463471,
2.02161 0.464179,
2.02156 0.464888,
2.02133 0.46596,
2.02109 0.467034,
2.02063 0.468082,
2.0201 0.469166,
2.01958 0.470088,
2.0192 0.471265,
2.01882 0.472217,
2.01845 0.473168,
2.01799 0.47408,
2.01764 0.475052,
2.01748 0.476044,
2.01731 0.476979,
2.01717 0.477912,
2.01687 0.478977,
2.01668 0.479889,
2.01664 0.480609,
2.01669 0.481301,
2.01668 0.48235,
2.01664 0.483401,
2.01664 0.484445,
2.01664 0.485594,
2.01666 0.486568,
2.01666 0.487597,
2.01666 0.488627,
2.01664 0.489884,
2.01664 0.491157,
2.01664 0.492643,
2.01664 0.494127,
2.01664 0.495105,
2.01664 0.496328,
2.01666 0.497524,
2.01666 0.498688,
2.01666 0.499875,
2.01668 0.500982,
2.01669 0.501994,
2.01674 0.503044,
2.01684 0.50421,
2.01702 0.505492,
2.01725 0.506414,
2.01748 0.507336,
2.01751 0.508341,
2.01772 0.50925,
2.01809 0.510111,
2.0182 0.51124,
2.01832 0.51237,
2.01833 0.513433,
2.01838 0.514391,
2.01881 0.515646,
2.01915 0.516751,
2.01951 0.517856,
2.01974 0.518958,
2.01999 0.520059,
2.02004 0.521026,
2.02025 0.521753,
2.0205 0.522853,
2.02074 0.523955,
2.02074 0.525287,
2.02074 0.526716,
2.02086 0.527542,
2.02125 0.528751,
2.02153 0.529812,
2.02179 0.530875,
2.02202 0.531918,
2.0224 0.53279,
2.02276 0.533663,
2.02305 0.534594,
2.02332 0.535754,
2.02351 0.536464,
2.02407 0.537607,
2.02479 0.539088,
2.02535 0.539852,
2.02599 0.540488,
2.02679 0.541293,
2.0276 0.5421,
2.0284 0.542906,
2.02925 0.543749,
2.03002 0.544536,
2.03088 0.54538,
2.03162 0.546076,
2.03235 0.546769,
2.03316 0.547486,
2.03393 0.548249,
2.0347 0.54901,
2.03519 0.549972,
2.03585 0.550646,
2.0375 0.551494,
2.03841 0.551832,
2.03924 0.552324,
2.03996 0.552942,
2.04183 0.554822,
2.04267 0.554878,
2.04433 0.555324,
2.04528 0.55584,
2.04601 0.556442,
2.04675 0.557156,
2.04747 0.557869,
2.04826 0.558641,
2.04915 0.55953,
2.05011 0.560495,
2.05087 0.561206,
2.05197 0.561823,
2.05292 0.562635,
2.05387 0.563447,
2.05449 0.563893,
2.05544 0.564367,
2.05623 0.564973,
2.05704 0.565582,
2.05764 0.565897,
2.05886 0.566271,
2.05966 0.567002,
2.06046 0.567735,
2.06102 0.568844,
2.06194 0.569895,
2.06291 0.570927,
2.06369 0.572096,
2.06438 0.573321,
2.06547 0.574466,
2.06655 0.575612,
2.06783 0.576499,
2.06909 0.57756,
2.07006 0.578439,
2.07132 0.579658,
2.07258 0.580878,
2.07344 0.581649,
2.07427 0.58242,
2.07521 0.583497,
2.07606 0.584194,
2.07691 0.584714,
2.07849 0.585496,
2.07985 0.586156,
2.08123 0.586815,
2.08232 0.587402,
2.08446 0.58807,
2.08539 0.58845,
2.08638 0.588701,
2.08783 0.588763,
2.08918 0.588791,
2.09049 0.588808,
2.09185 0.588816,
2.09328 0.588816,
2.09477 0.588817,
2.09633 0.588814,
2.09784 0.588804,
2.09927 0.588814,
2.10069 0.588824,
2.10196 0.588742,
2.10317 0.58845,
2.10543 0.587696,
2.10661 0.587299,
2.10779 0.586902,
2.10758 0.586982,
2.10792 0.586864,
2.1083 0.586736,
2.10955 0.586149,
2.11065 0.585403,
2.11175 0.584657,
2.11288 0.583909,
2.11488 0.58303,
2.1159 0.58283,
2.11721 0.582494,
2.1185 0.582157,
2.12013 0.58168,
2.12185 0.580826,
2.12303 0.580032,
2.12431 0.579274,
2.12559 0.578517,
"/>
<Contour name="CristaeMembrane" hidden="false" closed="true" simplified="true" border="1 0 0" fill="1 0 0" mode="11"
points="2.15388 0.521987,
2.15458 0.52193,
2.15388 0.522048,
2.15304 0.522069,
2.15488 0.522673,
2.15612 0.522784,
2.15729 0.522824,
2.15845 0.522863,
2.16008 0.522894,
2.16095 0.522794,
2.16178 0.522555,
2.16257 0.522189,
2.16332 0.521679,
2.16405 0.520966,
2.16482 0.520219,
2.16557 0.519475,
2.16618 0.518414,
2.16665 0.517597,
2.16715 0.51668,
2.16778 0.515826,
2.16842 0.51497,
2.16923 0.514092,
2.1698 0.51311,
2.17013 0.512039,
2.17046 0.51097,
2.17093 0.509755,
2.17102 0.508579,
2.17105 0.507506,
2.17106 0.506458,
2.17108 0.505432,
2.17108 0.504361,
2.17106 0.503157,
2.17105 0.501955,
2.17088 0.501148,
2.17059 0.500343,
2.17013 0.499544,
2.16951 0.498865,
2.16831 0.49752,
2.16797 0.496513,
2.16764 0.495506,
2.16718 0.494337,
2.16655 0.493128,
2.16611 0.492292,
2.16536 0.490768,
2.16472 0.48992,
2.16401 0.489228,
2.16331 0.488536,
2.16273 0.487939,
2.16195 0.487346,
2.16088 0.486803,
2.15983 0.48626,
2.1584 0.485791,
2.15745 0.485747,
2.15649 0.485729,
2.15544 0.485717,
2.15429 0.485711,
2.15334 0.485729,
2.15239 0.485747,
2.15138 0.485711,
2.15029 0.485881,
2.14945 0.486175,
2.14861 0.486639,
2.14776 0.487419,
2.14686 0.488084,
2.14594 0.488746,
2.14533 0.489097,
2.14474 0.489568,
2.1442 0.490121,
2.14364 0.490926,
2.14323 0.491818,
2.14309 0.492982,
2.143 0.494212,
2.14296 0.495175,
2.14296 0.496203,
2.14294 0.49723,
2.14312 0.498368,
2.14345 0.499578,
2.14359 0.500836,
2.14368 0.501876,
2.14371 0.502844,
2.14374 0.50379,
2.14374 0.504923,
2.14374 0.505892,
2.14374 0.506814,
2.14374 0.507993,
2.14374 0.509172,
2.14379 0.509928,
2.14394 0.51067,
2.14422 0.511445,
2.14458 0.512841,
2.14469 0.513678,
2.14496 0.514522,
2.14546 0.515518,
2.14627 0.516402,
2.14704 0.517197,
2.14845 0.519109,
2.14883 0.519737,
2.14937 0.520398,
2.15001 0.520966,
2.15073 0.521428,
2.15152 0.521771,
2.15284 0.522056,
"/>
</Transform>

</Section>
