<?xml version="1.0"?>
<!DOCTYPE Section SYSTEM "section.dtd">

<Section index="621" thickness="0.00164" alignLocked="true">
<Transform dim="0"
 xcoef=" 0 1 0 0 0 0"
 ycoef=" 0 0 1 0 0 0">
<Contour name="OuterMembrane" hidden="false" closed="true" simplified="true" border="1 0 0" fill="1 0 0" mode="11"
points="2.15278 0.605491,
2.15847 0.602769,
2.16346 0.600104,
2.16851 0.59716,
2.17302 0.594234,
2.17751 0.591309,
2.18127 0.588152,
2.18512 0.583901,
2.19001 0.578279,
2.19447 0.573554,
2.19812 0.569626,
2.20177 0.5657,
2.20593 0.559247,
2.20869 0.554468,
2.21175 0.549538,
2.21472 0.54435,
2.21723 0.53894,
2.21974 0.53353,
2.22299 0.528237,
2.22625 0.522944,
2.2292 0.517427,
2.23217 0.511908,
2.23363 0.506419,
2.23509 0.501186,
2.23625 0.496134,
2.23732 0.490908,
2.2384 0.485015,
2.23932 0.478901,
2.24003 0.47263,
2.2406 0.467154,
2.24137 0.461749,
2.24178 0.456709,
2.24198 0.451118,
2.24218 0.445457,
2.24221 0.438931,
2.24222 0.43286,
2.24229 0.426981,
2.24185 0.42104,
2.2409 0.415017,
2.23927 0.409105,
2.23745 0.403322,
2.23547 0.397921,
2.23348 0.392521,
2.23014 0.386835,
2.22661 0.381867,
2.22309 0.3769,
2.21931 0.372383,
2.21556 0.367865,
2.21143 0.364913,
2.2071 0.362228,
2.20278 0.359493,
2.19847 0.35662,
2.19391 0.353863,
2.18856 0.351355,
2.18297 0.349107,
2.17708 0.347195,
2.17129 0.34591,
2.1656 0.345123,
2.16036 0.344671,
2.15514 0.34429,
2.15011 0.344508,
2.14509 0.344677,
2.13958 0.345148,
2.13367 0.345912,
2.12851 0.346588,
2.12334 0.347263,
2.11806 0.348571,
2.11278 0.349794,
2.10753 0.351055,
2.1021 0.352283,
2.09656 0.353599,
2.0908 0.355132,
2.08469 0.356685,
2.07929 0.35836,
2.07409 0.360044,
2.06888 0.361728,
2.06355 0.363832,
2.05733 0.366629,
2.05225 0.369123,
2.0467 0.372418,
2.0408 0.375386,
2.0355 0.378251,
2.03068 0.380816,
2.02625 0.383484,
2.02197 0.386245,
2.01771 0.389005,
2.01367 0.392285,
2.00974 0.395653,
2.00592 0.399168,
2.00233 0.403115,
1.99873 0.407063,
1.99434 0.41349,
1.98994 0.419915,
1.98542 0.426162,
1.98248 0.431286,
1.98004 0.436343,
1.97761 0.441194,
1.97523 0.446042,
1.97315 0.451125,
1.97144 0.456013,
1.96974 0.460902,
1.96879 0.467859,
1.96769 0.47424,
1.96698 0.480686,
1.96652 0.487064,
1.96623 0.493419,
1.96593 0.499774,
1.96723 0.507409,
1.96948 0.514412,
1.97028 0.518092,
1.97254 0.523563,
1.97436 0.528426,
1.97631 0.533389,
1.97825 0.538112,
1.98032 0.543831,
1.98291 0.549956,
1.98507 0.554596,
1.98737 0.559084,
1.98963 0.563578,
1.99224 0.567996,
1.99521 0.572677,
1.99842 0.577669,
2.00129 0.583031,
2.00408 0.588452,
2.00772 0.593319,
2.01157 0.597919,
2.01556 0.602424,
2.01996 0.606285,
2.02437 0.610146,
2.02924 0.613065,
2.03412 0.615984,
2.03945 0.618188,
2.045 0.619877,
2.05057 0.621414,
2.0562 0.622533,
2.06186 0.623338,
2.06758 0.623744,
2.07335 0.624012,
2.07919 0.624199,
2.08508 0.624304,
2.09098 0.624407,
2.0972 0.623631,
2.10341 0.622857,
2.10997 0.621071,
2.1167 0.619592,
2.12352 0.617765,
2.12861 0.616076,
2.13554 0.613655,
2.14246 0.611233,
2.14763 0.608363,
"/>
<Contour name="InnerMembrane" hidden="false" closed="true" simplified="true" border="1 0 0" fill="1 0 0" mode="11"
points="2.03949 0.576068,
2.04785 0.580366,
2.05208 0.582485,
2.05653 0.58457,
2.06092 0.586061,
2.06494 0.587551,
2.06893 0.588931,
2.07314 0.589834,
2.07768 0.59069,
2.08249 0.591543,
2.08731 0.592396,
2.09279 0.592827,
2.09827 0.59317,
2.10259 0.593342,
2.10647 0.593385,
2.11055 0.593416,
2.11473 0.593465,
2.11983 0.59349,
2.12423 0.593391,
2.12861 0.593295,
2.1333 0.592289,
2.13772 0.590958,
2.14215 0.589626,
2.14617 0.587738,
2.15024 0.58597,
2.15468 0.583661,
2.15914 0.58135,
2.1625 0.578838,
2.16587 0.576326,
2.16961 0.573068,
2.1728 0.569703,
2.17585 0.566149,
2.17922 0.562546,
2.18233 0.558889,
2.18546 0.55523,
2.1883 0.551258,
2.19079 0.547462,
2.19312 0.54366,
2.19524 0.539783,
2.1975 0.535629,
2.20003 0.531427,
2.20255 0.527227,
2.20409 0.523301,
2.20552 0.519016,
2.20782 0.511814,
2.20919 0.50615,
2.21075 0.501115,
2.21206 0.497032,
2.21338 0.492946,
2.21411 0.488955,
2.21485 0.484961,
2.21516 0.479682,
2.21533 0.475183,
2.21539 0.470872,
2.21544 0.466167,
2.21546 0.462293,
2.21544 0.456766,
2.21505 0.451569,
2.21466 0.446372,
2.21382 0.441119,
2.21298 0.435868,
2.212 0.429139,
2.21108 0.425106,
2.20933 0.420043,
2.20755 0.415173,
2.20588 0.410751,
2.20419 0.406328,
2.20278 0.402223,
2.20026 0.398576,
2.1979 0.395319,
2.19498 0.391488,
2.19178 0.387627,
2.18853 0.383924,
2.18535 0.380924,
2.18217 0.377923,
2.17863 0.37537,
2.17508 0.372815,
2.17056 0.370715,
2.16592 0.369156,
2.16167 0.367885,
2.1569 0.366492,
2.15212 0.365098,
2.1493 0.364493,
2.14335 0.364456,
2.13754 0.364454,
2.13305 0.36436,
2.12913 0.364303,
2.12518 0.364308,
2.1208 0.364693,
2.11658 0.365289,
2.11235 0.365658,
2.10833 0.366204,
2.10432 0.36675,
2.10038 0.367439,
2.09644 0.368128,
2.09244 0.369467,
2.08733 0.372032,
2.08272 0.374191,
2.07786 0.376288,
2.07301 0.378386,
2.06886 0.380003,
2.06473 0.38162,
2.06114 0.383227,
2.05756 0.384834,
2.05364 0.386794,
2.04946 0.389316,
2.04541 0.39153,
2.04146 0.393697,
2.03763 0.396445,
2.03383 0.399194,
2.03052 0.402071,
2.02724 0.405011,
2.02394 0.40795,
2.02087 0.411827,
2.01766 0.41585,
2.01415 0.419901,
2.0109 0.424097,
2.00849 0.428361,
2.00608 0.432625,
2.00438 0.43686,
2.00267 0.441093,
2.00111 0.445316,
1.99949 0.449632,
1.99801 0.454055,
1.99654 0.458478,
1.99503 0.462864,
1.99349 0.467169,
1.99222 0.471183,
1.9914 0.475577,
1.99065 0.479984,
1.99006 0.484489,
1.98955 0.488996,
1.98963 0.493673,
1.98971 0.49835,
1.99119 0.505666,
1.99232 0.51005,
1.99344 0.514432,
1.99529 0.51847,
1.99742 0.522481,
1.99954 0.526494,
2.00228 0.530529,
2.00518 0.534563,
2.00808 0.538596,
2.00969 0.541023,
2.01272 0.546273,
2.01507 0.549738,
2.01763 0.553425,
2.02048 0.557269,
2.02361 0.561108,
2.02615 0.564272,
2.02884 0.567332,
2.03153 0.57039,
2.03442 0.573328,
"/>
<Contour name="CristaeMembrane" hidden="false" closed="true" simplified="true" border="1 0 0" fill="1 0 0" mode="11"
points="2.10866 0.520213,
2.10737 0.519554,
2.10609 0.518894,
2.10543 0.518598,
2.10456 0.51804,
2.10348 0.51795,
2.10241 0.51786,
2.10118 0.517863,
2.1 0.518161,
2.09887 0.518607,
2.09774 0.519053,
2.09671 0.519506,
2.09541 0.520024,
2.09412 0.520543,
2.09312 0.520895,
2.09216 0.521405,
2.09085 0.522278,
2.08954 0.52315,
2.08813 0.523829,
2.08718 0.524651,
2.08621 0.525205,
2.08524 0.525761,
2.08442 0.526468,
2.0836 0.527462,
2.0828 0.528587,
2.08178 0.529786,
2.08077 0.530984,
2.0799 0.532285,
2.07955 0.533754,
2.07934 0.535178,
2.07906 0.536508,
2.07878 0.537838,
2.07839 0.539291,
2.07836 0.540767,
2.07834 0.542087,
2.07832 0.543406,
2.07852 0.544573,
2.07891 0.545699,
2.07929 0.546824,
2.07963 0.547916,
2.08019 0.549036,
2.08121 0.551022,
2.0817 0.552055,
2.0825 0.553023,
2.08331 0.5539,
2.08413 0.554763,
2.08503 0.555694,
2.08608 0.556746,
2.08711 0.557797,
2.08852 0.559222,
2.08952 0.560047,
2.09054 0.560593,
2.09157 0.561137,
2.09313 0.562144,
2.09423 0.562843,
2.09531 0.56354,
2.09648 0.564406,
2.09817 0.565518,
2.09931 0.566251,
2.1004 0.566753,
2.1015 0.567256,
2.1023 0.568006,
2.10323 0.568616,
2.10448 0.569037,
2.10574 0.56946,
2.10689 0.569831,
2.10806 0.570202,
2.10955 0.570833,
2.11043 0.57103,
2.11168 0.571217,
2.11293 0.571402,
2.11409 0.571768,
2.11529 0.571852,
2.11645 0.571886,
2.11768 0.571911,
2.11904 0.57192,
2.12062 0.571927,
2.12196 0.57192,
2.12323 0.571927,
2.1246 0.57192,
2.12687 0.571784,
2.12775 0.571537,
2.12921 0.570776,
2.13067 0.570013,
2.13151 0.569711,
2.1323 0.569306,
2.13338 0.568565,
2.13448 0.567825,
2.13553 0.567128,
2.13705 0.565584,
2.13799 0.56466,
2.13894 0.563739,
2.13974 0.56282,
2.14053 0.5619,
2.14158 0.561187,
2.14263 0.560472,
2.14364 0.559809,
2.14455 0.558976,
2.14527 0.557856,
2.14597 0.556734,
2.14683 0.55547,
2.14774 0.554343,
2.14974 0.553224,
2.15155 0.552086,
2.15284 0.551535,
2.15404 0.551063,
2.15524 0.550824,
2.15644 0.550582,
2.15772 0.550336,
2.15898 0.549764,
2.16016 0.549177,
2.16139 0.548623,
2.16262 0.548067,
2.16401 0.547698,
2.16526 0.547516,
2.16649 0.547334,
2.1676 0.547237,
2.1687 0.546958,
2.16975 0.546496,
2.17157 0.545157,
2.1727 0.544341,
2.17387 0.54338,
2.175 0.542361,
2.17612 0.541303,
2.17723 0.540244,
2.17799 0.538996,
2.17874 0.537746,
2.1794 0.536511,
2.18 0.535319,
2.18059 0.534125,
2.18112 0.533066,
2.18148 0.531839,
2.18153 0.530506,
2.18156 0.529217,
2.18158 0.527941,
2.18172 0.526084,
2.18202 0.524346,
2.18233 0.522609,
2.18236 0.521394,
2.18238 0.519705,
2.1824 0.518197,
2.1824 0.516692,
2.18266 0.515242,
2.18291 0.513794,
2.18307 0.51208,
2.18315 0.51067,
2.18318 0.509387,
2.18323 0.508013,
2.1833 0.506639,
2.18364 0.505824,
2.18432 0.503731,
2.18469 0.50257,
2.18479 0.501297,
2.18482 0.500029,
2.18484 0.498627,
2.18486 0.497397,
2.18486 0.496202,
2.18486 0.494896,
2.18487 0.493396,
2.18487 0.492089,
2.18486 0.490781,
2.18468 0.48953,
2.18435 0.488367,
2.18402 0.487205,
2.18373 0.485796,
2.18323 0.483871,
2.18314 0.482637,
2.18266 0.481127,
2.1822 0.479616,
2.18166 0.478206,
2.18074 0.476817,
2.18015 0.475461,
2.17956 0.474103,
2.17902 0.47295,
2.17822 0.471828,
2.17728 0.470975,
2.17644 0.469808,
2.17562 0.46864,
2.17508 0.4679,
2.17446 0.467236,
2.17318 0.466291,
2.17182 0.465811,
2.17047 0.465332,
2.16924 0.464835,
2.16782 0.464569,
2.16649 0.464566,
2.16514 0.464556,
2.16375 0.464574,
2.16237 0.464592,
2.16134 0.464791,
2.16011 0.465115,
2.15888 0.465439,
2.15722 0.465894,
2.15627 0.466372,
2.15537 0.467152,
2.15437 0.467882,
2.15339 0.468612,
2.1523 0.469312,
2.15134 0.470262,
2.15029 0.471279,
2.14947 0.4721,
2.14801 0.473571,
2.1464 0.475192,
2.14571 0.475849,
2.14512 0.476595,
2.14445 0.477619,
2.14379 0.478641,
2.14307 0.479752,
2.14223 0.480786,
2.14115 0.481722,
2.14007 0.482659,
2.13877 0.483598,
2.13807 0.484359,
2.13708 0.485368,
2.13612 0.486378,
2.13503 0.487272,
2.13397 0.488166,
2.13248 0.488917,
2.13093 0.489558,
2.12939 0.490199,
2.12849 0.490506,
2.12677 0.491364,
2.12582 0.49187,
2.12416 0.49262,
2.12249 0.493369,
2.12109 0.493794,
2.11975 0.494401,
2.1184 0.495008,
2.11685 0.495498,
2.11529 0.495988,
2.11394 0.496841,
2.11262 0.497566,
2.11129 0.498293,
2.11014 0.499275,
2.10911 0.500346,
2.10807 0.501415,
2.10745 0.502694,
2.10724 0.504046,
2.10768 0.50512,
2.10835 0.50592,
2.10907 0.507683,
2.10935 0.508413,
2.10971 0.5091,
2.11019 0.509755,
2.11139 0.51099,
2.11211 0.511596,
2.11294 0.512108,
2.11389 0.512484,
2.11491 0.512595,
2.11591 0.512659,
2.11826 0.512726,
2.12054 0.513266,
2.12177 0.513486,
2.12298 0.513704,
2.12419 0.513709,
2.12549 0.5137,
2.12693 0.513699,
2.12839 0.513697,
2.12962 0.513495,
2.13103 0.513187,
2.13218 0.513038,
2.13333 0.512887,
2.1351 0.512869,
2.13644 0.512861,
2.13779 0.512851,
2.13958 0.512867,
2.1401 0.514312,
2.14036 0.515769,
2.1405 0.517051,
2.14056 0.518253,
2.14061 0.520187,
2.14063 0.521896,
2.14061 0.523352,
2.14059 0.524807,
2.14053 0.526333,
2.14045 0.527859,
2.14031 0.529441,
2.14005 0.530953,
2.13968 0.532342,
2.139 0.53333,
2.138 0.53431,
2.13692 0.535032,
2.13571 0.535537,
2.13439 0.535973,
2.13308 0.53641,
2.13162 0.536518,
2.13051 0.536218,
2.12939 0.535919,
2.12838 0.535196,
2.12738 0.534474,
2.12641 0.533589,
2.12557 0.532954,
2.12473 0.532319,
2.12408 0.531845,
2.12329 0.531057,
2.12247 0.53023,
2.1216 0.529366,
2.1206 0.528551,
2.1196 0.527737,
2.11842 0.526988,
2.11742 0.526155,
2.11642 0.525322,
2.11532 0.524557,
2.11422 0.523793,
2.11299 0.523132,
2.11224 0.52244,
2.11153 0.521748,
2.11009 0.52098,
"/>
</Transform>

</Section>
