<?xml version="1.0"?>
<!DOCTYPE Section SYSTEM "section.dtd">

<Section index="601" thickness="0.00164" alignLocked="true">
<Transform dim="0"
 xcoef=" 0 1 0 0 0 0"
 ycoef=" 0 0 1 0 0 0">
<Contour name="OuterMembrane" hidden="false" closed="true" simplified="true" border="1 0 0" fill="1 0 0" mode="11"
points="2.03414 0.579358,
2.03399 0.579322,
2.04075 0.582284,
2.04452 0.58438,
2.04856 0.586495,
2.05294 0.588735,
2.05759 0.590618,
2.0623 0.592402,
2.06679 0.59409,
2.07124 0.595405,
2.07575 0.596484,
2.08039 0.597503,
2.08521 0.598249,
2.09005 0.598994,
2.0941 0.599368,
2.09928 0.599509,
2.10366 0.599594,
2.10794 0.599599,
2.11224 0.599614,
2.11655 0.599679,
2.12393 0.599681,
2.12711 0.599215,
2.13088 0.597967,
2.13466 0.596717,
2.1383 0.595072,
2.14191 0.593352,
2.14578 0.591263,
2.14988 0.589029,
2.15386 0.585933,
2.15786 0.582838,
2.1609 0.579733,
2.1639 0.576563,
2.16646 0.573016,
2.16911 0.568968,
2.17164 0.564788,
2.17402 0.560691,
2.17639 0.556596,
2.17869 0.552426,
2.18048 0.548324,
2.18227 0.544224,
2.18422 0.539978,
2.18587 0.535494,
2.18735 0.531332,
2.18897 0.52655,
2.1906 0.521768,
2.1915 0.518942,
2.19255 0.514255,
2.19358 0.510327,
2.1948 0.505541,
2.19583 0.501707,
2.19688 0.497874,
2.19778 0.493578,
2.19873 0.489561,
2.20026 0.485053,
2.20277 0.480661,
2.20593 0.47653,
2.20954 0.473394,
2.21372 0.470368,
2.21782 0.466933,
2.22192 0.463497,
2.22527 0.459249,
2.22825 0.45479,
2.23122 0.450329,
2.23284 0.44578,
2.23381 0.441363,
2.23427 0.437049,
2.23445 0.432429,
2.23463 0.427681,
2.23483 0.422931,
2.23424 0.418917,
2.23279 0.411507,
2.23117 0.405844,
2.22955 0.400181,
2.22884 0.397313,
2.22682 0.392936,
2.22481 0.388559,
2.22223 0.385016,
2.21946 0.380998,
2.21628 0.376959,
2.21379 0.373521,
2.21128 0.370086,
2.20788 0.366783,
2.20449 0.363893,
2.20109 0.361003,
2.19758 0.358566,
2.19242 0.355818,
2.18765 0.35329,
2.18286 0.350762,
2.1772 0.34797,
2.17372 0.346224,
2.17024 0.344475,
2.16628 0.343101,
2.16231 0.341727,
2.15629 0.341072,
2.15037 0.340197,
2.14625 0.339811,
2.14161 0.339551,
2.13699 0.339352,
2.13234 0.339155,
2.1282 0.339616,
2.12403 0.340079,
2.12057 0.340679,
2.11668 0.34196,
2.11263 0.343398,
2.10876 0.345041,
2.10519 0.346804,
2.10161 0.348567,
2.09622 0.351035,
2.09344 0.35252,
2.09033 0.355257,
2.08741 0.35836,
2.08449 0.361463,
2.0819 0.365738,
2.08021 0.370253,
2.07801 0.379435,
2.0769 0.384088,
2.07483 0.38845,
2.07198 0.392234,
2.06832 0.395429,
2.06096 0.401172,
2.05795 0.404298,
2.05495 0.407753,
2.05153 0.411233,
2.04767 0.414521,
2.04396 0.417262,
2.04044 0.419486,
2.03596 0.421411,
2.03139 0.423018,
2.02717 0.42473,
2.02302 0.426277,
2.01886 0.427591,
2.01454 0.429029,
2.01021 0.430469,
2.00565 0.431987,
2.00098 0.433798,
1.99619 0.435833,
1.99142 0.437869,
1.98755 0.44047,
1.98442 0.443597,
1.9813 0.446725,
1.97835 0.451938,
1.97617 0.45635,
1.97425 0.460373,
1.97235 0.464397,
1.97126 0.468479,
1.97077 0.474004,
1.97051 0.479434,
1.97031 0.484912,
1.97023 0.489233,
1.97013 0.496915,
1.97038 0.500277,
1.9721 0.506252,
1.97418 0.51169,
1.97543 0.51741,
1.9763 0.523486,
1.97794 0.527882,
1.97956 0.532277,
1.98151 0.536539,
1.98422 0.539786,
1.98878 0.545694,
1.99301 0.549884,
1.99681 0.5537,
1.99978 0.556696,
2.00406 0.56057,
2.00833 0.564442,
2.01236 0.567161,
2.0164 0.56988,
2.02063 0.572637,
2.02573 0.575163,
"/>
<Contour name="InnerMembrane" hidden="false" closed="true" simplified="true" border="1 0 0" fill="1 0 0" mode="11"
points="2.02627 0.52688,
2.02615 0.526839,
2.03212 0.533267,
2.03388 0.534848,
2.03709 0.537251,
2.04029 0.539653,
2.04364 0.541735,
2.04682 0.543516,
2.04998 0.545298,
2.05282 0.546728,
2.05541 0.548011,
2.05807 0.549143,
2.06077 0.550395,
2.06351 0.551721,
2.06638 0.553306,
2.06919 0.554819,
2.07199 0.556262,
2.07478 0.557705,
2.07795 0.559087,
2.08103 0.560316,
2.08411 0.561544,
2.08731 0.562499,
2.09077 0.563612,
2.09415 0.564503,
2.09751 0.565393,
2.10087 0.566512,
2.10463 0.567217,
2.10774 0.567568,
2.11066 0.567729,
2.11363 0.56783,
2.11691 0.567861,
2.1208 0.567896,
2.12414 0.567912,
2.12739 0.567868,
2.13062 0.567824,
2.13359 0.567214,
2.13744 0.565611,
2.14056 0.563824,
2.14368 0.562038,
2.1463 0.560398,
2.14907 0.557754,
2.15088 0.55453,
2.15284 0.551499,
2.15483 0.54847,
2.15594 0.546651,
2.15772 0.543101,
2.15916 0.53978,
2.1606 0.536459,
2.1617 0.533464,
2.16298 0.530524,
2.16426 0.527583,
2.16529 0.524347,
2.16633 0.521071,
2.16721 0.51795,
2.16824 0.514717,
2.16926 0.511593,
2.17028 0.508467,
2.17172 0.50542,
2.1731 0.50237,
2.17448 0.499319,
2.17653 0.495826,
2.17825 0.49272,
2.17995 0.489615,
2.18099 0.486988,
2.18186 0.484277,
2.18297 0.48143,
2.18412 0.478531,
2.18527 0.475631,
2.18617 0.472861,
2.18797 0.467849,
2.18909 0.465148,
2.1894 0.462186,
2.1897 0.459226,
2.19052 0.455984,
2.19134 0.452742,
2.19143 0.449053,
2.19148 0.445601,
2.1915 0.441895,
2.19152 0.438848,
2.19147 0.434467,
2.1915 0.430421,
2.19152 0.427213,
2.19153 0.424007,
2.19135 0.421498,
2.19035 0.418571,
2.18937 0.415643,
2.18825 0.412573,
2.18628 0.409492,
2.18433 0.406412,
2.1815 0.40233,
2.17997 0.399891,
2.17728 0.396619,
2.17448 0.393274,
2.17192 0.390248,
2.16936 0.387222,
2.16678 0.384345,
2.16447 0.381848,
2.16214 0.37935,
2.15981 0.377362,
2.1564 0.375225,
2.15293 0.37318,
2.14945 0.371135,
2.14635 0.36994,
2.14325 0.369643,
2.14027 0.369276,
2.1373 0.368908,
2.13384 0.368708,
2.13102 0.36861,
2.12728 0.368575,
2.12355 0.368542,
2.1208 0.369189,
2.11778 0.369925,
2.11475 0.37066,
2.11209 0.371772,
2.10943 0.372882,
2.10738 0.374143,
2.10437 0.37658,
2.10133 0.379017,
2.09853 0.381436,
2.09572 0.383857,
2.09312 0.386056,
2.09049 0.388255,
2.08861 0.390805,
2.08674 0.393592,
2.08477 0.396419,
2.08265 0.398966,
2.08054 0.401707,
2.07844 0.404449,
2.07683 0.406979,
2.07439 0.410421,
2.07221 0.413598,
2.07048 0.416114,
2.06878 0.41863,
2.06612 0.421875,
2.06346 0.425121,
2.06202 0.426782,
2.05936 0.429747,
2.05674 0.432129,
2.05405 0.434251,
2.05136 0.436373,
2.04828 0.438147,
2.04424 0.440556,
2.04173 0.442962,
2.03914 0.445447,
2.03686 0.447679,
2.03439 0.449878,
2.03191 0.451928,
2.02948 0.453745,
2.02693 0.455548,
2.02437 0.45735,
2.02176 0.459461,
2.02028 0.461102,
2.01904 0.462931,
2.01653 0.467915,
2.01569 0.470829,
2.01485 0.473744,
2.01397 0.477189,
2.0134 0.480804,
2.01312 0.484574,
2.01294 0.487997,
2.01277 0.491231,
2.01269 0.494048,
2.01271 0.496871,
2.01272 0.499693,
2.01338 0.502791,
2.01435 0.50665,
2.01533 0.510511,
2.0173 0.516088,
2.01823 0.51868,
2.01956 0.521085,
2.02125 0.523206,
2.02281 0.524674,
2.02453 0.525933,
"/>
<Contour name="CristaeMembrane" hidden="false" closed="true" simplified="true" border="1 0 0" fill="1 0 0" mode="11"
points="2.08811 0.473009,
2.08421 0.491879,
2.08421 0.490508,
2.08346 0.491264,
2.0827 0.49202,
2.08264 0.493196,
2.08262 0.494435,
2.08259 0.495628,
2.08257 0.496818,
2.08267 0.498004,
2.08288 0.498844,
2.08314 0.499941,
2.08339 0.501038,
2.08355 0.50238,
2.08395 0.503559,
2.08434 0.50474,
2.0847 0.505871,
2.08541 0.507075,
2.08598 0.507731,
2.08715 0.509092,
2.08767 0.510074,
2.08843 0.510901,
2.08936 0.512597,
2.09002 0.513551,
2.09066 0.514506,
2.0911 0.51519,
2.09221 0.516357,
2.09326 0.517443,
2.09433 0.518529,
2.09508 0.519112,
2.09608 0.519641,
2.09718 0.520247,
2.0983 0.520853,
2.0994 0.521891,
2.09992 0.522484,
2.10053 0.523003,
2.10145 0.523565,
2.10238 0.524129,
2.10299 0.524649,
2.10378 0.525148,
2.10527 0.526146,
2.10594 0.526847,
2.10697 0.527567,
2.10809 0.528121,
2.10912 0.528638,
2.11016 0.529154,
2.1112 0.529627,
2.11225 0.529968,
2.1133 0.530307,
2.11437 0.530642,
2.11552 0.530702,
2.11653 0.530725,
2.11754 0.530742,
2.1186 0.530756,
2.1198 0.530758,
2.121 0.53076,
2.1218 0.530752,
2.12321 0.530469,
2.12395 0.530171,
2.12464 0.529777,
2.12559 0.529118,
2.12656 0.528459,
2.12749 0.527855,
2.12811 0.527286,
2.1287 0.526565,
2.12918 0.525658,
2.12964 0.524752,
2.12998 0.523624,
2.13033 0.522494,
2.1309 0.521472,
2.13129 0.520197,
2.13136 0.518834,
2.13138 0.517673,
2.13134 0.516595,
2.13131 0.515518,
2.13103 0.514507,
2.13051 0.513423,
2.1301 0.512467,
2.12969 0.511509,
2.12943 0.510517,
2.12898 0.50954,
2.12828 0.508708,
2.12759 0.507877,
2.12664 0.506922,
2.12575 0.50603,
2.12483 0.505105,
2.12391 0.50418,
2.12329 0.503628,
2.12254 0.503147,
2.12159 0.502668,
2.12054 0.502153,
2.11949 0.501638,
2.11881 0.501291,
2.11724 0.500781,
2.11653 0.500213,
2.11485 0.499359,
2.11421 0.497737,
2.11532 0.496584,
2.11596 0.495962,
2.11652 0.495229,
2.11706 0.494376,
2.11778 0.493473,
2.1186 0.492567,
2.11945 0.491677,
2.12032 0.490791,
2.12124 0.489886,
2.12214 0.488981,
2.12303 0.488264,
2.12391 0.487549,
2.12488 0.486968,
2.12564 0.486299,
2.12621 0.485609,
2.12708 0.48431,
2.12803 0.483095,
2.12877 0.482181,
2.12936 0.48105,
2.12954 0.479866,
2.12974 0.478682,
2.13028 0.477509,
2.13049 0.476707,
2.13054 0.475162,
2.13056 0.473714,
2.13057 0.472586,
2.13057 0.471026,
2.13059 0.469644,
2.13056 0.468473,
2.13054 0.467302,
2.13059 0.466491,
2.13052 0.465683,
2.13029 0.464748,
2.12993 0.463859,
2.12944 0.463057,
2.12882 0.46215,
2.12821 0.461243,
2.12738 0.460236,
2.12665 0.459451,
2.12593 0.458664,
2.12534 0.458054,
2.12455 0.457448,
2.1236 0.456956,
2.12242 0.456568,
2.12124 0.456179,
2.12001 0.455797,
2.11865 0.455745,
2.11739 0.455728,
2.11612 0.45571,
2.11486 0.45569,
2.11407 0.455733,
2.1133 0.455877,
2.11243 0.456169,
2.11061 0.456761,
2.10947 0.457068,
2.10832 0.457375,
2.10689 0.457729,
2.1056 0.458421,
2.10402 0.459228,
2.10294 0.45973,
2.10187 0.460232,
2.10041 0.460742,
2.09936 0.46107,
2.09828 0.46166,
2.09746 0.462405,
2.09664 0.463149,
2.09577 0.464241,
2.09507 0.465135,
2.09435 0.466029,
2.09341 0.466542,
2.09266 0.467229,
2.09189 0.467915,
2.09057 0.469256,
2.09 0.470047,
2.08938 0.470982,
2.08877 0.471915,
"/>
</Transform>

</Section>
