<?xml version="1.0"?>
<!DOCTYPE Section SYSTEM "section.dtd">

<Section index="697" thickness="0.00164" alignLocked="true">
<Transform dim="0"
 xcoef=" 0 1 0 0 0 0"
 ycoef=" 0 0 1 0 0 0">
<Contour name="OuterMembrane" hidden="false" closed="true" simplified="true" border="1 0 0" fill="1 0 0" mode="11"
points="2.10871 0.482837,
2.10788 0.475757,
2.10676 0.472227,
2.10279 0.465373,
2.09894 0.458464,
2.09444 0.453596,
2.08977 0.44874,
2.0851 0.443886,
2.07988 0.440335,
2.07467 0.436783,
2.06966 0.434962,
2.0636 0.4338,
2.05805 0.432912,
2.05249 0.432025,
2.04369 0.431712,
2.03834 0.432571,
2.03314 0.435428,
2.02812 0.438887,
2.0231 0.442346,
2.01856 0.446849,
2.01572 0.451758,
2.01344 0.456497,
2.01116 0.461237,
2.00985 0.466805,
2.00902 0.472664,
2.00816 0.478524,
2.0077 0.484502,
2.00802 0.488174,
2.00951 0.493269,
2.01164 0.49915,
2.01448 0.504999,
2.01731 0.510847,
2.02051 0.515209,
2.02473 0.518589,
2.02925 0.521525,
2.03376 0.524462,
2.03855 0.52705,
2.0436 0.529297,
2.04867 0.531544,
2.05428 0.532401,
2.05991 0.533259,
2.06571 0.533372,
2.07153 0.533485,
2.0774 0.531588,
2.08295 0.529422,
2.08849 0.527253,
2.09336 0.524101,
2.09633 0.521374,
2.09907 0.518027,
2.10235 0.511814,
2.10563 0.505604,
2.10689 0.500298,
2.10766 0.494537,
2.10819 0.488687,
"/>
</Transform>

</Section>
