<?xml version="1.0"?>
<!DOCTYPE Section SYSTEM "section.dtd">

<Section index="588" thickness="0.00164" alignLocked="true">
<Transform dim="0"
 xcoef=" 0 1 0 0 0 0"
 ycoef=" 0 0 1 0 0 0">
<Contour name="OuterMembrane" hidden="false" closed="true" simplified="true" border="1 0 0" fill="1 0 0" mode="11"
points="2.01307 0.551762,
2.01248 0.551609,
2.01997 0.554992,
2.02425 0.556626,
2.02948 0.558195,
2.03813 0.561631,
2.04355 0.563368,
2.049 0.565105,
2.05592 0.567757,
2.06284 0.570408,
2.06843 0.571507,
2.07404 0.572606,
2.08065 0.572857,
2.08726 0.573108,
2.09485 0.572531,
2.10245 0.572032,
2.10812 0.571481,
2.11286 0.569703,
2.11819 0.566773,
2.12375 0.563299,
2.12972 0.559988,
2.13477 0.556755,
2.13968 0.553648,
2.14451 0.550527,
2.14922 0.546978,
2.15393 0.543427,
2.1574 0.538888,
2.16059 0.534319,
2.16352 0.529646,
2.16596 0.524808,
2.16801 0.519647,
2.17006 0.514488,
2.17161 0.508676,
2.173 0.503313,
2.17471 0.497128,
2.17628 0.49065,
2.17746 0.484156,
2.17844 0.477512,
2.1791 0.470805,
2.18022 0.464441,
2.18102 0.458085,
2.18182 0.451727,
2.1813 0.445752,
2.18077 0.439777,
2.17974 0.434182,
2.17769 0.428996,
2.17559 0.42385,
2.17351 0.418705,
2.16908 0.414713,
2.16506 0.410592,
2.16106 0.406471,
2.15683 0.402653,
2.15261 0.398835,
2.14906 0.396362,
2.14519 0.39444,
2.13584 0.392708,
2.13072 0.392288,
2.12447 0.392101,
2.11824 0.391914,
2.11161 0.39156,
2.10499 0.391206,
2.09953 0.392629,
2.09407 0.394054,
2.08851 0.395865,
2.08305 0.399025,
2.07857 0.403299,
2.07409 0.407573,
2.07058 0.411591,
2.06702 0.415953,
2.06251 0.420186,
2.0573 0.424225,
2.05251 0.427168,
2.04774 0.429803,
2.04272 0.431989,
2.03768 0.434174,
2.03234 0.436957,
2.02697 0.439738,
2.02255 0.442234,
2.01799 0.446037,
2.01341 0.449841,
2.00638 0.455518,
2.00388 0.45837,
1.99944 0.465014,
1.99683 0.470783,
1.99445 0.476896,
1.99206 0.483008,
1.99098 0.488754,
1.99019 0.495205,
1.98966 0.501784,
1.98939 0.508628,
1.98935 0.513878,
1.98989 0.519295,
1.99044 0.52471,
1.99298 0.531503,
1.99552 0.538297,
2.00316 0.545971,
2.00787 0.549413,
"/>
</Transform>

</Section>
