<?xml version="1.0"?>
<!DOCTYPE Section SYSTEM "section.dtd">

<Section index="594" thickness="0.00164" alignLocked="true">
<Transform dim="0"
 xcoef=" 0 1 0 0 0 0"
 ycoef=" 0 0 1 0 0 0">
<Contour name="OuterMembrane" hidden="false" closed="true" simplified="true" border="1 0 0" fill="1 0 0" mode="11"
points="2.01507 0.554866,
2.01543 0.555042,
2.01999 0.556099,
2.02443 0.556832,
2.02889 0.557567,
2.03367 0.558892,
2.03808 0.560573,
2.04252 0.562117,
2.04692 0.56398,
2.05097 0.565834,
2.05462 0.567799,
2.05822 0.569974,
2.06222 0.572244,
2.06647 0.57429,
2.07071 0.576339,
2.0754 0.57756,
2.08 0.578474,
2.08452 0.579471,
2.08895 0.580219,
2.09338 0.580942,
2.09805 0.581496,
2.10286 0.581915,
2.10768 0.582333,
2.11393 0.581383,
2.11924 0.580137,
2.12388 0.578649,
2.12798 0.576996,
2.13166 0.574973,
2.13533 0.572947,
2.13864 0.570758,
2.14202 0.568068,
2.1454 0.56538,
2.14838 0.562082,
2.15348 0.556695,
2.15598 0.552751,
2.1586 0.548655,
2.16073 0.544424,
2.16295 0.540132,
2.16514 0.535839,
2.16696 0.531613,
2.1686 0.527321,
2.17002 0.523016,
2.17134 0.518443,
2.17267 0.513869,
2.17326 0.508951,
2.17385 0.504031,
2.17457 0.501163,
2.17471 0.495275,
2.1752 0.490699,
2.17595 0.485622,
2.17661 0.481617,
2.17699 0.477681,
2.17777 0.473755,
2.1783 0.469527,
2.17908 0.464578,
2.17969 0.460007,
2.18012 0.455587,
2.18036 0.451431,
2.18051 0.447454,
2.18061 0.443502,
2.18063 0.43596,
2.17923 0.430675,
2.17785 0.425391,
2.17633 0.421016,
2.17482 0.416642,
2.17274 0.41236,
2.171 0.40818,
2.16942 0.404081,
2.16795 0.399937,
2.16618 0.395875,
2.16434 0.39184,
2.16227 0.388014,
2.16016 0.384273,
2.15806 0.380534,
2.15555 0.377184,
2.15289 0.373956,
2.15024 0.370727,
2.14694 0.368577,
2.14366 0.366425,
2.13886 0.364547,
2.13357 0.363763,
2.1292 0.363795,
2.12501 0.363786,
2.12086 0.363821,
2.1167 0.363854,
2.11214 0.365194,
2.10743 0.366934,
2.10319 0.368825,
2.09894 0.370714,
2.09392 0.373902,
2.08947 0.377684,
2.08619 0.380592,
2.08308 0.383663,
2.08041 0.386828,
2.07795 0.390087,
2.07549 0.393344,
2.07299 0.396885,
2.07052 0.400426,
2.06878 0.403962,
2.06678 0.407998,
2.06491 0.411855,
2.06296 0.415722,
2.06033 0.420165,
2.05787 0.424458,
2.05558 0.428445,
2.05274 0.432066,
2.04875 0.43451,
2.04416 0.436071,
2.0399 0.437637,
2.03563 0.439205,
2.03198 0.440811,
2.0286 0.442774,
2.02522 0.444735,
2.02178 0.446759,
2.01836 0.44862,
2.01502 0.45088,
2.01162 0.453281,
2.00825 0.455684,
2.00474 0.458396,
2.00146 0.461268,
1.99819 0.46414,
1.99568 0.467139,
1.99285 0.471692,
1.9906 0.475713,
1.98893 0.479667,
1.98727 0.48362,
1.98642 0.487918,
1.98555 0.492638,
1.98494 0.497102,
1.98453 0.501222,
1.98437 0.505276,
1.98427 0.509492,
1.98419 0.513802,
1.98412 0.518112,
1.98502 0.523162,
1.98714 0.529038,
1.98891 0.532142,
1.99332 0.537912,
1.99652 0.540467,
1.99965 0.543475,
2.00287 0.546637,
2.00606 0.549799,
2.00859 0.551691,
2.01451 0.554709,
"/>
<Contour name="InnerMembrane" hidden="false" closed="true" simplified="true" border="1 0 0" fill="1 0 0" mode="11"
points="2.0583 0.438451,
2.05495 0.439586,
2.05069 0.441429,
2.04702 0.443072,
2.04344 0.444766,
2.03986 0.446459,
2.03713 0.448153,
2.03347 0.450639,
2.03024 0.452796,
2.02725 0.454964,
2.02425 0.457016,
2.0212 0.459046,
2.01813 0.461353,
2.01508 0.463662,
2.0102 0.467434,
2.00797 0.470144,
2.00574 0.472855,
2.00383 0.476202,
2.00233 0.479851,
2.0008 0.483498,
1.99955 0.487129,
1.99868 0.490793,
1.99823 0.494337,
1.9979 0.497822,
1.99773 0.501302,
1.99765 0.504797,
1.99759 0.508292,
1.99855 0.511652,
1.99954 0.515011,
2.00108 0.518194,
2.00301 0.520828,
2.00539 0.523112,
2.00846 0.524874,
2.01153 0.526635,
2.01505 0.527949,
2.01838 0.529141,
2.02171 0.530332,
2.0251 0.530801,
2.02899 0.531276,
2.03306 0.531727,
2.03681 0.532519,
2.04029 0.533522,
2.04344 0.534752,
2.04659 0.535983,
2.04959 0.537151,
2.05364 0.538863,
2.05748 0.540477,
2.06135 0.542056,
2.06538 0.543691,
2.06938 0.545102,
2.07307 0.546653,
2.07632 0.548032,
2.07957 0.549411,
2.08262 0.550828,
2.08608 0.552477,
2.08977 0.553884,
2.09343 0.555219,
2.09736 0.556231,
2.10109 0.556759,
2.10492 0.55708,
2.10876 0.557339,
2.11265 0.556972,
2.11652 0.556606,
2.11959 0.555921,
2.12247 0.554577,
2.12537 0.553233,
2.12869 0.550284,
2.13202 0.547334,
2.13494 0.543603,
2.13785 0.539872,
2.14017 0.537118,
2.14164 0.533543,
2.1433 0.529927,
2.14487 0.526481,
2.14612 0.52316,
2.14751 0.51948,
2.14912 0.515873,
2.15068 0.512161,
2.15201 0.508774,
2.15334 0.505387,
2.15463 0.502357,
2.15594 0.499328,
2.15703 0.495865,
2.15885 0.489893,
2.15965 0.485494,
2.1604 0.481766,
2.16118 0.478037,
2.16165 0.474549,
2.16226 0.470949,
2.16264 0.467156,
2.16285 0.463316,
2.16298 0.459385,
2.16303 0.455335,
2.16324 0.451666,
2.16347 0.447997,
2.16365 0.443285,
2.16378 0.438867,
2.16388 0.434447,
2.16398 0.430026,
2.16332 0.426464,
2.16241 0.422738,
2.16154 0.418999,
2.16065 0.415258,
2.15975 0.411658,
2.15886 0.40806,
2.15791 0.40435,
2.15622 0.400409,
2.15452 0.396467,
2.15206 0.392359,
2.15078 0.39023,
2.14728 0.386328,
2.14443 0.384301,
2.14105 0.382309,
2.13767 0.380318,
2.13395 0.379711,
2.13038 0.379394,
2.12678 0.379119,
2.12319 0.378842,
2.11991 0.379091,
2.11672 0.379913,
2.11375 0.381338,
2.11071 0.382674,
2.1077 0.384009,
2.10445 0.385518,
2.10177 0.387691,
2.09892 0.390081,
2.09605 0.39247,
2.0931 0.395247,
2.0911 0.398149,
2.08872 0.401323,
2.08634 0.404496,
2.08424 0.40736,
2.08113 0.410941,
2.07793 0.414466,
2.07601 0.41735,
2.07411 0.420234,
2.07262 0.423348,
2.07112 0.426462,
2.06998 0.429867,
2.06884 0.433272,
2.06514 0.437913,
2.06173 0.438182,
"/>
</Transform>

</Section>
