<?xml version="1.0"?>
<!DOCTYPE Section SYSTEM "section.dtd">

<Section index="581" thickness="0.00164" alignLocked="true">
<Transform dim="0"
 xcoef=" 0 1 0 0 0 0"
 ycoef=" 0 0 1 0 0 0">
<Contour name="OuterMembrane" hidden="false" closed="true" simplified="true" border="1 0 0" fill="1 0 0" mode="11"
points="2.16842 0.487106,
2.17095 0.480984,
2.17348 0.474862,
2.17482 0.469622,
2.17617 0.464384,
2.17721 0.460076,
2.17738 0.453731,
2.17748 0.44764,
2.17759 0.441549,
2.17725 0.436712,
2.17577 0.431733,
2.17244 0.422877,
2.1701 0.41891,
2.1649 0.41347,
2.1597 0.408029,
2.1547 0.404934,
2.1497 0.401838,
2.14399 0.398768,
2.13723 0.396955,
2.13006 0.394841,
2.12218 0.394807,
2.11819 0.394477,
2.11421 0.394694,
2.10865 0.396893,
2.1031 0.399091,
2.09754 0.400372,
2.09231 0.403378,
2.08757 0.406489,
2.08283 0.4096,
2.07829 0.412427,
2.07493 0.416209,
2.07155 0.419989,
2.06827 0.425088,
2.06497 0.430187,
2.06212 0.435345,
2.05977 0.440309,
2.05743 0.445335,
2.05507 0.450362,
2.05239 0.455535,
2.05107 0.461473,
2.05 0.467049,
2.04893 0.472546,
2.04787 0.478045,
2.04706 0.483536,
2.04628 0.489025,
2.04521 0.493524,
2.04505 0.499231,
2.04497 0.511359,
2.04552 0.515135,
2.04626 0.517689,
2.04838 0.522824,
2.05307 0.532818,
2.057 0.536951,
2.06096 0.541082,
2.06629 0.543273,
2.07162 0.545462,
2.07752 0.545972,
2.08349 0.54642,
2.0898 0.54655,
2.09612 0.546678,
2.10528 0.543803,
2.11016 0.541441,
2.11485 0.539184,
2.11955 0.536928,
2.1248 0.534274,
2.13344 0.529917,
2.13928 0.525769,
2.14422 0.521763,
2.14863 0.517825,
2.15302 0.513887,
2.15588 0.509664,
2.15873 0.505492,
2.16155 0.500918,
2.16431 0.495726,
"/>
</Transform>

</Section>
