<?xml version="1.0"?>
<!DOCTYPE Section SYSTEM "section.dtd">

<Section index="640" thickness="0.00164" alignLocked="true">
<Transform dim="0"
 xcoef=" 0 1 0 0 0 0"
 ycoef=" 0 0 1 0 0 0">
<Contour name="OuterMembrane" hidden="false" closed="true" simplified="true" border="1 0 0" fill="1 0 0" mode="11"
points="2.05274 0.630578,
2.06286 0.631949,
2.06902 0.633165,
2.07519 0.634378,
2.08182 0.63445,
2.08843 0.63449,
2.09507 0.634568,
2.10173 0.634647,
2.10756 0.633224,
2.11339 0.631799,
2.11886 0.62988,
2.12434 0.627961,
2.1298 0.62596,
2.13649 0.623467,
2.14227 0.621383,
2.14815 0.618633,
2.15404 0.615881,
2.16034 0.612976,
2.16662 0.609427,
2.17233 0.605809,
2.1772 0.602172,
2.18205 0.598536,
2.18776 0.592404,
2.19199 0.588294,
2.19621 0.584204,
2.20019 0.580337,
2.20418 0.576468,
2.20988 0.568539,
2.21328 0.561229,
2.21669 0.554117,
2.21948 0.547311,
2.22177 0.540578,
2.2244 0.534278,
2.22681 0.52809,
2.22884 0.521878,
2.23094 0.515575,
2.23217 0.508633,
2.23376 0.501622,
2.23486 0.49506,
2.23557 0.489043,
2.23611 0.483211,
2.23668 0.476968,
2.23698 0.470513,
2.23721 0.463728,
2.23735 0.456776,
2.2375 0.449826,
2.23663 0.441511,
2.23596 0.433163,
2.23457 0.427947,
2.23291 0.422389,
2.23073 0.416663,
2.22856 0.41094,
2.22576 0.405364,
2.22295 0.399788,
2.22007 0.395148,
2.21687 0.390438,
2.21323 0.385582,
2.20954 0.380813,
2.20601 0.375975,
2.20234 0.371581,
2.19862 0.367421,
2.19178 0.360672,
2.18487 0.355331,
2.18104 0.353235,
2.17443 0.350476,
2.16806 0.347836,
2.16172 0.345197,
2.15562 0.343142,
2.14974 0.341537,
2.14387 0.339933,
2.1381 0.338998,
2.13221 0.337925,
2.12616 0.337105,
2.11983 0.336694,
2.11337 0.336456,
2.1077 0.336331,
2.10209 0.336269,
2.09581 0.336279,
2.08928 0.33628,
2.08329 0.336876,
2.07729 0.337471,
2.07178 0.338839,
2.06586 0.340592,
2.0595 0.342171,
2.05305 0.3442,
2.04652 0.346494,
2.0408 0.348826,
2.03557 0.351154,
2.03034 0.353481,
2.02488 0.35681,
2.01936 0.360151,
2.01412 0.363508,
2.00889 0.366865,
2.0031 0.370538,
1.99732 0.37421,
1.99208 0.379245,
1.98779 0.383976,
1.98371 0.388421,
1.97963 0.392867,
1.97527 0.398874,
1.97117 0.404663,
1.96772 0.410469,
1.96439 0.416225,
1.96149 0.422193,
1.95893 0.428432,
1.95636 0.434672,
1.95513 0.440712,
1.95388 0.446751,
1.95321 0.45223,
1.95283 0.458401,
1.95249 0.464655,
1.95232 0.470034,
1.95235 0.478062,
1.95281 0.484679,
1.95327 0.491296,
1.95472 0.497209,
1.95604 0.503113,
1.9576 0.508984,
1.95926 0.514986,
1.96141 0.520967,
1.96382 0.526971,
1.96646 0.532533,
1.9691 0.538094,
1.97215 0.54386,
1.97528 0.549177,
1.97833 0.554049,
1.98101 0.558763,
1.98366 0.563474,
1.98675 0.567989,
1.98998 0.572519,
1.99319 0.577269,
1.9964 0.58202,
2.00023 0.586251,
2.00418 0.591023,
2.00857 0.595778,
2.01297 0.600532,
2.01586 0.603559,
2.02199 0.60893,
2.02734 0.613004,
2.03178 0.61684,
2.03975 0.624061,
2.04369 0.62689,
2.04808 0.629093,
"/>
<Contour name="InnerMembrane" hidden="false" closed="true" simplified="true" border="1 0 0" fill="1 0 0" mode="11"
points="2.08793 0.60722,
2.09369 0.607254,
2.09861 0.607271,
2.10366 0.607084,
2.10873 0.606106,
2.11378 0.60513,
2.11891 0.603039,
2.12331 0.601231,
2.12751 0.599446,
2.1317 0.597664,
2.13589 0.59575,
2.14009 0.593836,
2.14505 0.591199,
2.15002 0.58856,
2.15407 0.585452,
2.15813 0.582343,
2.16183 0.579363,
2.16549 0.576176,
2.16901 0.57288,
2.17262 0.569114,
2.17644 0.565697,
2.1803 0.562144,
2.18425 0.558595,
2.18765 0.554797,
2.19099 0.550599,
2.19406 0.546612,
2.19686 0.542758,
2.19954 0.538945,
2.20229 0.534945,
2.20505 0.530943,
2.20692 0.526205,
2.2088 0.521466,
2.21103 0.516984,
2.2118 0.511867,
2.21231 0.50635,
2.21305 0.500603,
2.21339 0.495208,
2.21367 0.490086,
2.21393 0.484964,
2.21441 0.478998,
2.21466 0.47326,
2.21479 0.467507,
2.21489 0.461489,
2.21497 0.45532,
2.21503 0.449148,
2.21475 0.445426,
2.21393 0.44178,
2.21208 0.437263,
2.21006 0.432639,
2.20778 0.42785,
2.20518 0.422976,
2.20234 0.418074,
2.19944 0.413173,
2.19593 0.408229,
2.19242 0.403283,
2.18945 0.399402,
2.18648 0.395522,
2.18373 0.393105,
2.17784 0.389057,
2.17287 0.384644,
2.16849 0.380542,
2.16428 0.37646,
2.16006 0.372377,
2.15532 0.368652,
2.15073 0.366309,
2.14286 0.366752,
2.13497 0.367194,
2.12918 0.367481,
2.12341 0.367767,
2.11722 0.368337,
2.10912 0.37043,
2.10296 0.370973,
2.09677 0.371516,
2.08972 0.371444,
2.08267 0.371373,
2.07583 0.371278,
2.0692 0.371048,
2.06279 0.370699,
2.05587 0.370197,
2.04859 0.37014,
2.04173 0.370368,
2.03488 0.371363,
2.03078 0.373835,
2.02594 0.376746,
2.0211 0.379655,
2.01569 0.384049,
2.01164 0.387563,
2.00713 0.391824,
2.00262 0.396083,
2.00029 0.398595,
1.99829 0.401408,
1.99562 0.407697,
1.99332 0.41285,
1.99106 0.417606,
1.98904 0.422371,
1.98673 0.427281,
1.98443 0.432189,
1.98284 0.438123,
1.98125 0.444055,
1.97997 0.450008,
1.97915 0.456004,
1.97869 0.462088,
1.9783 0.46821,
1.9781 0.472976,
1.978 0.479046,
1.97795 0.484279,
1.97802 0.489222,
1.97866 0.494819,
1.9793 0.500415,
1.98007 0.503931,
1.98187 0.51042,
1.98307 0.517072,
1.98606 0.525156,
1.98834 0.529909,
1.99055 0.53445,
1.99293 0.538709,
1.99549 0.542789,
1.99803 0.546871,
2.00006 0.551279,
2.0026 0.55515,
2.00531 0.559219,
2.00831 0.563166,
2.01138 0.567148,
2.01484 0.570976,
2.01835 0.574838,
2.02187 0.578702,
2.02553 0.581626,
2.02917 0.584548,
2.03493 0.588476,
2.03775 0.590669,
2.04226 0.592947,
2.047 0.595372,
2.05194 0.59766,
2.05653 0.59982,
2.0611 0.601982,
2.06612 0.603112,
2.07114 0.604242,
2.07673 0.605081,
2.08232 0.606151,
"/>
<Contour name="CristaeMembrane" hidden="false" closed="true" simplified="true" border="1 0 0" fill="1 0 0" mode="11"
points="2.05546 0.545408,
2.05546 0.545393,
2.05536 0.545421,
2.05423 0.545697,
2.05312 0.545972,
2.05203 0.546343,
2.05085 0.546582,
2.04967 0.546824,
2.04805 0.547639,
2.0467 0.548065,
2.04603 0.548427,
2.0446 0.549557,
2.04364 0.55003,
2.04275 0.550787,
2.04183 0.551488,
2.0409 0.552113,
2.03998 0.552737,
2.03885 0.553233,
2.03775 0.554038,
2.03721 0.554604,
2.03675 0.555235,
2.03606 0.556668,
2.03558 0.557597,
2.03511 0.558525,
2.03457 0.559616,
2.03435 0.560334,
2.03422 0.561075,
2.03419 0.562576,
2.03442 0.564158,
2.03472 0.56496,
2.03506 0.566515,
2.03522 0.567355,
2.0355 0.568163,
2.03596 0.569034,
2.03667 0.569831,
2.03744 0.570638,
2.03819 0.571445,
2.03883 0.57206,
2.03962 0.572598,
2.04136 0.573475,
2.04229 0.573895,
2.04319 0.574341,
2.04411 0.574786,
2.04529 0.57543,
2.0467 0.575812,
2.0481 0.576052,
2.04915 0.576352,
2.0502 0.576652,
2.05185 0.577477,
2.05269 0.578016,
2.05349 0.578676,
2.0543 0.579333,
2.05538 0.580081,
2.05694 0.581155,
2.05777 0.581962,
2.0584 0.582389,
2.05933 0.583035,
2.06051 0.584068,
2.06171 0.585103,
2.06274 0.585746,
2.06379 0.586389,
2.06492 0.58711,
2.06581 0.587655,
2.06742 0.588547,
2.06817 0.588796,
2.06965 0.588891,
2.07112 0.588935,
2.0725 0.588962,
2.07388 0.588958,
2.07512 0.588955,
2.07637 0.58897,
2.07762 0.588983,
2.0789 0.588901,
2.07988 0.588647,
2.08093 0.588293,
2.08198 0.587938,
2.08308 0.587564,
2.08416 0.587192,
2.08549 0.586712,
2.08644 0.586138,
2.08739 0.585565,
2.08815 0.585339,
2.08959 0.584798,
2.09033 0.584612,
2.09105 0.584334,
2.09174 0.583961,
2.09341 0.5832,
2.09428 0.583018,
2.09536 0.58252,
2.09644 0.582021,
2.09807 0.581588,
2.09925 0.581364,
2.10041 0.580975,
2.10156 0.580586,
2.10263 0.580189,
2.10387 0.579382,
2.10546 0.579143,
2.10683 0.579053,
2.10768 0.578831,
2.10855 0.578459,
2.1096 0.577872,
2.11066 0.577287,
2.11168 0.576809,
2.11271 0.576334,
2.11437 0.575506,
2.11606 0.574909,
2.11734 0.574474,
2.11826 0.573938,
2.11919 0.573401,
2.11998 0.573308,
2.12078 0.573101,
2.12172 0.572647,
2.12265 0.572193,
2.12357 0.571745,
2.12449 0.571297,
2.12593 0.570659,
2.12738 0.570023,
2.12861 0.569651,
2.12957 0.569169,
2.13064 0.568626,
2.1317 0.568083,
2.13251 0.567694,
2.13341 0.567253,
2.13431 0.566812,
2.13567 0.566494,
2.13667 0.566154,
2.13769 0.565815,
2.13843 0.565556,
2.14005 0.564747,
2.14104 0.564216,
2.14168 0.563724,
2.14277 0.562874,
2.14387 0.562026,
2.14451 0.561621,
2.1451 0.561139,
2.14669 0.560611,
2.14779 0.559985,
2.14871 0.559133,
2.14965 0.558281,
2.15053 0.557869,
2.15138 0.557152,
2.15217 0.556478,
2.15298 0.555804,
2.15399 0.555299,
2.15481 0.554689,
2.15563 0.554081,
2.15657 0.55359,
2.15734 0.552905,
2.15811 0.552218,
2.15917 0.551145,
2.15999 0.55034,
2.16167 0.549372,
2.16245 0.548642,
2.16365 0.547627,
2.16487 0.546612,
2.16608 0.545851,
2.16718 0.544788,
2.16846 0.543462,
2.16938 0.542564,
2.16998 0.541572,
2.17065 0.540705,
2.17139 0.53987,
2.17216 0.539042,
2.17303 0.538146,
2.17392 0.537253,
2.17467 0.536332,
2.17507 0.53565,
2.17603 0.534276,
2.17682 0.533472,
2.17754 0.532334,
2.1783 0.53082,
2.17925 0.529412,
2.17984 0.528357,
2.18041 0.527303,
2.1809 0.526368,
2.18138 0.525433,
2.18225 0.523732,
2.18271 0.522753,
2.18305 0.521661,
2.18341 0.520569,
2.18377 0.519372,
2.18387 0.518624,
2.18409 0.517484,
2.18446 0.516372,
2.18486 0.515262,
2.18515 0.514232,
2.18545 0.513204,
2.18591 0.512279,
2.18623 0.511255,
2.18655 0.510232,
2.18696 0.509168,
2.18705 0.507852,
2.1871 0.506771,
2.18714 0.505299,
2.18724 0.504098,
2.18735 0.502898,
2.18773 0.501929,
2.18794 0.500905,
2.18796 0.499393,
2.18797 0.498258,
2.18799 0.497125,
2.18799 0.495775,
2.18799 0.494611,
2.18799 0.493507,
2.18796 0.492339,
2.18797 0.491039,
2.18797 0.489763,
2.18799 0.488444,
2.18799 0.487113,
2.18797 0.485781,
2.18797 0.484253,
2.18786 0.483347,
2.18748 0.482393,
2.18712 0.481437,
2.18689 0.480361,
2.1866 0.479602,
2.1862 0.47889,
2.1853 0.477232,
2.18482 0.476051,
2.18415 0.475157,
2.18348 0.474265,
2.18282 0.473027,
2.18209 0.472215,
2.18135 0.471403,
2.18074 0.470865,
2.17961 0.470245,
2.1792 0.469317,
2.17897 0.467548,
2.17917 0.466124,
2.17936 0.464701,
2.17969 0.463557,
2.17994 0.462467,
2.18036 0.461375,
2.18077 0.460282,
2.18115 0.459125,
2.18159 0.457975,
2.18204 0.456825,
2.18248 0.455825,
2.183 0.454785,
2.18353 0.453747,
2.18396 0.453089,
2.18428 0.452383,
2.18473 0.451433,
2.18515 0.450482,
2.18576 0.449483,
2.18615 0.448442,
2.18674 0.446646,
2.18751 0.444871,
2.18804 0.444097,
2.18843 0.443251,
2.18865 0.442534,
2.18886 0.441462,
2.18907 0.440388,
2.18948 0.439169,
2.18956 0.438054,
2.1896 0.436561,
2.18961 0.435251,
2.18961 0.434129,
2.1896 0.43309,
2.18958 0.432048,
2.18961 0.430854,
2.18933 0.42948,
2.18901 0.428665,
2.18847 0.426877,
2.18799 0.425875,
2.18751 0.424873,
2.18696 0.423865,
2.18617 0.423002,
2.18482 0.421598,
2.18359 0.420806,
2.18236 0.420014,
2.18145 0.41944,
2.18038 0.419018,
2.17912 0.418802,
2.1779 0.418804,
2.17669 0.418805,
2.1752 0.418799,
2.17369 0.418792,
2.17257 0.41892,
2.17141 0.419299,
2.16962 0.419868,
2.16852 0.420381,
2.16741 0.420895,
2.16618 0.421593,
2.16523 0.422444,
2.16428 0.423295,
2.16318 0.423861,
2.16216 0.424793,
2.16137 0.425528,
2.16021 0.42668,
2.15903 0.427833,
2.15847 0.428453,
2.15798 0.429191,
2.15747 0.430198,
2.15685 0.431235,
2.15624 0.43227,
2.15573 0.432927,
2.15527 0.433819,
2.15481 0.434713,
2.15435 0.435625,
2.15389 0.436535,
2.1535 0.437355,
2.15321 0.438336,
2.15278 0.439394,
2.15237 0.440452,
2.15198 0.44119,
2.15163 0.442144,
2.15155 0.443292,
2.15104 0.44474,
2.15078 0.445604,
2.15048 0.446826,
2.14989 0.447992,
2.14929 0.44916,
2.1487 0.450182,
2.14832 0.451358,
2.14776 0.452474,
2.14722 0.453591,
2.14658 0.454447,
2.14599 0.455636,
2.14538 0.456825,
2.14428 0.458155,
2.14356 0.458984,
2.14282 0.460097,
2.14207 0.461212,
2.1413 0.461986,
2.14045 0.462839,
2.13959 0.463692,
2.13904 0.464236,
2.13853 0.464884,
2.13815 0.465537,
2.13731 0.466572,
2.13649 0.467507,
2.13577 0.468264,
2.13505 0.469024,
2.13448 0.469732,
2.13375 0.470813,
2.13298 0.471764,
2.13216 0.472669,
2.13136 0.473517,
2.13056 0.474363,
2.1297 0.475282,
2.12923 0.475994,
2.12838 0.477712,
2.12798 0.478891,
2.1276 0.480072,
2.12692 0.481479,
2.12644 0.482454,
2.12606 0.483597,
2.12569 0.48474,
2.12521 0.485732,
2.12475 0.486724,
2.12421 0.48726,
2.12375 0.487859,
2.12334 0.488576,
2.12305 0.489607,
2.12273 0.49064,
2.12219 0.491706,
2.12167 0.492777,
2.12114 0.493848,
2.12059 0.495086,
2.11978 0.496697,
2.11919 0.497722,
2.1189 0.49853,
2.1187 0.4994,
2.1184 0.500535,
2.11811 0.501668,
2.11744 0.502885,
2.11714 0.50388,
2.11683 0.504876,
2.11647 0.505766,
2.11634 0.50679,
2.11621 0.507811,
2.11568 0.508936,
2.11539 0.510337,
2.11481 0.511877,
2.11422 0.513415,
2.11371 0.515236,
2.11324 0.516185,
2.1128 0.517151,
2.11234 0.518119,
2.11178 0.519101,
2.11129 0.52093,
2.11081 0.52192,
2.11052 0.523121,
2.11037 0.524318,
2.1102 0.525517,
2.10993 0.526507,
2.10965 0.527499,
2.1092 0.52839,
2.10894 0.529326,
2.1087 0.530433,
2.10845 0.53154,
2.10796 0.532579,
2.10747 0.533615,
2.10688 0.534579,
2.1061 0.535275,
2.10527 0.535863,
2.10443 0.536452,
2.10338 0.536962,
2.10233 0.537472,
2.10153 0.537945,
2.10064 0.538771,
2.09918 0.539068,
2.09774 0.539365,
2.09661 0.539598,
2.09585 0.53989,
2.09441 0.540026,
2.09316 0.540088,
2.09212 0.540119,
2.09021 0.54015,
2.08928 0.540219,
2.08808 0.540595,
2.08682 0.540785,
2.08554 0.540977,
2.08413 0.540974,
2.08291 0.540975,
2.08155 0.540993,
2.08021 0.54101,
2.0787 0.541026,
2.07767 0.541005,
2.07665 0.54099,
2.07553 0.540982,
2.07424 0.541005,
2.07294 0.541029,
2.07196 0.541252,
2.07083 0.541635,
2.0697 0.542015,
2.06817 0.542612,
2.06709 0.542686,
2.06604 0.542956,
2.06479 0.543201,
2.06353 0.543445,
2.06256 0.543457,
2.06156 0.543635,
2.06053 0.543999,
2.0595 0.544364,
2.05854 0.544719,
2.05758 0.545074,
2.05681 0.545098,
2.05564 0.545328,
"/>
<Contour name="CristaeMembrane" hidden="false" closed="true" simplified="true" border="1 0 0" fill="1 0 0" mode="11"
points="2.16808 0.513331,
2.16824 0.512292,
2.16854 0.51127,
2.16883 0.510247,
2.16898 0.509049,
2.16905 0.507833,
2.16908 0.506686,
2.16911 0.505481,
2.16911 0.504136,
2.16913 0.503044,
2.16913 0.501983,
2.16913 0.50092,
2.169 0.498949,
2.16867 0.497894,
2.16793 0.496622,
2.167 0.495644,
2.16605 0.494667,
2.16506 0.493761,
2.16413 0.493189,
2.16309 0.4928,
2.16191 0.492695,
2.1608 0.492661,
2.1597 0.492625,
2.1587 0.49261,
2.1577 0.492597,
2.15675 0.492628,
2.15576 0.492827,
2.15478 0.493202,
2.15375 0.49386,
2.15299 0.494575,
2.15225 0.49529,
2.15125 0.496294,
2.15027 0.497297,
2.14953 0.498055,
2.14891 0.499162,
2.14829 0.500267,
2.14761 0.50163,
2.14692 0.502993,
2.14653 0.504166,
2.14615 0.505336,
2.14576 0.506765,
2.14574 0.508062,
2.14556 0.509102,
2.14538 0.510143,
2.14501 0.511327,
2.14496 0.512785,
2.14492 0.513897,
2.14492 0.51537,
2.14494 0.516831,
2.14496 0.518291,
2.1453 0.519319,
2.14571 0.520256,
2.14614 0.521236,
2.14658 0.522217,
2.14681 0.523326,
2.14732 0.524483,
2.14781 0.525208,
2.1484 0.525853,
2.14911 0.526435,
2.15163 0.52785,
2.14917 0.526478,
2.15001 0.527301,
2.15083 0.528124,
2.15186 0.528675,
2.15298 0.529015,
2.15414 0.529067,
2.15532 0.529075,
2.15652 0.529085,
2.15775 0.528797,
2.15896 0.528213,
2.15988 0.527324,
2.16078 0.52652,
2.16152 0.525818,
2.16226 0.525118,
2.16286 0.524485,
2.16342 0.523667,
2.16391 0.522679,
2.16442 0.521692,
2.16508 0.520357,
2.16544 0.519577,
2.1657 0.518753,
2.1659 0.517722,
2.16633 0.516715,
2.16675 0.515706,
2.16752 0.514648,
"/>
</Transform>

</Section>
