<?xml version="1.0"?>
<!DOCTYPE Section SYSTEM "section.dtd">

<Section index="611" thickness="0.00164" alignLocked="true">
<Transform dim="0"
 xcoef=" 0 1 0 0 0 0"
 ycoef=" 0 0 1 0 0 0">
<Contour name="OuterMembrane" hidden="false" closed="true" simplified="true" border="1 0 0" fill="1 0 0" mode="11"
points="2.0202 0.587794,
2.01873 0.586702,
2.01476 0.583943,
2.01917 0.587138,
2.0233 0.590211,
2.02742 0.593285,
2.03137 0.596032,
2.03545 0.598261,
2.03952 0.600489,
2.04331 0.602864,
2.04721 0.605206,
2.05066 0.607126,
2.0541 0.609047,
2.0573 0.61026,
2.06219 0.611858,
2.06709 0.613455,
2.07104 0.614169,
2.07498 0.614882,
2.0809 0.615987,
2.08619 0.616064,
2.0913 0.615648,
2.0964 0.615231,
2.10125 0.613696,
2.10524 0.612153,
2.11229 0.609481,
2.11562 0.607199,
2.11901 0.605194,
2.12241 0.603189,
2.1258 0.601081,
2.12921 0.598974,
2.13259 0.596871,
2.13597 0.594771,
2.13915 0.592473,
2.14245 0.590174,
2.14573 0.587494,
2.14963 0.58467,
2.15358 0.582008,
2.15755 0.579345,
2.16126 0.576919,
2.16495 0.574494,
2.16816 0.572075,
2.17138 0.569656,
2.17484 0.566773,
2.17831 0.563889,
2.18041 0.561634,
2.18223 0.559043,
2.1851 0.553705,
2.18817 0.548628,
2.19058 0.544818,
2.19255 0.540152,
2.19425 0.535531,
2.19594 0.530911,
2.1968 0.526497,
2.19752 0.52193,
2.19862 0.517554,
2.1997 0.513041,
2.20086 0.508876,
2.20203 0.504028,
2.2027 0.499011,
2.20306 0.493968,
2.20336 0.488894,
2.2035 0.484799,
2.20365 0.479347,
2.20429 0.474629,
2.20493 0.469911,
2.20536 0.464094,
2.20572 0.458405,
2.20591 0.452724,
2.2059 0.447251,
2.20587 0.441778,
2.2037 0.435136,
2.20186 0.430149,
2.19965 0.425444,
2.19742 0.420739,
2.19509 0.417408,
2.19278 0.414026,
2.19004 0.410756,
2.18722 0.407246,
2.18456 0.403773,
2.18199 0.40055,
2.17935 0.397338,
2.17669 0.394125,
2.17407 0.390963,
2.17118 0.387881,
2.16842 0.384547,
2.16567 0.381215,
2.16157 0.377123,
2.15801 0.373689,
2.15489 0.36991,
2.15214 0.366424,
2.14897 0.362427,
2.14581 0.358432,
2.1421 0.354483,
2.13621 0.350812,
2.12987 0.349241,
2.12482 0.348157,
2.12045 0.347618,
2.11624 0.346896,
2.11171 0.346327,
2.10715 0.346079,
2.1022 0.346517,
2.09733 0.347473,
2.09282 0.348523,
2.08829 0.349571,
2.08452 0.35109,
2.08088 0.353141,
2.07703 0.355388,
2.0734 0.357605,
2.06978 0.359823,
2.06632 0.362673,
2.06238 0.365715,
2.05858 0.368747,
2.05502 0.371832,
2.05157 0.374981,
2.04857 0.37824,
2.04554 0.381415,
2.0428 0.384629,
2.03995 0.387767,
2.03716 0.391068,
2.03439 0.394089,
2.03176 0.397241,
2.02901 0.400344,
2.02632 0.403632,
2.02355 0.407059,
2.02089 0.410474,
2.01835 0.414157,
2.01515 0.417631,
2.01102 0.420811,
2.00688 0.423991,
2.00334 0.426433,
1.99995 0.429029,
1.9966 0.431979,
1.99332 0.434917,
1.99019 0.43831,
1.9873 0.441714,
1.9844 0.445117,
1.98237 0.447431,
1.97978 0.452558,
1.9771 0.457462,
1.97489 0.461727,
1.9733 0.465968,
1.97182 0.470354,
1.97051 0.475008,
1.96962 0.479367,
1.9692 0.48431,
1.96889 0.48957,
1.96872 0.494868,
1.96861 0.500225,
1.96849 0.505581,
1.96879 0.509658,
1.96959 0.514065,
1.97053 0.518593,
1.97156 0.522727,
1.9731 0.527178,
1.97464 0.531629,
1.97676 0.536221,
1.97871 0.540918,
1.98066 0.545615,
1.98302 0.54912,
1.98538 0.552624,
1.98904 0.556032,
1.9924 0.55966,
1.99575 0.563288,
1.99867 0.567068,
2.00192 0.570002,
2.00524 0.573611,
2.00877 0.577547,
2.01187 0.580844,
2.01502 0.583676,
2.01833 0.586343,
"/>
<Contour name="InnerMembrane" hidden="false" closed="true" simplified="true" border="1 0 0" fill="1 0 0" mode="11"
points="1.9965 0.468243,
1.9967 0.467385,
1.99598 0.468799,
1.99526 0.470213,
1.99434 0.47179,
1.99394 0.473566,
1.99355 0.475343,
1.99334 0.477176,
1.99312 0.47901,
1.99301 0.480987,
1.99291 0.482965,
1.99286 0.48399,
1.99283 0.485017,
1.9928 0.486044,
1.99275 0.48707,
1.99271 0.488095,
1.99268 0.489122,
1.99263 0.490148,
1.9926 0.491173,
1.9926 0.492402,
1.99262 0.493629,
1.99262 0.496084,
1.9929 0.498624,
1.99486 0.50421,
1.99632 0.507382,
1.99762 0.510625,
1.99893 0.513881,
2.00024 0.517136,
2.00192 0.520169,
2.0036 0.523203,
2.00679 0.526711,
2.00993 0.530266,
2.01303 0.532055,
2.01613 0.533843,
2.01994 0.535024,
2.02343 0.536131,
2.02694 0.537238,
2.03093 0.53886,
2.0336 0.541115,
2.03609 0.54346,
2.03906 0.546159,
2.04191 0.549341,
2.04475 0.552524,
2.04779 0.556073,
2.05064 0.559024,
2.05325 0.562077,
2.05561 0.564972,
2.05763 0.567832,
2.0595 0.570807,
2.06135 0.573782,
2.06282 0.575719,
2.06589 0.579569,
2.0697 0.583466,
2.07294 0.585573,
2.07619 0.587683,
2.08049 0.589898,
2.08255 0.59125,
2.08478 0.59232,
2.08841 0.593111,
2.09213 0.593655,
2.09592 0.594028,
2.09977 0.594262,
2.10361 0.594497,
2.10737 0.593811,
2.11112 0.593126,
2.11455 0.591909,
2.1178 0.590269,
2.12104 0.588627,
2.12305 0.587273,
2.12616 0.58509,
2.12928 0.582907,
2.13166 0.58159,
2.13374 0.580017,
2.13735 0.577023,
2.14064 0.574389,
2.14358 0.57193,
2.14646 0.569731,
2.14922 0.567348,
2.15196 0.564818,
2.15468 0.56243,
2.15742 0.560044,
2.16036 0.5573,
2.16319 0.554182,
2.16608 0.550897,
2.16898 0.547614,
2.17082 0.544014,
2.17259 0.540734,
2.17459 0.53763,
2.17656 0.534394,
2.17867 0.531255,
2.17969 0.527921,
2.18071 0.524588,
2.18194 0.520562,
2.18448 0.515252,
2.18473 0.512756,
2.18528 0.510312,
2.18678 0.506786,
2.18799 0.503114,
2.18871 0.499206,
2.18947 0.495334,
2.19025 0.4915,
2.19065 0.487608,
2.19084 0.483538,
2.19097 0.479567,
2.19101 0.475567,
2.19143 0.471536,
2.19186 0.467443,
2.19247 0.463471,
2.19299 0.459536,
2.1935 0.4556,
2.19347 0.451325,
2.19343 0.447049,
2.1924 0.443203,
2.19137 0.439358,
2.18992 0.435896,
2.18837 0.432268,
2.18679 0.42864,
2.18586 0.426354,
2.18377 0.422254,
2.18177 0.418776,
2.17981 0.415561,
2.17805 0.412818,
2.17626 0.410064,
2.17423 0.407186,
2.1722 0.404308,
2.17074 0.402426,
2.16801 0.399335,
2.16531 0.396375,
2.16219 0.393362,
2.15908 0.390348,
2.15503 0.387417,
2.15138 0.385243,
2.14773 0.383066,
2.14482 0.381546,
2.14192 0.380024,
2.13846 0.378666,
2.135 0.377307,
2.1308 0.375932,
2.12652 0.37557,
2.12216 0.375276,
2.11775 0.375022,
2.11417 0.374881,
2.11093 0.374835,
2.10766 0.374791,
2.10427 0.375498,
2.10082 0.376391,
2.0974 0.377287,
2.09359 0.378337,
2.09002 0.379389,
2.08644 0.380444,
2.08287 0.382086,
2.07927 0.383729,
2.0769 0.38499,
2.07298 0.387686,
2.07089 0.389005,
2.0684 0.391335,
2.06415 0.395434,
2.06053 0.399866,
2.05825 0.402615,
2.05577 0.405887,
2.05331 0.409159,
2.05097 0.412275,
2.04864 0.414882,
2.04633 0.41749,
2.04398 0.419855,
2.04164 0.422221,
2.03949 0.424688,
2.03708 0.427115,
2.03452 0.429229,
2.0318 0.431546,
2.02906 0.433864,
2.0265 0.435989,
2.0231 0.439646,
2.01999 0.442934,
2.01882 0.444294,
2.01768 0.445654,
2.01658 0.446828,
2.01549 0.448004,
2.01438 0.449237,
2.01326 0.450469,
2.01205 0.451941,
2.01084 0.453412,
2.00964 0.454884,
2.00843 0.456355,
2.00747 0.457234,
2.00652 0.458114,
2.00557 0.458993,
2.00462 0.459872,
2.00367 0.460728,
2.00274 0.461586,
2.0019 0.461844,
2.00028 0.462793,
1.99929 0.463774,
1.99829 0.464756,
1.99765 0.46547,
1.99714 0.466277,
1.99673 0.467297,
"/>
<Contour name="CristaeMembrane" hidden="false" closed="true" simplified="true" border="1 0 0" fill="1 0 0" mode="11"
points="2.06304 0.516154,
2.06422 0.516672,
2.06527 0.517071,
2.06632 0.517471,
2.06756 0.518081,
2.06886 0.518757,
2.07047 0.519563,
2.07148 0.520059,
2.07252 0.520552,
2.07355 0.52122,
2.0746 0.521887,
2.07565 0.522661,
2.07649 0.523381,
2.07726 0.523762,
2.07819 0.52458,
2.07913 0.5254,
2.08039 0.526163,
2.08131 0.526614,
2.08223 0.527066,
2.08375 0.528329,
2.08464 0.529092,
2.08585 0.529648,
2.08675 0.530517,
2.08767 0.531388,
2.08823 0.532413,
2.08879 0.533436,
2.08938 0.534073,
2.09005 0.534617,
2.09064 0.535665,
2.09125 0.536713,
2.09185 0.537366,
2.09318 0.538788,
2.09392 0.539621,
2.09454 0.540431,
2.09507 0.541331,
2.09559 0.542415,
2.09617 0.54328,
2.09672 0.543888,
2.09736 0.544934,
2.09802 0.545981,
2.09861 0.546927,
2.09922 0.547873,
2.09984 0.549197,
2.10046 0.550518,
2.10087 0.551196,
2.10176 0.552191,
2.10258 0.552992,
2.10341 0.553792,
2.10423 0.554571,
2.10501 0.555247,
2.10579 0.555671,
2.10688 0.556183,
2.10796 0.556696,
2.10893 0.556936,
2.10986 0.557341,
2.11078 0.557748,
2.11189 0.558277,
2.11303 0.558787,
2.11417 0.559297,
2.11514 0.559632,
2.11612 0.559967,
2.11711 0.560214,
2.11867 0.560816,
2.11945 0.561013,
2.12083 0.561101,
2.12278 0.561098,
2.12387 0.561096,
2.12516 0.561098,
2.12621 0.561095,
2.12723 0.561087,
2.12836 0.561065,
2.12975 0.561021,
2.13113 0.5606,
2.13215 0.560094,
2.13316 0.559591,
2.1342 0.559055,
2.13523 0.558518,
2.13618 0.557753,
2.137 0.55686,
2.13781 0.555967,
2.13872 0.555069,
2.13964 0.554171,
2.1404 0.553293,
2.14082 0.552432,
2.14159 0.551275,
2.14235 0.550117,
2.14327 0.548962,
2.14392 0.547913,
2.14453 0.546655,
2.14512 0.545398,
2.14569 0.544346,
2.14601 0.543383,
2.14653 0.542305,
2.14704 0.541228,
2.14763 0.540405,
2.14804 0.539691,
2.14891 0.538622,
2.14976 0.537553,
2.15078 0.536498,
2.15166 0.534847,
2.15243 0.53402,
2.15329 0.532406,
2.15401 0.531647,
2.15457 0.530748,
2.15509 0.529671,
2.1556 0.528595,
2.15589 0.527606,
2.15696 0.525938,
2.15734 0.525077,
2.1578 0.524051,
2.15827 0.523026,
2.15863 0.521978,
2.15899 0.52093,
2.15919 0.520174,
2.15927 0.519414,
2.15957 0.518442,
2.15986 0.517471,
2.16003 0.516731,
2.16011 0.515524,
2.16009 0.514356,
2.16009 0.513189,
2.16008 0.511895,
2.16011 0.51034,
2.16008 0.509377,
2.15991 0.50851,
2.15937 0.507172,
2.15913 0.505868,
2.15886 0.504564,
2.15826 0.502711,
2.1578 0.501558,
2.15696 0.499882,
2.15673 0.498296,
2.1563 0.496931,
2.15565 0.495823,
2.15496 0.495044,
2.15416 0.494253,
2.15335 0.493465,
2.15242 0.492544,
2.15158 0.491757,
2.15081 0.491085,
2.1496 0.490483,
2.14865 0.489779,
2.14769 0.489074,
2.14615 0.488303,
2.14507 0.487887,
2.14394 0.487505,
2.14281 0.487123,
2.14166 0.486883,
2.14066 0.486508,
2.13966 0.486132,
2.13871 0.485735,
2.13776 0.48534,
2.13677 0.484856,
2.1353 0.483746,
2.13423 0.48318,
2.13351 0.482198,
2.1328 0.481215,
2.13193 0.479484,
2.13143 0.477747,
2.13144 0.476669,
2.13148 0.475308,
2.13154 0.474024,
2.13167 0.472822,
2.13193 0.471695,
2.13216 0.470772,
2.13243 0.469691,
2.13269 0.468609,
2.13295 0.467636,
2.13305 0.466741,
2.13321 0.465689,
2.13338 0.464638,
2.13375 0.463674,
2.13415 0.462523,
2.13454 0.461373,
2.13467 0.46046,
2.1353 0.459259,
2.13594 0.458059,
2.13623 0.457016,
2.13633 0.456184,
2.13631 0.455395,
2.13661 0.454037,
2.1369 0.452679,
2.13749 0.45088,
2.13782 0.44989,
2.13797 0.448551,
2.13831 0.447517,
2.13866 0.446483,
2.13904 0.445431,
2.1394 0.444379,
2.13959 0.443297,
2.14 0.441718,
2.14025 0.440978,
2.14063 0.439874,
2.141 0.438772,
2.1412 0.437823,
2.14122 0.436391,
2.14156 0.434964,
2.14191 0.433539,
2.14207 0.432058,
2.14207 0.430892,
2.14205 0.429724,
2.14205 0.428473,
2.14207 0.427177,
2.14207 0.42588,
2.14207 0.424525,
2.14205 0.423215,
2.14204 0.421903,
2.142 0.420671,
2.14194 0.41922,
2.14181 0.418093,
2.1415 0.417287,
2.14109 0.416555,
2.14038 0.415683,
2.13997 0.414554,
2.13954 0.413426,
2.13879 0.412567,
2.13804 0.411707,
2.13731 0.410997,
2.13659 0.410289,
2.13572 0.409705,
2.13503 0.409374,
2.1343 0.409134,
2.13353 0.408991,
2.13274 0.40895,
2.13123 0.408968,
2.12972 0.408985,
2.12861 0.409147,
2.12749 0.409311,
2.12654 0.409764,
2.12488 0.41059,
2.12373 0.410986,
2.1226 0.411383,
2.12147 0.411602,
2.12075 0.41184,
2.12006 0.41217,
2.11904 0.412898,
2.11758 0.413824,
2.11652 0.414385,
2.11547 0.414946,
2.11481 0.415471,
2.1143 0.416011,
2.11324 0.416473,
2.11216 0.416936,
2.11142 0.417367,
2.11076 0.417883,
2.10983 0.418502,
2.10889 0.419122,
2.10788 0.419489,
2.10709 0.419989,
2.10651 0.420478,
2.10602 0.421034,
2.10545 0.42188,
2.10401 0.422987,
2.1035 0.423578,
2.10289 0.424471,
2.10228 0.425365,
2.10171 0.42631,
2.10112 0.427254,
2.09987 0.428767,
2.09899 0.429906,
2.09849 0.430949,
2.09771 0.432516,
2.09697 0.433624,
2.09622 0.434731,
2.09533 0.43583,
2.09464 0.436924,
2.0942 0.437823,
2.09376 0.438721,
2.09346 0.439513,
2.09279 0.440497,
2.09212 0.441483,
2.09157 0.442265,
2.09118 0.443066,
2.09084 0.444335,
2.09046 0.445435,
2.09007 0.446534,
2.08995 0.447781,
2.08984 0.448958,
2.08972 0.450134,
2.08947 0.45144,
2.08921 0.452463,
2.08915 0.453937,
2.08885 0.4553,
2.08856 0.456661,
2.08833 0.45799,
2.08833 0.458798,
2.08793 0.460451,
2.08733 0.461391,
2.08697 0.462264,
2.08675 0.463182,
2.0861 0.464186,
2.08546 0.465189,
2.08449 0.466224,
2.08352 0.467261,
2.08272 0.468253,
2.08221 0.469193,
2.08139 0.470145,
2.08055 0.4711,
2.07954 0.472245,
2.07844 0.473161,
2.07752 0.473829,
2.07662 0.474496,
2.0756 0.475013,
2.07462 0.475521,
2.07365 0.476033,
2.07268 0.476546,
2.07188 0.47727,
2.07076 0.478053,
2.06965 0.478839,
2.06886 0.479462,
2.06778 0.480069,
2.06671 0.480676,
2.06581 0.481133,
2.06515 0.481578,
2.06383 0.482253,
2.0625 0.482928,
2.0612 0.48342,
2.06023 0.484036,
2.05922 0.484604,
2.05818 0.485171,
2.05717 0.485507,
2.05635 0.485845,
2.05538 0.486332,
2.05441 0.486819,
2.05376 0.487252,
2.05208 0.487682,
2.05103 0.487844,
2.05028 0.488085,
2.04959 0.488408,
2.04825 0.488876,
2.0469 0.489343,
2.04549 0.489673,
2.04462 0.490076,
2.04285 0.490298,
2.0421 0.490539,
2.04109 0.491042,
2.04009 0.491524,
2.03911 0.492008,
2.03803 0.492551,
2.03613 0.49264,
2.03472 0.492999,
2.0336 0.493569,
2.03278 0.494221,
2.03183 0.494808,
2.03088 0.495393,
2.02998 0.49621,
2.02909 0.497107,
2.02822 0.498002,
2.02722 0.499021,
2.02674 0.49976,
2.02629 0.500792,
2.02607 0.501683,
2.02599 0.502516,
2.02604 0.504369,
2.02609 0.505412,
2.02645 0.506639,
2.02663 0.507895,
2.02673 0.509172,
2.02681 0.510478,
2.02688 0.511783,
2.02763 0.513172,
2.02837 0.514561,
2.02916 0.51566,
2.02988 0.516347,
2.03071 0.516903,
2.03207 0.517563,
2.03327 0.518135,
2.03444 0.518663,
2.0356 0.519191,
2.03675 0.519834,
2.03788 0.520477,
2.03954 0.520752,
2.04039 0.5209,
2.04193 0.52089,
2.0431 0.52091,
2.04505 0.52093,
2.0462 0.520826,
2.0472 0.520541,
2.04821 0.520049,
2.04928 0.519665,
2.05048 0.519477,
2.0518 0.519381,
2.05312 0.519288,
2.05392 0.519255,
2.05476 0.519104,
2.05546 0.518875,
2.05686 0.518147,
2.05782 0.517815,
2.05877 0.517484,
2.05989 0.51699,
2.06099 0.516497,
2.062 0.516324,
"/>
<Contour name="CristaeMembrane" hidden="false" closed="true" simplified="true" border="1 0 0" fill="1 0 0" mode="11"
points="2.12697 0.537692,
2.12808 0.537776,
2.1292 0.538076,
2.13136 0.537869,
2.13246 0.537233,
2.13339 0.536634,
2.13433 0.536034,
2.13523 0.535558,
2.13603 0.534937,
2.13679 0.534112,
2.1374 0.533108,
2.13771 0.532049,
2.13813 0.530939,
2.13856 0.529827,
2.13899 0.529095,
2.13938 0.528065,
2.13959 0.526866,
2.13979 0.525715,
2.14 0.524565,
2.14018 0.523426,
2.14038 0.522284,
2.1404 0.521048,
2.14041 0.520033,
2.1404 0.518652,
2.14041 0.517271,
2.14041 0.515854,
2.14043 0.514532,
2.14043 0.51321,
2.14025 0.51186,
2.13997 0.51104,
2.13936 0.509674,
2.13874 0.508307,
2.13877 0.507104,
2.13851 0.505769,
2.13802 0.504659,
2.1371 0.503578,
2.13641 0.502627,
2.13572 0.501678,
2.13513 0.500705,
2.13446 0.499967,
2.13357 0.499272,
2.13244 0.498455,
2.13152 0.497679,
2.13059 0.496904,
2.12972 0.496159,
2.12862 0.495565,
2.12751 0.494973,
2.12633 0.49459,
2.12513 0.494206,
2.12393 0.493681,
2.12206 0.493077,
2.1208 0.492853,
2.11965 0.49273,
2.11852 0.492661,
2.11739 0.492592,
2.11652 0.492635,
2.1156 0.492822,
2.1146 0.493122,
2.1136 0.493422,
2.11263 0.49356,
2.11158 0.493934,
2.11053 0.494309,
2.1092 0.494691,
2.10853 0.495024,
2.1076 0.495692,
2.10668 0.496359,
2.10571 0.496889,
2.10433 0.49813,
2.10358 0.498909,
2.103 0.499957,
2.10248 0.501066,
2.10177 0.502073,
2.10105 0.503078,
2.10036 0.50422,
2.10009 0.505614,
2.09997 0.506963,
2.09986 0.508313,
2.09982 0.50945,
2.09979 0.510584,
2.09984 0.511609,
2.1001 0.512762,
2.10045 0.513797,
2.10081 0.514832,
2.10166 0.51659,
2.10225 0.51846,
2.10235 0.519306,
2.10256 0.520129,
2.10296 0.521054,
2.10371 0.521968,
2.10432 0.522942,
2.10492 0.523914,
2.10542 0.525149,
2.10586 0.525853,
2.10681 0.527109,
2.10724 0.527916,
2.10789 0.528672,
2.10861 0.529446,
2.10934 0.530219,
2.11006 0.530955,
2.11083 0.531724,
2.11147 0.532662,
2.11211 0.5336,
2.11348 0.534748,
2.1153 0.535253,
2.11635 0.535442,
2.11737 0.535914,
2.1184 0.536387,
2.11975 0.536843,
2.12085 0.537267,
2.12191 0.537479,
2.12306 0.537592,
2.12436 0.537643,
"/>
</Transform>

</Section>
