<?xml version="1.0"?>
<!DOCTYPE Section SYSTEM "section.dtd">

<Section index="587" thickness="0.00164" alignLocked="true">
<Transform dim="0"
 xcoef=" 0 1 0 0 0 0"
 ycoef=" 0 0 1 0 0 0">
<Contour name="OuterMembrane" hidden="false" closed="true" simplified="true" border="1 0 0" fill="1 0 0" mode="11"
points="2.01112 0.546236,
2.01627 0.54959,
2.02141 0.552942,
2.02671 0.555583,
2.03226 0.558379,
2.03788 0.561185,
2.04374 0.563579,
2.0498 0.566054,
2.0561 0.568427,
2.06105 0.570044,
2.06602 0.571663,
2.07078 0.572719,
2.07568 0.573374,
2.08065 0.573795,
2.08682 0.573933,
2.09298 0.574071,
2.09869 0.574087,
2.10253 0.57346,
2.11099 0.571858,
2.11731 0.568921,
2.12277 0.566031,
2.1279 0.563374,
2.13303 0.560718,
2.13781 0.557521,
2.14266 0.55434,
2.14753 0.551156,
2.15227 0.547453,
2.1558 0.543345,
2.15899 0.539243,
2.16219 0.535142,
2.16508 0.530942,
2.16811 0.524251,
2.17097 0.518046,
2.17318 0.512487,
2.17539 0.506927,
2.17658 0.50124,
2.17766 0.495808,
2.17928 0.49039,
2.18076 0.484525,
2.18218 0.4788,
2.18304 0.473417,
2.1835 0.467653,
2.18373 0.462195,
2.18391 0.457093,
2.18397 0.452009,
2.18405 0.446493,
2.18397 0.440742,
2.18387 0.43499,
2.18204 0.42978,
2.17979 0.42487,
2.17754 0.419961,
2.17439 0.415876,
2.17092 0.412086,
2.16665 0.408722,
2.16241 0.405359,
2.1578 0.402764,
2.15321 0.40017,
2.14799 0.398033,
2.14277 0.395896,
2.13387 0.392437,
2.12806 0.391916,
2.12227 0.391393,
2.11383 0.391197,
2.10464 0.392477,
2.09963 0.393753,
2.09454 0.395315,
2.08946 0.396877,
2.08492 0.399484,
2.08036 0.402092,
2.07599 0.404998,
2.07201 0.408739,
2.06794 0.412847,
2.06397 0.417237,
2.05999 0.421223,
2.05553 0.424173,
2.05092 0.426872,
2.04598 0.428871,
2.04105 0.430871,
2.03614 0.432957,
2.03191 0.436253,
2.02763 0.439531,
2.02348 0.442898,
2.01932 0.446506,
2.01497 0.450198,
2.01059 0.454031,
2.00679 0.457724,
2.00347 0.461886,
2.00016 0.46605,
1.99816 0.471525,
1.99618 0.477001,
1.99503 0.48235,
1.99442 0.487434,
1.99404 0.492654,
1.99385 0.49806,
1.99367 0.503465,
1.99357 0.508728,
1.99349 0.513992,
1.99403 0.520083,
1.99583 0.525235,
1.99762 0.530384,
1.99982 0.53476,
2.00226 0.53748,
2.00669 0.541858,
"/>
</Transform>

</Section>
