<?xml version="1.0"?>
<!DOCTYPE Section SYSTEM "section.dtd">

<Section index="663" thickness="0.00164" alignLocked="true">
<Transform dim="0"
 xcoef=" 0 1 0 0 0 0"
 ycoef=" 0 0 1 0 0 0">
<Contour name="OuterMembrane" hidden="false" closed="true" simplified="true" border="1 0 0" fill="1 0 0" mode="11"
points="2.17412 0.565139,
2.18245 0.552313,
2.18637 0.545005,
2.19073 0.534871,
2.19511 0.524736,
2.19822 0.517059,
2.20229 0.503606,
2.20329 0.494309,
2.20349 0.484335,
2.2035 0.47314,
2.20383 0.461929,
2.202 0.448018,
2.19876 0.433396,
2.19522 0.423924,
2.19314 0.419182,
2.19056 0.414679,
2.18487 0.407263,
2.17799 0.398827,
2.17149 0.390497,
2.16575 0.384349,
2.15999 0.378179,
2.15398 0.373054,
2.14655 0.368342,
2.14276 0.365541,
2.13536 0.361008,
2.13166 0.358591,
2.12411 0.355331,
2.11658 0.35207,
2.10729 0.349077,
2.10228 0.348033,
2.09335 0.345868,
2.0887 0.344854,
2.07768 0.344603,
2.0645 0.344182,
2.06005 0.344359,
2.0552 0.345018,
2.03962 0.349395,
2.03165 0.352953,
2.02219 0.356743,
2.01727 0.358327,
2.01254 0.360421,
2.00736 0.363476,
1.99637 0.371929,
1.99181 0.375626,
1.98775 0.37984,
1.97853 0.392045,
1.97476 0.399442,
1.97098 0.406836,
1.96574 0.420252,
1.96218 0.435712,
1.96119 0.440593,
1.96106 0.452063,
1.9609 0.462021,
1.96075 0.476663,
1.96126 0.481534,
1.96237 0.486732,
1.96475 0.495605,
1.96738 0.504908,
1.97 0.514212,
1.97418 0.522873,
1.97827 0.531583,
1.98192 0.537525,
1.9883 0.548198,
1.99406 0.556262,
2.00087 0.569582,
2.00575 0.579745,
2.01123 0.58751,
2.01681 0.593787,
2.02225 0.599271,
2.02135 0.598552,
2.02796 0.603886,
2.03081 0.607738,
2.0375 0.614608,
2.04128 0.617594,
2.04534 0.620204,
2.04966 0.622406,
2.05418 0.624174,
2.05887 0.625488,
2.06368 0.626329,
2.07842 0.626651,
2.08342 0.626167,
2.08843 0.625155,
2.09336 0.6236,
2.10351 0.619495,
2.11365 0.615389,
2.11896 0.612447,
2.13223 0.604698,
2.13761 0.600681,
2.1424 0.595966,
2.14942 0.589487,
2.15729 0.581903,
2.16342 0.575815,
"/>
<Contour name="InnerMembrane" hidden="false" closed="true" simplified="true" border="1 0 0" fill="1 0 0" mode="11"
points="2.05089 0.599289,
2.04946 0.598821,
2.04974 0.598966,
2.05461 0.600519,
2.05948 0.602072,
2.06474 0.602495,
2.07057 0.602644,
2.07655 0.60278,
2.08147 0.602843,
2.08603 0.602875,
2.09061 0.60291,
2.09471 0.602484,
2.10091 0.60025,
2.10574 0.598252,
2.11094 0.595589,
2.11616 0.592926,
2.12131 0.589714,
2.12569 0.586357,
2.13028 0.582477,
2.13505 0.578553,
2.13977 0.574426,
2.14417 0.569798,
2.14753 0.566238,
2.15055 0.562653,
2.15358 0.559069,
2.1567 0.55535,
2.16054 0.550984,
2.16439 0.54662,
2.16803 0.542619,
2.17169 0.538617,
2.17387 0.535591,
2.17559 0.532292,
2.17759 0.527029,
2.17918 0.522606,
2.18145 0.516656,
2.18369 0.510706,
2.18658 0.502983,
2.18742 0.496869,
2.18797 0.490822,
2.1883 0.485243,
2.1885 0.480563,
2.18863 0.475999,
2.18871 0.471472,
2.18874 0.466929,
2.18878 0.462387,
2.18791 0.457831,
2.18687 0.453121,
2.18582 0.44841,
2.18441 0.444045,
2.183 0.439681,
2.18125 0.434962,
2.1793 0.430295,
2.1768 0.425475,
2.1738 0.420649,
2.1708 0.415822,
2.16757 0.410712,
2.165 0.407953,
2.15973 0.404234,
2.15476 0.401188,
2.15006 0.398015,
2.14561 0.394938,
2.14159 0.392099,
2.13758 0.389259,
2.13413 0.386251,
2.13077 0.38415,
2.12601 0.382366,
2.12113 0.380183,
2.11626 0.378,
2.11065 0.376173,
2.10389 0.374819,
2.09735 0.373667,
2.09162 0.373061,
2.08565 0.372729,
2.07952 0.372541,
2.07447 0.372444,
2.0694 0.372347,
2.06335 0.372977,
2.05792 0.373866,
2.05253 0.374848,
2.04687 0.376009,
2.04121 0.377172,
2.0367 0.378863,
2.03094 0.381735,
2.0262 0.384106,
2.021 0.386981,
2.01615 0.389802,
2.01131 0.392624,
2.00723 0.395834,
2.00321 0.399309,
1.99973 0.403125,
1.99673 0.406869,
1.99365 0.411404,
1.99057 0.415938,
1.98784 0.420301,
1.98492 0.424981,
1.98199 0.430174,
1.97904 0.435366,
1.97784 0.441629,
1.97663 0.447892,
1.9759 0.451526,
1.97581 0.457557,
1.97576 0.463064,
1.9759 0.468751,
1.97605 0.474437,
1.97682 0.47777,
1.97848 0.483283,
1.98015 0.488579,
1.98156 0.493342,
1.98317 0.498027,
1.98478 0.502712,
1.98601 0.507549,
1.98832 0.512782,
1.99062 0.518015,
1.9936 0.523011,
1.99655 0.52775,
1.99941 0.531924,
2.00229 0.53692,
2.00431 0.541064,
2.00677 0.54612,
2.00862 0.550312,
2.01157 0.556486,
2.01438 0.561749,
2.01668 0.566722,
2.01917 0.571338,
2.02168 0.575957,
2.02437 0.580713,
2.02809 0.584936,
2.03363 0.588986,
2.0397 0.592998,
2.04549 0.596247,
"/>
<Contour name="CristaeMembrane" hidden="false" closed="true" simplified="true" border="1 0 0" fill="1 0 0" mode="11"
points="2.0692 0.570605,
2.06804 0.570553,
2.06686 0.570522,
2.06565 0.570517,
2.06435 0.570526,
2.06305 0.570538,
2.0614 0.570536,
2.06028 0.570531,
2.05843 0.570582,
2.05702 0.570538,
2.05595 0.570513,
2.05451 0.570504,
2.05323 0.570502,
2.05195 0.570499,
2.05064 0.570495,
2.04943 0.570494,
2.04843 0.570494,
2.04741 0.570492,
2.04595 0.570494,
2.04449 0.570495,
2.04326 0.570495,
2.04198 0.570495,
2.04072 0.570495,
2.03936 0.570713,
2.03841 0.571061,
2.03744 0.57141,
2.03617 0.571791,
2.0355 0.572132,
2.03488 0.572554,
2.03367 0.573218,
2.03247 0.57388,
2.03137 0.574266,
2.03029 0.574651,
2.0293 0.574882,
2.02747 0.575533,
2.02671 0.575747,
2.02566 0.576098,
2.02463 0.576447,
2.02389 0.576701,
2.02217 0.57705,
2.02094 0.577167,
2.01991 0.577551,
2.01887 0.577933,
2.01769 0.577879,
2.01677 0.578,
2.01577 0.57831,
2.0143 0.578825,
2.01333 0.579192,
2.01235 0.579558,
2.01162 0.579696,
2.01021 0.580057,
2.00882 0.580416,
2.008 0.580612,
2.00615 0.581273,
2.00515 0.581646,
2.00415 0.582018,
2.0031 0.582262,
2.00205 0.582507,
2.0005 0.582895,
1.99934 0.58324,
1.99867 0.583571,
1.99804 0.583986,
1.99731 0.58474,
1.99639 0.585367,
1.99478 0.586387,
1.99408 0.586679,
1.99308 0.587312,
1.99224 0.587868,
1.9914 0.588425,
1.99068 0.58889,
1.98981 0.589742,
1.98894 0.590597,
1.98835 0.591133,
1.98724 0.592658,
1.9865 0.593519,
1.9856 0.594721,
1.98506 0.595477,
1.98458 0.596422,
1.98429 0.597398,
1.98399 0.598374,
1.98369 0.599054,
1.98314 0.600883,
1.98271 0.602042,
1.98246 0.603558,
1.98224 0.604429,
1.98202 0.605496,
1.98181 0.606564,
1.98171 0.607331,
1.98173 0.608812,
1.98174 0.610292,
1.98171 0.611041,
1.98171 0.61267,
1.98171 0.613793,
1.98171 0.614918,
1.98176 0.615722,
1.98192 0.616555,
1.98233 0.617608,
1.98274 0.618659,
1.98317 0.61974,
1.9836 0.620819,
1.98394 0.621703,
1.98461 0.622747,
1.98519 0.623608,
1.98594 0.62525,
1.98625 0.626286,
1.98689 0.627444,
1.98745 0.628135,
1.98884 0.629498,
1.99029 0.630875,
1.99152 0.632112,
1.9924 0.633037,
1.99327 0.633962,
1.99401 0.634585,
1.99504 0.635142,
1.99609 0.635702,
1.99719 0.636292,
1.99831 0.636883,
1.99937 0.637594,
2.00046 0.638306,
2.0018 0.638947,
2.00315 0.639589,
2.00423 0.640182,
2.00579 0.640771,
2.00682 0.641186,
2.00785 0.641601,
2.00857 0.641919,
2.00936 0.642152,
2.01039 0.64236,
2.01144 0.64257,
2.01279 0.643001,
2.01463 0.643349,
2.01567 0.643662,
2.01672 0.643977,
2.01759 0.644379,
2.01832 0.644595,
2.01907 0.64472,
2.02082 0.645207,
2.02146 0.645522,
2.02223 0.645781,
2.02335 0.64597,
2.02448 0.646158,
2.0253 0.646631,
2.02632 0.647006,
2.02737 0.647157,
2.02842 0.647308,
2.02914 0.647503,
2.03106 0.647777,
2.03226 0.647971,
2.03345 0.648166,
2.03458 0.648336,
2.0357 0.648507,
2.03683 0.6488,
2.03781 0.64903,
2.03882 0.649261,
2.03968 0.649527,
2.04113 0.649668,
2.04293 0.649647,
2.04488 0.649583,
2.0456 0.649661,
2.04661 0.649643,
2.04762 0.649624,
2.04875 0.649611,
2.04989 0.649596,
2.05107 0.649632,
2.05225 0.649666,
2.05408 0.649611,
2.0552 0.649594,
2.05633 0.649576,
2.05725 0.649668,
2.0583 0.64966,
2.05936 0.64965,
2.0604 0.64966,
2.06143 0.64967,
2.06274 0.64965,
2.06407 0.64963,
2.06515 0.649648,
2.06622 0.649666,
2.06719 0.649619,
2.06834 0.649233,
2.0695 0.648846,
2.07066 0.648768,
2.07173 0.648489,
2.07273 0.648149,
2.07375 0.64781,
2.07455 0.647523,
2.07547 0.647062,
2.0764 0.64657,
2.07732 0.64608,
2.07896 0.645471,
2.08004 0.645165,
2.08137 0.644454,
2.08221 0.644107,
2.08319 0.643477,
2.08493 0.642716,
2.0857 0.642354,
2.08667 0.641691,
2.08741 0.640987,
2.08815 0.640284,
2.08885 0.639969,
2.08969 0.639433,
2.09054 0.638652,
2.091 0.638055,
2.09139 0.637406,
2.0923 0.636277,
2.0932 0.635149,
2.09417 0.634117,
2.09466 0.633325,
2.09513 0.632363,
2.09562 0.6314,
2.09603 0.630113,
2.09656 0.628646,
2.09684 0.627705,
2.0969 0.626496,
2.09695 0.625288,
2.09695 0.624069,
2.09695 0.622851,
2.09695 0.62177,
2.09697 0.620773,
2.09695 0.619233,
2.09695 0.617826,
2.09697 0.61642,
2.09674 0.615025,
2.09648 0.61426,
2.09615 0.612848,
2.09584 0.611435,
2.09531 0.610357,
2.0948 0.609278,
2.09436 0.608366,
2.0939 0.607454,
2.09331 0.606503,
2.09249 0.605608,
2.09167 0.604712,
2.09125 0.603807,
2.09061 0.602915,
2.08956 0.601852,
2.08851 0.600788,
2.08759 0.600086,
2.08662 0.599589,
2.08582 0.598882,
2.08515 0.597987,
2.08447 0.597091,
2.08416 0.5956,
2.084 0.594174,
2.08392 0.59296,
2.08388 0.591784,
2.08385 0.590703,
2.08385 0.589667,
2.08383 0.588478,
2.08383 0.58715,
2.08383 0.585821,
2.08382 0.584863,
2.08362 0.583832,
2.08314 0.582677,
2.08237 0.581546,
2.0818 0.580019,
2.08142 0.579227,
2.08093 0.5785,
2.08029 0.577811,
2.07955 0.577231,
2.07885 0.576832,
2.0768 0.575145,
2.07604 0.573892,
2.0749 0.572718,
2.07416 0.572183,
2.07334 0.571752,
2.07263 0.571483,
2.0714 0.571205,
"/>
<Contour name="CristaeMembrane" hidden="false" closed="true" simplified="true" border="1 0 0" fill="1 0 0" mode="11"
points="2.1 0.565223,
2.09641 0.565098,
2.09723 0.565846,
2.09805 0.566594,
2.0992 0.566717,
2.10038 0.566782,
2.10158 0.56685,
2.10255 0.566782,
2.10353 0.566551,
2.10453 0.566071,
2.10555 0.565592,
2.10702 0.564836,
2.10792 0.564396,
2.10883 0.563963,
2.10973 0.56353,
2.11071 0.563332,
2.11257 0.562745,
2.11378 0.562568,
2.11545 0.56189,
2.11644 0.561697,
2.11768 0.561175,
2.11849 0.560639,
2.11934 0.559981,
2.12019 0.559324,
2.12121 0.558997,
2.12218 0.558482,
2.12305 0.557864,
2.12391 0.557246,
2.1249 0.55665,
2.12578 0.555949,
2.12665 0.555245,
2.1276 0.554963,
2.12849 0.554528,
2.12923 0.554008,
2.13005 0.553193,
2.13157 0.552188,
2.13308 0.550958,
2.1341 0.550505,
2.135 0.549748,
2.13584 0.548992,
2.13669 0.548165,
2.13761 0.547281,
2.13853 0.546381,
2.13945 0.54548,
2.13995 0.544918,
2.14038 0.544293,
2.14076 0.543573,
2.14104 0.542789,
2.14135 0.541841,
2.14166 0.540893,
2.14199 0.539734,
2.1422 0.538756,
2.14241 0.537779,
2.14264 0.536433,
2.14277 0.53508,
2.14282 0.533997,
2.14281 0.532059,
2.14256 0.531062,
2.14222 0.530037,
2.14179 0.528889,
2.14136 0.527739,
2.14094 0.527037,
2.14035 0.526178,
2.13976 0.52532,
2.13894 0.524323,
2.13815 0.523434,
2.13735 0.522547,
2.13633 0.52152,
2.13548 0.520662,
2.13462 0.519805,
2.13362 0.518978,
2.13262 0.51846,
2.13162 0.517942,
2.13067 0.517518,
2.12956 0.517366,
2.12844 0.517215,
2.12692 0.517202,
2.12559 0.517207,
2.12426 0.517223,
2.12293 0.51724,
2.12134 0.517246,
2.12059 0.51719,
2.11981 0.517231,
2.11888 0.517422,
2.11772 0.517737,
2.11657 0.51805,
2.11571 0.518207,
2.11483 0.518517,
2.11386 0.518998,
2.11289 0.519478,
2.11183 0.520178,
2.11055 0.521061,
2.10971 0.521548,
2.10884 0.522366,
2.10709 0.52326,
2.10628 0.523601,
2.10535 0.52436,
2.10423 0.525018,
2.10312 0.525674,
2.10214 0.526091,
2.1011 0.526789,
2.1005 0.52737,
2.09936 0.528726,
2.09846 0.529522,
2.09766 0.530156,
2.09685 0.530789,
2.09587 0.531324,
2.095 0.532032,
2.09384 0.533254,
2.0931 0.533973,
2.09182 0.535225,
2.09128 0.535806,
2.09075 0.53658,
2.09011 0.537526,
2.08947 0.538473,
2.08905 0.539134,
2.08841 0.54049,
2.08777 0.541846,
2.08724 0.542832,
2.08674 0.543819,
2.08628 0.54471,
2.08583 0.545598,
2.08534 0.546563,
2.08485 0.547527,
2.08447 0.548477,
2.08434 0.549703,
2.08421 0.55093,
2.08421 0.552616,
2.08428 0.553598,
2.08455 0.554681,
2.08493 0.555529,
2.08544 0.556308,
2.08615 0.557049,
2.08698 0.5579,
2.08782 0.558753,
2.08841 0.559968,
2.08885 0.560577,
2.0897 0.561424,
2.09054 0.562272,
2.09148 0.563165,
2.09218 0.56363,
2.09295 0.563991,
2.09394 0.564291,
2.09502 0.56466,
2.0961 0.565031,
2.09725 0.565119,
"/>
</Transform>

</Section>
