<?xml version="1.0"?>
<!DOCTYPE Section SYSTEM "section.dtd">

<Section index="618" thickness="0.00164" alignLocked="true">
<Transform dim="0"
 xcoef=" 0 1 0 0 0 0"
 ycoef=" 0 0 1 0 0 0">
<Contour name="OuterMembrane" hidden="false" closed="true" simplified="true" border="1 0 0" fill="1 0 0" mode="11"
points="2.08101 0.623357,
2.0856 0.623379,
2.09021 0.6234,
2.09494 0.623415,
2.09792 0.62292,
2.10087 0.622024,
2.10674 0.621867,
2.10976 0.621542,
2.11271 0.620827,
2.11773 0.618857,
2.12203 0.616724,
2.12633 0.614592,
2.13072 0.612268,
2.13523 0.609857,
2.14007 0.607451,
2.144 0.605481,
2.14769 0.603973,
2.15138 0.602464,
2.15545 0.600109,
2.1595 0.597754,
2.16521 0.594023,
2.16892 0.590707,
2.17236 0.587448,
2.17577 0.584255,
2.17926 0.58087,
2.18261 0.577585,
2.18596 0.574298,
2.18943 0.570823,
2.19227 0.567973,
2.19658 0.563583,
2.20062 0.559548,
2.20465 0.555514,
2.20752 0.551822,
2.21038 0.548131,
2.2129 0.543968,
2.21572 0.540329,
2.21854 0.53669,
2.22095 0.532662,
2.22309 0.528787,
2.22484 0.524641,
2.22661 0.520495,
2.22828 0.516313,
2.23002 0.512443,
2.23174 0.508572,
2.2326 0.503646,
2.23347 0.499193,
2.23435 0.494739,
2.23498 0.490344,
2.2356 0.485948,
2.23691 0.481433,
2.23709 0.476737,
2.23719 0.47273,
2.23724 0.467659,
2.23727 0.463344,
2.23727 0.459341,
2.23727 0.455326,
2.23727 0.451225,
2.23716 0.446918,
2.23703 0.442611,
2.23578 0.437816,
2.23484 0.432812,
2.23393 0.427809,
2.2325 0.423268,
2.23107 0.418726,
2.2295 0.41482,
2.22797 0.410664,
2.22645 0.406508,
2.22445 0.401857,
2.22117 0.397301,
2.21807 0.393431,
2.21492 0.389889,
2.2118 0.386558,
2.20865 0.383311,
2.20546 0.380111,
2.20226 0.376911,
2.19858 0.374018,
2.1954 0.371221,
2.19222 0.368423,
2.1893 0.366097,
2.1822 0.363145,
2.17802 0.361469,
2.17385 0.359791,
2.16975 0.358591,
2.16567 0.357389,
2.16124 0.356434,
2.1568 0.35548,
2.15201 0.354192,
2.14671 0.353902,
2.14161 0.353307,
2.13651 0.352713,
2.13185 0.351946,
2.12682 0.351306,
2.12211 0.35097,
2.11754 0.350804,
2.1136 0.350722,
2.10966 0.35064,
2.10625 0.350799,
2.1023 0.351898,
2.09818 0.353038,
2.09407 0.354176,
2.0912 0.354798,
2.08542 0.357299,
2.07975 0.359737,
2.07432 0.362205,
2.06986 0.364431,
2.06553 0.366532,
2.0612 0.368633,
2.05705 0.370752,
2.05343 0.372926,
2.04962 0.375599,
2.04603 0.378005,
2.0426 0.380022,
2.03918 0.382038,
2.03521 0.384465,
2.03122 0.386892,
2.02468 0.390169,
2.02091 0.392828,
2.01722 0.395055,
2.01353 0.397282,
2.0102 0.399269,
2.00606 0.402571,
2.00193 0.405874,
1.99857 0.409857,
1.99508 0.413672,
1.99189 0.417834,
1.98834 0.421869,
1.98474 0.425759,
1.98117 0.429649,
1.97891 0.433526,
1.97679 0.437463,
1.97466 0.441401,
1.97303 0.445488,
1.97139 0.449576,
1.96872 0.455558,
1.96793 0.458975,
1.96679 0.464778,
1.966 0.468794,
1.9652 0.47281,
1.96483 0.477301,
1.96462 0.481773,
1.96452 0.48628,
1.96446 0.490895,
1.96442 0.494829,
1.96442 0.500062,
1.96444 0.505295,
1.96534 0.510058,
1.96625 0.514819,
1.96774 0.519067,
1.96944 0.523208,
1.97097 0.527326,
1.97267 0.531362,
1.97464 0.53567,
1.97661 0.53998,
1.97943 0.544759,
1.98225 0.549536,
1.98665 0.555125,
1.98871 0.558425,
1.99148 0.561782,
1.99422 0.565351,
1.99698 0.568919,
2.00236 0.577018,
2.00531 0.581008,
2.00844 0.584806,
2.01159 0.588606,
2.01787 0.595138,
2.02432 0.600043,
2.03091 0.604909,
2.03427 0.607172,
2.03783 0.60926,
2.04139 0.611348,
2.04757 0.615239,
2.05374 0.61913,
2.05915 0.621488,
2.06466 0.622675,
2.07016 0.622887,
2.07567 0.623097,
"/>
<Contour name="InnerMembrane" hidden="false" closed="true" simplified="true" border="1 0 0" fill="1 0 0" mode="11"
points="2.05125 0.580611,
2.05067 0.580452,
2.05426 0.583348,
2.05784 0.586243,
2.06127 0.588132,
2.06481 0.589959,
2.06876 0.591573,
2.07324 0.592978,
2.07768 0.593814,
2.08193 0.594638,
2.08654 0.595135,
2.09148 0.595469,
2.0959 0.595704,
2.1003 0.595837,
2.10469 0.595969,
2.11084 0.594989,
2.11701 0.594008,
2.12224 0.591809,
2.12687 0.589898,
2.13149 0.587988,
2.13653 0.586008,
2.14068 0.584009,
2.14437 0.581785,
2.14806 0.57955,
2.15173 0.577103,
2.15521 0.574848,
2.15926 0.572083,
2.1629 0.569615,
2.16639 0.566927,
2.1699 0.564237,
2.17249 0.560806,
2.17528 0.557152,
2.17805 0.553388,
2.18102 0.549657,
2.18397 0.545928,
2.1864 0.542686,
2.18883 0.539442,
2.19227 0.534465,
2.19427 0.531934,
2.19658 0.527964,
2.19844 0.524157,
2.20029 0.520405,
2.20201 0.516502,
2.20364 0.512416,
2.20505 0.508074,
2.20632 0.504043,
2.2076 0.50001,
2.20834 0.495037,
2.20887 0.49015,
2.20919 0.485304,
2.20946 0.480438,
2.20952 0.475654,
2.20962 0.470777,
2.20967 0.466724,
2.20959 0.460876,
2.20916 0.455763,
2.2086 0.450941,
2.20805 0.446119,
2.20719 0.441383,
2.20572 0.437075,
2.20432 0.432793,
2.20291 0.42858,
2.20154 0.424406,
2.19991 0.420296,
2.19831 0.416184,
2.19599 0.412829,
2.19391 0.40931,
2.19181 0.40579,
2.18943 0.402651,
2.1866 0.399017,
2.18377 0.395065,
2.18097 0.391114,
2.17818 0.388091,
2.173 0.382765,
2.1709 0.380644,
2.16856 0.378815,
2.1638 0.376336,
2.15909 0.374382,
2.15432 0.372774,
2.14953 0.371165,
2.14448 0.370437,
2.13941 0.369708,
2.13535 0.369436,
2.12987 0.369305,
2.12519 0.3693,
2.12045 0.369305,
2.11562 0.369235,
2.11163 0.36922,
2.10765 0.369207,
2.10199 0.370427,
2.09699 0.371084,
2.09197 0.37174,
2.08798 0.372823,
2.08406 0.373745,
2.08014 0.374666,
2.0756 0.376313,
2.07099 0.378027,
2.0664 0.379739,
2.06235 0.381546,
2.05951 0.384367,
2.05666 0.387188,
2.05325 0.390217,
2.04982 0.393246,
2.04633 0.39605,
2.04278 0.398622,
2.03962 0.401703,
2.03652 0.404821,
2.03383 0.408296,
2.0315 0.411973,
2.02838 0.415735,
2.02527 0.419497,
2.02204 0.423013,
2.01851 0.426111,
2.01213 0.432038,
2.00941 0.435536,
2.00743 0.439494,
2.00241 0.448545,
2.00006 0.452842,
1.99827 0.456994,
1.99649 0.461145,
1.99501 0.465873,
1.99372 0.470429,
1.99271 0.474575,
1.9917 0.478721,
1.99063 0.484832,
1.99047 0.489547,
1.99042 0.493545,
1.99035 0.497542,
1.99117 0.501612,
1.99249 0.505929,
1.99385 0.510188,
1.9955 0.514455,
1.99719 0.518975,
1.99886 0.523493,
2.00152 0.52775,
2.00452 0.531568,
2.00754 0.535232,
2.01039 0.538574,
2.01321 0.542066,
2.01572 0.54592,
2.01823 0.549772,
2.02002 0.552318,
2.02301 0.556401,
2.02588 0.560162,
2.02927 0.563351,
2.03627 0.569982,
2.04249 0.57575,
2.04651 0.578077,
2.05054 0.580403,
"/>
<Contour name="CristaeMembrane" hidden="false" closed="true" simplified="true" border="1 0 0" fill="1 0 0" mode="11"
points="2.10519 0.516398,
2.10402 0.516628,
2.10332 0.516894,
2.10248 0.517541,
2.10163 0.518189,
2.10056 0.519103,
2.09997 0.52006,
2.09928 0.520982,
2.09859 0.521905,
2.09769 0.522796,
2.09681 0.523686,
2.09597 0.52462,
2.0953 0.525676,
2.09461 0.526732,
2.09392 0.527934,
2.09325 0.529136,
2.09285 0.529941,
2.09257 0.530796,
2.09249 0.532003,
2.09246 0.533307,
2.09241 0.53461,
2.09241 0.535834,
2.09241 0.536831,
2.09241 0.538284,
2.09241 0.539447,
2.09243 0.540464,
2.09243 0.541482,
2.09244 0.54261,
2.09274 0.543963,
2.09305 0.544701,
2.09346 0.545392,
2.09438 0.546371,
2.0951 0.547135,
2.0964 0.54846,
2.09754 0.549592,
2.0984 0.550458,
2.09915 0.55122,
2.09991 0.551983,
2.10068 0.552632,
2.10174 0.553339,
2.10282 0.554046,
2.10341 0.554661,
2.10417 0.555238,
2.10507 0.555714,
2.10615 0.556224,
2.10771 0.557293,
2.10824 0.557856,
2.10914 0.558551,
2.1104 0.55915,
2.11219 0.559694,
2.1133 0.560049,
2.11442 0.560403,
2.11521 0.56075,
2.11603 0.560983,
2.11711 0.561223,
2.11821 0.561462,
2.11891 0.561708,
2.12031 0.561813,
2.1217 0.561871,
2.12311 0.5619,
2.12423 0.561915,
2.12533 0.561928,
2.12674 0.561926,
2.12813 0.561925,
2.12954 0.561925,
2.1307 0.561926,
2.13177 0.5619,
2.13303 0.561915,
2.13408 0.561921,
2.13513 0.561928,
2.13615 0.561926,
2.13735 0.561928,
2.13863 0.561916,
2.1399 0.561907,
2.14072 0.561774,
2.14168 0.561418,
2.14261 0.56106,
2.14371 0.560808,
2.14443 0.560521,
2.14533 0.55994,
2.14625 0.55936,
2.14701 0.559165,
2.14771 0.558876,
2.14843 0.558469,
2.14986 0.557649,
2.15099 0.557262,
2.15211 0.556877,
2.15296 0.556629,
2.15398 0.556135,
2.15503 0.555591,
2.15608 0.555048,
2.15716 0.554535,
2.15824 0.554022,
2.1594 0.553326,
2.16047 0.5523,
2.16145 0.551324,
2.16227 0.55064,
2.16308 0.549956,
2.16388 0.549526,
2.16462 0.548979,
2.16539 0.548181,
2.16593 0.547258,
2.16646 0.546336,
2.16778 0.544982,
2.16831 0.544208,
2.16885 0.543134,
2.16942 0.542013,
2.16998 0.540893,
2.17049 0.539878,
2.171 0.538865,
2.17139 0.537828,
2.17166 0.536582,
2.17193 0.535334,
2.17238 0.534014,
2.17284 0.532693,
2.1733 0.530971,
2.17371 0.530069,
2.17397 0.529112,
2.17398 0.527655,
2.1741 0.526374,
2.1742 0.525092,
2.17467 0.523834,
2.17484 0.522884,
2.17485 0.521717,
2.17487 0.520352,
2.17487 0.51917,
2.17487 0.518019,
2.17485 0.516718,
2.17485 0.515418,
2.17485 0.51384,
2.17487 0.512677,
2.17485 0.511209,
2.17485 0.509897,
2.17487 0.508587,
2.17484 0.507816,
2.17471 0.507042,
2.17443 0.506152,
2.1738 0.504799,
2.17316 0.503444,
2.17292 0.502386,
2.17256 0.501327,
2.1722 0.500269,
2.17182 0.499265,
2.17121 0.498173,
2.17059 0.497079,
2.17028 0.496177,
2.16977 0.495155,
2.16926 0.494132,
2.16856 0.493155,
2.16785 0.492175,
2.16733 0.491175,
2.16618 0.489619,
2.16573 0.488804,
2.16519 0.488066,
2.16429 0.487229,
2.16334 0.486659,
2.16241 0.486088,
2.16183 0.485589,
2.16093 0.485028,
2.1598 0.484671,
2.15867 0.484313,
2.15763 0.4838,
2.15667 0.483324,
2.15568 0.482849,
2.15445 0.482411,
2.15322 0.481975,
2.15232 0.481934,
2.15114 0.481932,
2.15012 0.481932,
2.14888 0.481932,
2.14763 0.48193,
2.14678 0.481986,
2.14587 0.482181,
2.14484 0.48247,
2.14368 0.482611,
2.14266 0.482683,
2.1411 0.482718,
2.13953 0.482752,
2.13815 0.482878,
2.13723 0.483147,
2.13633 0.483592,
2.13539 0.484105,
2.13446 0.484618,
2.13356 0.485056,
2.13264 0.485496,
2.13161 0.485983,
2.13057 0.486472,
2.12987 0.486808,
2.12923 0.487231,
2.128 0.488023,
2.12678 0.488815,
2.12519 0.489406,
2.12421 0.489671,
2.12247 0.490527,
2.12119 0.491211,
2.11975 0.492276,
2.11893 0.492723,
2.11791 0.493683,
2.1169 0.494642,
2.11606 0.495446,
2.1153 0.496308,
2.11455 0.497173,
2.11407 0.498199,
2.11391 0.499442,
2.11381 0.500702,
2.11373 0.501961,
2.11391 0.503291,
2.11447 0.504426,
2.11503 0.50556,
2.11603 0.506465,
2.11701 0.50737,
2.11809 0.508188,
2.11939 0.508715,
2.12067 0.509241,
2.12195 0.509635,
2.12295 0.510029,
2.1241 0.510247,
2.12562 0.510258,
2.12678 0.510263,
2.12779 0.510266,
2.12928 0.510261,
2.13046 0.51026,
2.13172 0.510247,
2.13307 0.510258,
2.13415 0.510399,
2.13523 0.510724,
2.13613 0.511331,
2.13703 0.511939,
2.13776 0.512707,
2.13858 0.514219,
2.13887 0.515411,
2.13951 0.516682,
2.14015 0.517953,
2.14089 0.518776,
2.14169 0.520238,
2.14205 0.521864,
2.14207 0.522645,
2.14195 0.524503,
2.14184 0.525597,
2.14135 0.526814,
2.14118 0.527891,
2.141 0.528969,
2.14066 0.52984,
2.13963 0.53103,
2.13859 0.532221,
2.13784 0.532657,
2.13664 0.533074,
2.13538 0.53323,
2.13403 0.533215,
2.13269 0.533202,
2.13143 0.533194,
2.13016 0.533161,
2.12908 0.533092,
2.12806 0.532774,
2.12683 0.532047,
2.12562 0.531321,
2.12442 0.530586,
2.12328 0.530191,
2.12211 0.529794,
2.12068 0.5288,
2.12044 0.527824,
2.11973 0.527011,
2.11886 0.526332,
2.11801 0.525651,
2.11704 0.524761,
2.11612 0.523878,
2.11526 0.523026,
2.11439 0.522174,
2.11378 0.521328,
2.11288 0.520139,
2.11201 0.519129,
2.11093 0.51868,
2.10983 0.51823,
2.10856 0.5177,
2.10758 0.516999,
2.10638 0.516698,
"/>
</Transform>

</Section>
