<?xml version="1.0"?>
<!DOCTYPE Section SYSTEM "section.dtd">

<Section index="691" thickness="0.00164" alignLocked="true">
<Transform dim="0"
 xcoef=" 0 1 0 0 0 0"
 ycoef=" 0 0 1 0 0 0">
<Contour name="OuterMembrane" hidden="false" closed="true" simplified="true" border="1 0 0" fill="1 0 0" mode="11"
points="2.12639 0.451746,
2.12131 0.446897,
2.11622 0.442049,
2.1115 0.438931,
2.10669 0.436188,
2.10189 0.433445,
2.09341 0.429965,
2.0891 0.428837,
2.08372 0.427459,
2.07832 0.42608,
2.07316 0.425587,
2.06681 0.425359,
2.06158 0.425231,
2.0542 0.425245,
2.04683 0.42526,
2.04098 0.427172,
2.0364 0.428955,
2.03043 0.431712,
2.02447 0.434467,
2.01881 0.439431,
2.01477 0.442597,
2.0103 0.445818,
2.0058 0.449039,
2.00149 0.453813,
1.99716 0.458585,
1.99365 0.464645,
1.99229 0.468586,
1.99091 0.475362,
1.99014 0.48146,
1.98971 0.487482,
1.98942 0.493496,
1.98911 0.49951,
1.9897 0.506097,
1.99157 0.513392,
1.99422 0.51959,
1.99695 0.524998,
1.99954 0.530178,
2.00274 0.535434,
2.00605 0.54017,
2.00926 0.544244,
2.01248 0.548319,
2.01795 0.553308,
2.02332 0.558417,
2.02729 0.561287,
2.03196 0.563552,
2.02491 0.560718,
2.02168 0.558635,
2.02579 0.561515,
2.02989 0.564396,
2.03414 0.568157,
2.03965 0.570848,
2.04516 0.573539,
2.0512 0.576188,
2.0549 0.57708,
2.06107 0.577283,
2.06656 0.577357,
2.07194 0.577418,
2.07798 0.577372,
2.08423 0.577424,
2.09048 0.577477,
2.09948 0.575307,
2.10417 0.573534,
2.11257 0.568642,
2.1167 0.565444,
2.12408 0.55924,
2.12721 0.555594,
2.13059 0.549818,
2.1333 0.544808,
2.13546 0.539978,
2.13763 0.53515,
2.13848 0.529853,
2.13931 0.524556,
2.13986 0.518422,
2.14013 0.513428,
2.14022 0.507075,
2.14031 0.500918,
2.14036 0.494898,
2.14015 0.488374,
2.13995 0.481848,
2.13887 0.477719,
2.13597 0.470516,
2.13293 0.464292,
2.12967 0.458019,
"/>
</Transform>

</Section>
