<?xml version="1.0"?>
<!DOCTYPE Section SYSTEM "section.dtd">

<Section index="639" thickness="0.00164" alignLocked="true">
<Transform dim="0"
 xcoef=" 0 1 0 0 0 0"
 ycoef=" 0 0 1 0 0 0">
<Contour name="OuterMembrane" hidden="false" closed="true" simplified="true" border="1 0 0" fill="1 0 0" mode="11"
points="2.09882 0.632837,
2.10607 0.632035,
2.11348 0.630841,
2.1209 0.629645,
2.12529 0.628382,
2.13226 0.625147,
2.13886 0.622305,
2.14489 0.619233,
2.15079 0.616547,
2.15667 0.613532,
2.16239 0.610354,
2.16813 0.606969,
2.17362 0.602948,
2.17928 0.598726,
2.18441 0.593836,
2.18942 0.588421,
2.19442 0.583007,
2.19781 0.577478,
2.20113 0.572435,
2.20418 0.567248,
2.20724 0.562062,
2.21121 0.55574,
2.21428 0.549864,
2.21715 0.544277,
2.21997 0.538163,
2.2225 0.532287,
2.22504 0.52641,
2.22641 0.52017,
2.22769 0.51464,
2.22848 0.508013,
2.2294 0.501496,
2.23004 0.495828,
2.23102 0.489343,
2.23189 0.483231,
2.23235 0.476718,
2.23273 0.470124,
2.23312 0.463528,
2.23296 0.459216,
2.23196 0.453406,
2.23133 0.446757,
2.23038 0.440614,
2.22945 0.43447,
2.22742 0.428911,
2.22499 0.422936,
2.22225 0.416703,
2.21922 0.410556,
2.2162 0.404409,
2.21238 0.398822,
2.20865 0.39357,
2.20465 0.388595,
2.20075 0.383788,
2.19665 0.379043,
2.19255 0.374299,
2.18774 0.369954,
2.18294 0.365608,
2.17767 0.361781,
2.17234 0.358238,
2.16695 0.35503,
2.16145 0.352097,
2.15599 0.349126,
2.1505 0.346578,
2.14491 0.344403,
2.13933 0.342229,
2.13323 0.341153,
2.12713 0.340241,
2.121 0.339421,
2.11486 0.338973,
2.10874 0.338724,
2.10261 0.338558,
2.09674 0.338539,
2.09085 0.338521,
2.08567 0.339798,
2.0805 0.341076,
2.07531 0.342484,
2.06975 0.344162,
2.06399 0.345986,
2.05804 0.347751,
2.05195 0.349691,
2.04587 0.351632,
2.04008 0.354333,
2.03427 0.357035,
2.02827 0.35928,
2.02278 0.36243,
2.01789 0.365613,
2.0133 0.368933,
2.00879 0.372675,
2.00434 0.376578,
1.99988 0.380482,
1.99575 0.385064,
1.99198 0.390003,
1.98822 0.394881,
1.98455 0.399793,
1.9813 0.404634,
1.97805 0.409474,
1.97481 0.414238,
1.9719 0.419097,
1.96912 0.424035,
1.96631 0.428973,
1.96428 0.434264,
1.96216 0.439541,
1.96003 0.444819,
1.95809 0.449412,
1.95606 0.457926,
1.95491 0.465099,
1.95375 0.47213,
1.95304 0.479267,
1.95234 0.486403,
1.9524 0.493796,
1.95327 0.498129,
1.95565 0.505858,
1.95823 0.512692,
1.96067 0.5196,
1.96374 0.525912,
1.96666 0.532247,
1.96967 0.537995,
1.97277 0.543485,
1.97594 0.548888,
1.97932 0.554589,
1.98248 0.559875,
1.98571 0.56477,
1.98896 0.569665,
1.99235 0.574221,
1.99577 0.578779,
1.99947 0.583199,
2.00339 0.587492,
2.00802 0.591755,
2.01272 0.596271,
2.01645 0.600133,
2.02037 0.604263,
2.02466 0.608819,
2.0295 0.613247,
2.03434 0.617675,
2.04046 0.621414,
2.04705 0.624501,
2.05384 0.627648,
2.06063 0.630795,
2.06834 0.632148,
2.07616 0.633504,
2.08405 0.633396,
"/>
<Contour name="InnerMembrane" hidden="false" closed="true" simplified="true" border="1 0 0" fill="1 0 0" mode="11"
points="2.09189 0.609162,
2.09451 0.609701,
2.09713 0.61038,
2.09931 0.610229,
2.1015 0.610078,
2.10374 0.609713,
2.10601 0.609347,
2.10819 0.608898,
2.11037 0.60845,
2.11255 0.608,
2.11471 0.607553,
2.11665 0.606769,
2.11857 0.605987,
2.12037 0.605199,
2.12218 0.604412,
2.12398 0.603654,
2.12578 0.602895,
2.12956 0.601116,
2.13357 0.599286,
2.13764 0.59734,
2.14158 0.595154,
2.14553 0.592968,
2.14919 0.590305,
2.15255 0.587683,
2.15591 0.585059,
2.15942 0.58289,
2.16337 0.580265,
2.16696 0.577631,
2.17057 0.574992,
2.17418 0.572298,
2.17795 0.569629,
2.18197 0.563922,
2.18617 0.557757,
2.19014 0.551258,
2.19409 0.544757,
2.19681 0.537984,
2.19955 0.531211,
2.2025 0.521171,
2.2069 0.51242,
2.20982 0.503024,
2.2107 0.49919,
2.21159 0.496717,
2.21241 0.489971,
2.21303 0.485896,
2.2137 0.481775,
2.21403 0.477491,
2.21423 0.472945,
2.21436 0.468264,
2.21448 0.463523,
2.21459 0.458783,
2.2139 0.453918,
2.2132 0.44905,
2.21182 0.444037,
2.21016 0.439751,
2.20862 0.435427,
2.2071 0.431104,
2.20536 0.427351,
2.20334 0.423883,
2.20139 0.420353,
2.19957 0.416731,
2.19767 0.412855,
2.19563 0.409396,
2.19391 0.405639,
2.19219 0.40188,
2.18965 0.398035,
2.18712 0.394602,
2.1845 0.391463,
2.18186 0.388324,
2.17899 0.386046,
2.176 0.383955,
2.17302 0.381866,
2.16957 0.378322,
2.16662 0.375312,
2.1617 0.372821,
2.15184 0.369471,
2.14709 0.367865,
2.14105 0.369156,
2.13502 0.370446,
2.12887 0.371504,
2.12272 0.372562,
2.11653 0.373607,
2.1105 0.374824,
2.10448 0.376241,
2.0983 0.376828,
2.09205 0.376657,
2.0858 0.376482,
2.07934 0.376198,
2.07257 0.375726,
2.06576 0.375006,
2.05907 0.374524,
2.05307 0.37394,
2.04728 0.37379,
2.04144 0.373833,
2.03567 0.374081,
2.03158 0.375854,
2.02752 0.377626,
2.02319 0.379478,
2.01914 0.382118,
2.0151 0.384757,
2.01253 0.386259,
2.00916 0.389466,
2.00639 0.392714,
2.00395 0.39593,
2.00169 0.39905,
1.99921 0.401972,
1.99681 0.405105,
1.99444 0.408235,
1.99262 0.411766,
1.99073 0.415025,
1.98884 0.418285,
1.9867 0.421264,
1.98506 0.42475,
1.98407 0.428481,
1.98342 0.432201,
1.98276 0.435919,
1.98171 0.439623,
1.98055 0.443553,
1.97912 0.447579,
1.97718 0.451617,
1.97628 0.455677,
1.9762 0.459572,
1.97541 0.463444,
1.97463 0.467315,
1.9743 0.471349,
1.9743 0.475328,
1.97453 0.479154,
1.97499 0.482785,
1.97551 0.486427,
1.97604 0.490068,
1.97682 0.493627,
1.97763 0.497186,
1.97876 0.500684,
1.97991 0.504211,
1.98132 0.507624,
1.98237 0.511229,
1.98342 0.514834,
1.98386 0.517968,
1.98478 0.521436,
1.98568 0.524907,
1.98673 0.528859,
1.98835 0.532728,
1.99006 0.536615,
1.99201 0.540565,
1.99396 0.544459,
1.99634 0.548224,
1.99877 0.551981,
2.0011 0.555676,
2.00339 0.559028,
2.0061 0.562182,
2.00882 0.565336,
2.01113 0.568281,
2.01341 0.57142,
2.01604 0.574633,
2.01861 0.577554,
2.02109 0.580299,
2.02358 0.583045,
2.02565 0.584906,
2.02937 0.586997,
2.03308 0.58909,
2.03631 0.590707,
2.03954 0.592324,
2.04275 0.593898,
2.046 0.595253,
2.04961 0.596919,
2.05313 0.598546,
2.0549 0.599304,
2.05667 0.600061,
2.05856 0.600791,
2.06045 0.601521,
2.06246 0.6023,
2.06448 0.603077,
2.0665 0.603856,
2.06853 0.604635,
2.07052 0.605262,
2.07252 0.60589,
2.07437 0.606401,
2.07624 0.606915,
2.07809 0.607428,
2.07995 0.607792,
2.08182 0.608156,
2.08369 0.608342,
2.08556 0.608537,
2.08736 0.608753,
2.08902 0.608921,
2.09067 0.609088,
2.09264 0.609121,
2.09462 0.609155,
"/>
<Contour name="CristaeMembrane" hidden="false" closed="true" simplified="true" border="1 0 0" fill="1 0 0" mode="11"
points="2.09318 0.540175,
2.092 0.539842,
2.09082 0.539511,
2.08972 0.539421,
2.08862 0.53933,
2.08724 0.539473,
2.08619 0.539813,
2.0851 0.539988,
2.08401 0.540165,
2.08255 0.540455,
2.08118 0.540716,
2.08006 0.540846,
2.07896 0.540975,
2.07809 0.541002,
2.07685 0.541267,
2.07572 0.54153,
2.07455 0.541666,
2.07335 0.541728,
2.0723 0.541759,
2.07071 0.541777,
2.06922 0.541789,
2.06799 0.541795,
2.06674 0.541794,
2.0655 0.54179,
2.06405 0.541989,
2.06307 0.542343,
2.06207 0.54295,
2.06107 0.543558,
2.05969 0.543904,
2.05831 0.544252,
2.05725 0.544428,
2.05618 0.544603,
2.05548 0.544908,
2.05482 0.545302,
2.0532 0.545959,
2.05198 0.546279,
2.05098 0.546766,
2.04997 0.547253,
2.04843 0.54758,
2.04728 0.547839,
2.04631 0.548308,
2.04533 0.548777,
2.04464 0.549106,
2.04398 0.549523,
2.0429 0.550428,
2.04182 0.551335,
2.04064 0.55204,
2.03975 0.552872,
2.03901 0.554017,
2.03826 0.555161,
2.03747 0.556217,
2.03696 0.557224,
2.03652 0.55823,
2.03606 0.559235,
2.03588 0.560178,
2.03586 0.561256,
2.03586 0.562335,
2.03616 0.563642,
2.03699 0.565344,
2.03737 0.566171,
2.0379 0.566981,
2.03862 0.567686,
2.03936 0.568391,
2.04005 0.56921,
2.04098 0.569967,
2.04193 0.570459,
2.04288 0.570953,
2.04378 0.571381,
2.04567 0.571947,
2.04641 0.572263,
2.04739 0.572575,
2.04849 0.573196,
2.04959 0.573818,
2.05059 0.574727,
2.05128 0.575159,
2.05269 0.575842,
2.0538 0.57669,
2.05481 0.577452,
2.05581 0.578215,
2.05746 0.579041,
2.05863 0.579637,
2.05984 0.580253,
2.06104 0.580824,
2.06209 0.581365,
2.06317 0.581824,
2.0642 0.58233,
2.06522 0.582836,
2.06625 0.583396,
2.06729 0.583955,
2.06819 0.584416,
2.06909 0.584875,
2.07055 0.585575,
2.07209 0.586498,
2.07289 0.587145,
2.07365 0.587579,
2.0746 0.58794,
2.07562 0.588093,
2.07663 0.588247,
2.07765 0.588686,
2.0788 0.588832,
2.07996 0.588978,
2.08123 0.58898,
2.0825 0.588981,
2.08341 0.588958,
2.08428 0.588803,
2.08516 0.588499,
2.0866 0.587765,
2.08838 0.586889,
2.08952 0.586323,
2.09041 0.585854,
2.0913 0.585385,
2.09223 0.584932,
2.09318 0.58448,
2.09472 0.584053,
2.09559 0.583925,
2.09651 0.583635,
2.09766 0.583076,
2.09879 0.582515,
2.1001 0.58198,
2.10141 0.581446,
2.10245 0.581096,
2.10341 0.580483,
2.10438 0.579871,
2.10563 0.579458,
2.10688 0.579045,
2.10774 0.578812,
2.10856 0.578453,
2.10958 0.577877,
2.1106 0.577301,
2.11132 0.577059,
2.11199 0.576726,
2.11296 0.576191,
2.11391 0.575655,
2.11467 0.575391,
2.11642 0.574822,
2.11732 0.574384,
2.11824 0.573946,
2.11908 0.573603,
2.12 0.573142,
2.12162 0.57249,
2.12249 0.572258,
2.12331 0.571901,
2.12431 0.571232,
2.12559 0.570346,
2.12706 0.56961,
2.12788 0.569154,
2.1289 0.568649,
2.1299 0.568145,
2.13088 0.56767,
2.13187 0.567196,
2.13256 0.566848,
2.1332 0.566415,
2.13408 0.565552,
2.13502 0.564632,
2.13597 0.563985,
2.13694 0.563335,
2.13766 0.563076,
2.13833 0.562728,
2.13943 0.561884,
2.14048 0.561077,
2.14153 0.560268,
2.14263 0.560068,
2.14348 0.559762,
2.14437 0.559261,
2.14533 0.558786,
2.14628 0.55831,
2.14732 0.557815,
2.14835 0.55732,
2.14983 0.556568,
2.15084 0.556073,
2.15186 0.555578,
2.15299 0.554948,
2.15414 0.55432,
2.15507 0.553962,
2.15594 0.553452,
2.15753 0.552669,
2.1585 0.551762,
2.16013 0.55062,
2.16182 0.549776,
2.1628 0.54897,
2.1638 0.548165,
2.16432 0.54764,
2.16534 0.546635,
2.16628 0.5457,
2.16721 0.544764,
2.16797 0.543913,
2.16847 0.542956,
2.16898 0.542002,
2.16944 0.541111,
2.16988 0.540223,
2.17057 0.539235,
2.17126 0.538246,
2.17208 0.537335,
2.17266 0.536377,
2.17352 0.535145,
2.17403 0.53441,
2.17505 0.53282,
2.17574 0.531841,
2.1762 0.530784,
2.17646 0.52953,
2.17671 0.528277,
2.17749 0.526709,
2.17856 0.525153,
2.1791 0.524152,
2.17963 0.523152,
2.18038 0.521627,
2.18086 0.520711,
2.18131 0.519796,
2.18174 0.518558,
2.18215 0.517318,
2.18276 0.516028,
2.18304 0.514949,
2.1833 0.513871,
2.18427 0.512899,
2.18473 0.512211,
2.18556 0.510537,
2.18609 0.509515,
2.18656 0.50852,
2.18704 0.507524,
2.18755 0.506539,
2.18791 0.505438,
2.18827 0.504339,
2.18853 0.503152,
2.18868 0.501943,
2.18883 0.500735,
2.18933 0.499613,
2.18961 0.498239,
2.18961 0.496905,
2.18963 0.495682,
2.18963 0.494396,
2.18983 0.493068,
2.19002 0.491741,
2.19029 0.490947,
2.19037 0.48943,
2.1904 0.488284,
2.19043 0.486829,
2.19042 0.485619,
2.19042 0.48441,
2.19043 0.482747,
2.19045 0.481084,
2.1902 0.479634,
2.18984 0.478731,
2.18917 0.477862,
2.1885 0.476992,
2.18796 0.475816,
2.18727 0.474823,
2.18658 0.47383,
2.18581 0.472625,
2.18528 0.472064,
2.18469 0.471575,
2.18355 0.470929,
2.18233 0.470524,
2.18117 0.470045,
2.18002 0.469494,
2.17972 0.468254,
2.17941 0.467016,
2.17972 0.465771,
2.18036 0.464245,
2.18089 0.463321,
2.18128 0.462183,
2.1815 0.461097,
2.18172 0.46001,
2.182 0.459275,
2.18277 0.457757,
2.18328 0.456801,
2.18377 0.455845,
2.18423 0.454957,
2.18466 0.454001,
2.18507 0.453043,
2.18563 0.452036,
2.18617 0.451031,
2.18661 0.450223,
2.18697 0.449117,
2.18732 0.448012,
2.18766 0.446889,
2.1881 0.445744,
2.18855 0.444599,
2.18894 0.443951,
2.1893 0.443126,
2.18961 0.442114,
2.18994 0.441104,
2.19033 0.439925,
2.19076 0.438841,
2.19124 0.437778,
2.1917 0.436714,
2.19202 0.435448,
2.19206 0.434303,
2.19207 0.433281,
2.19204 0.431769,
2.19209 0.430254,
2.19184 0.428798,
2.19156 0.428055,
2.19119 0.427356,
2.18989 0.425857,
2.18914 0.425108,
2.18837 0.424325,
2.18755 0.423514,
2.18664 0.422612,
2.18574 0.421711,
2.18445 0.420388,
2.1835 0.419794,
2.18256 0.4192,
2.18127 0.419002,
2.17989 0.418899,
2.17877 0.418848,
2.17766 0.418797,
2.17612 0.418826,
2.17464 0.41881,
2.17318 0.418794,
2.17241 0.418818,
2.17166 0.418943,
2.17049 0.419345,
2.16934 0.420035,
2.16879 0.420535,
2.16788 0.421429,
2.167 0.422325,
2.16631 0.423207,
2.16583 0.424152,
2.16534 0.425095,
2.1647 0.426049,
2.16406 0.427002,
2.16367 0.427638,
2.16301 0.429001,
2.16237 0.430362,
2.1615 0.432071,
2.161 0.43297,
2.16031 0.434324,
2.15981 0.435697,
2.15937 0.437357,
2.15875 0.438279,
2.15837 0.43912,
2.15808 0.440089,
2.15768 0.441071,
2.15731 0.442052,
2.15676 0.442907,
2.15624 0.443759,
2.1556 0.444625,
2.15519 0.445414,
2.15457 0.447075,
2.15401 0.447812,
2.15314 0.449552,
2.15266 0.450467,
2.15214 0.451553,
2.15161 0.45264,
2.1512 0.453348,
2.15089 0.454149,
2.15071 0.454984,
2.14991 0.45631,
2.14911 0.457637,
2.14824 0.459364,
2.14755 0.460382,
2.14687 0.461401,
2.14637 0.462268,
2.14546 0.463362,
2.14458 0.464458,
2.14382 0.465196,
2.14302 0.466009,
2.1423 0.466719,
2.14122 0.467866,
2.14013 0.469012,
2.13912 0.469972,
2.13826 0.47078,
2.13748 0.471539,
2.13658 0.472441,
2.13582 0.473189,
2.13471 0.474377,
2.13359 0.475564,
2.13302 0.476,
2.13239 0.476627,
2.13187 0.477342,
2.13129 0.478439,
2.13074 0.479536,
2.13002 0.480971,
2.12939 0.481834,
2.12877 0.482696,
2.12821 0.483278,
2.12775 0.483928,
2.12711 0.484873,
2.12649 0.485817,
2.12557 0.486806,
2.12488 0.488066,
2.12421 0.489325,
2.1239 0.49006,
2.12369 0.490829,
2.12362 0.491966,
2.12355 0.493102,
2.12313 0.494009,
2.12275 0.495168,
2.12236 0.496328,
2.12195 0.497971,
2.12118 0.499519,
2.12067 0.500515,
2.12013 0.50162,
2.11959 0.502726,
2.11898 0.503669,
2.11837 0.50461,
2.11783 0.505369,
2.11737 0.506288,
2.11691 0.507206,
2.11644 0.508329,
2.11626 0.509108,
2.11576 0.510215,
2.11526 0.511321,
2.11473 0.512657,
2.11448 0.514506,
2.11366 0.516157,
2.11325 0.517066,
2.11299 0.51803,
2.11276 0.519065,
2.11242 0.520021,
2.11207 0.520977,
2.11161 0.522128,
2.11116 0.523281,
2.1104 0.524429,
2.10953 0.52552,
2.10865 0.526611,
2.10799 0.527763,
2.10732 0.528918,
2.10655 0.530325,
2.10589 0.531086,
2.10533 0.531982,
2.10501 0.533056,
2.10404 0.53465,
2.10364 0.535378,
2.10325 0.536346,
2.10241 0.537143,
2.10159 0.537941,
2.10066 0.538279,
2.09971 0.538617,
2.09848 0.539027,
2.09725 0.539439,
2.09577 0.539932,
2.09448 0.540054,
"/>
<Contour name="CristaeMembrane" hidden="false" closed="true" simplified="true" border="1 0 0" fill="1 0 0" mode="11"
points="2.16913 0.50186,
2.16905 0.500833,
2.16877 0.499788,
2.16831 0.498862,
2.16787 0.497935,
2.16734 0.496936,
2.16618 0.495359,
2.16557 0.494285,
2.16465 0.49332,
2.16373 0.492358,
2.16252 0.491232,
2.16175 0.490775,
2.16095 0.490434,
2.15998 0.490203,
2.15896 0.490178,
2.15793 0.490158,
2.15683 0.49017,
2.15573 0.490181,
2.15458 0.490142,
2.15381 0.490242,
2.15306 0.49044,
2.15229 0.490762,
2.15157 0.491188,
2.15063 0.492057,
2.14971 0.492925,
2.14899 0.494155,
2.14827 0.495385,
2.14768 0.496523,
2.14722 0.49743,
2.14674 0.498337,
2.14622 0.498913,
2.14571 0.499829,
2.14537 0.500871,
2.14501 0.501911,
2.1445 0.502893,
2.144 0.503942,
2.1435 0.504992,
2.14286 0.506193,
2.14256 0.507139,
2.14245 0.508389,
2.14235 0.509638,
2.14191 0.510665,
2.14176 0.511855,
2.14169 0.51314,
2.14166 0.514168,
2.14164 0.515196,
2.14163 0.516228,
2.14179 0.517267,
2.14217 0.518283,
2.14291 0.519327,
2.14364 0.520372,
2.14423 0.52153,
2.14568 0.52313,
2.14622 0.523652,
2.14697 0.524177,
2.14778 0.524584,
2.14817 0.524688,
2.14848 0.524823,
2.1495 0.526906,
2.15042 0.527829,
2.15153 0.528528,
2.15283 0.5288,
2.15417 0.528962,
2.15553 0.529043,
2.1569 0.529123,
2.15765 0.529038,
2.15839 0.528857,
2.15913 0.528567,
2.15985 0.52817,
2.16052 0.527663,
2.16177 0.526429,
2.16236 0.525695,
2.16334 0.524044,
2.164 0.523234,
2.16464 0.522255,
2.16526 0.521276,
2.16601 0.520126,
2.16633 0.519429,
2.16654 0.518698,
2.16672 0.517702,
2.16692 0.516708,
2.16729 0.515532,
2.16767 0.514355,
2.16801 0.513249,
2.16836 0.512142,
2.16874 0.510607,
2.1691 0.509072,
2.16911 0.507844,
2.16911 0.506525,
2.16913 0.505207,
2.16913 0.50399,
2.16913 0.502924,
"/>
</Transform>

</Section>
