<?xml version="1.0"?>
<!DOCTYPE Section SYSTEM "section.dtd">

<Section index="662" thickness="0.00164" alignLocked="true">
<Transform dim="0"
 xcoef=" 0 1 0 0 0 0"
 ycoef=" 0 0 1 0 0 0">
<Contour name="OuterMembrane" hidden="false" closed="true" simplified="true" border="1 0 0" fill="1 0 0" mode="11"
points="2.2071 0.459703,
2.207 0.455198,
2.20565 0.445021,
2.20459 0.439271,
2.2027 0.42959,
2.20134 0.42466,
2.19812 0.416594,
2.19481 0.408065,
2.18907 0.394712,
2.18602 0.389843,
2.17961 0.381881,
2.16933 0.370015,
2.16244 0.363367,
2.1585 0.360365,
2.15425 0.357768,
2.14007 0.351199,
2.13123 0.34769,
2.11721 0.342539,
2.11148 0.341379,
2.10187 0.340318,
2.09325 0.340179,
2.0849 0.339997,
2.07485 0.340082,
2.06141 0.339811,
2.0569 0.340077,
2.05075 0.341125,
2.04167 0.343982,
2.03353 0.347349,
2.02612 0.351096,
2.01871 0.354844,
2.01139 0.359698,
2.0041 0.364554,
1.99245 0.373786,
1.98425 0.380946,
1.97548 0.391642,
1.96964 0.402968,
1.96611 0.411174,
1.96436 0.415615,
1.95882 0.430405,
1.95554 0.441508,
1.95455 0.446721,
1.95352 0.454952,
1.95334 0.465229,
1.95303 0.475508,
1.95327 0.479969,
1.95401 0.484809,
1.95703 0.494937,
1.9609 0.503011,
1.9678 0.517033,
1.96971 0.521015,
1.97448 0.528602,
1.97881 0.535881,
1.98581 0.547785,
1.98852 0.552382,
1.99514 0.564199,
1.99759 0.56818,
2.00397 0.578543,
2.00657 0.582741,
2.01126 0.589737,
2.0139 0.593131,
2.02073 0.599991,
2.02381 0.603218,
2.02353 0.602967,
2.03075 0.61457,
2.03849 0.620133,
2.04661 0.625165,
2.05581 0.627721,
2.0653 0.628886,
2.07376 0.628879,
2.07804 0.62862,
2.08851 0.626742,
2.09418 0.625181,
2.09966 0.622943,
2.11311 0.615043,
2.11775 0.612737,
2.12516 0.608466,
2.13202 0.60483,
2.13822 0.600156,
2.14545 0.594067,
2.15329 0.58663,
2.16122 0.579279,
2.16726 0.572209,
2.1733 0.565141,
2.18269 0.553274,
2.18746 0.545195,
2.19575 0.532259,
2.19827 0.525892,
2.19988 0.519181,
2.20326 0.508749,
2.20487 0.503116,
2.20642 0.494162,
2.20665 0.482867,
2.20673 0.473473,
"/>
<Contour name="InnerMembrane" hidden="false" closed="true" simplified="true" border="1 0 0" fill="1 0 0" mode="11"
points="2.09271 0.597914,
2.09733 0.595965,
2.1023 0.59381,
2.10737 0.591571,
2.11214 0.589588,
2.11652 0.587799,
2.12096 0.586118,
2.12539 0.584437,
2.12956 0.582392,
2.13741 0.57842,
2.14261 0.573895,
2.1453 0.571689,
2.15037 0.566576,
2.15412 0.560703,
2.15873 0.553892,
2.16165 0.550104,
2.16406 0.54584,
2.16662 0.541733,
2.1692 0.537626,
2.17161 0.533749,
2.17402 0.529873,
2.17597 0.525515,
2.17782 0.521012,
2.17969 0.516508,
2.18233 0.510007,
2.1835 0.504928,
2.18466 0.499847,
2.18556 0.493907,
2.18681 0.487905,
2.18804 0.481904,
2.18858 0.475115,
2.18906 0.469371,
2.18947 0.463969,
2.18968 0.459346,
2.18924 0.45458,
2.18879 0.449814,
2.1884 0.444799,
2.18686 0.440442,
2.18505 0.43441,
2.18343 0.429095,
2.18184 0.42375,
2.18023 0.418405,
2.17912 0.415091,
2.17626 0.410425,
2.1733 0.406084,
2.17033 0.401743,
2.16729 0.397905,
2.16334 0.394118,
2.1594 0.390333,
2.15473 0.386887,
2.15025 0.384644,
2.14545 0.382222,
2.14064 0.379799,
2.13758 0.378419,
2.13254 0.377095,
2.12736 0.375745,
2.12246 0.374489,
2.11755 0.373231,
2.11293 0.37279,
2.10812 0.372564,
2.10281 0.372449,
2.09685 0.372392,
2.0909 0.372334,
2.08234 0.373512,
2.0776 0.374159,
2.07309 0.374958,
2.0686 0.375836,
2.06401 0.37628,
2.05943 0.376724,
2.05421 0.377892,
2.04902 0.379058,
2.04482 0.380974,
2.04024 0.382787,
2.03545 0.384554,
2.03066 0.38632,
2.02643 0.388682,
2.02174 0.391411,
2.01735 0.394436,
2.01333 0.397564,
2.00979 0.401051,
2.00624 0.404537,
2.00333 0.408826,
2.00042 0.413114,
1.99678 0.417365,
1.99358 0.421078,
1.99039 0.424791,
1.98755 0.428639,
1.98502 0.432921,
1.98389 0.437723,
1.98274 0.442524,
1.98169 0.447627,
1.98066 0.452727,
1.97933 0.458436,
1.978 0.464146,
1.97668 0.469791,
1.9754 0.475589,
1.97584 0.480463,
1.97628 0.485335,
1.97751 0.49037,
1.97891 0.495439,
1.98028 0.500508,
1.98309 0.50541,
1.98609 0.51026,
1.98916 0.515044,
1.99188 0.51959,
1.99458 0.524136,
1.9969 0.52805,
1.99954 0.532062,
2.00237 0.536118,
2.00538 0.540262,
2.00838 0.544405,
2.01136 0.548449,
2.01395 0.553116,
2.01625 0.558348,
2.01856 0.563665,
2.02096 0.568786,
2.02361 0.573661,
2.02656 0.578295,
2.02952 0.58293,
2.03235 0.58773,
2.03642 0.59143,
2.0405 0.59513,
2.04611 0.598933,
2.05223 0.601642,
2.05569 0.602503,
2.0624 0.6027,
2.06778 0.60279,
2.07307 0.602721,
2.07836 0.602652,
2.08321 0.60116,
2.08806 0.599668,
"/>
<Contour name="CristaeMembrane" hidden="false" closed="true" simplified="true" border="1 0 0" fill="1 0 0" mode="11"
points="2.07196 0.572585,
2.07089 0.572244,
2.06981 0.571904,
2.06856 0.571643,
2.0673 0.571383,
2.06627 0.570567,
2.06556 0.570192,
2.06481 0.569915,
2.06363 0.56968,
2.06245 0.569446,
2.06148 0.569082,
2.06048 0.568885,
2.05889 0.56889,
2.05768 0.56887,
2.05667 0.56886,
2.05515 0.568865,
2.05379 0.568857,
2.05261 0.568855,
2.05141 0.568855,
2.04959 0.568865,
2.04779 0.568855,
2.04667 0.568914,
2.04546 0.569228,
2.04372 0.569829,
2.04267 0.570303,
2.04162 0.570777,
2.04049 0.571043,
2.03936 0.57131,
2.03809 0.57144,
2.03696 0.571788,
2.0358 0.571961,
2.03463 0.572134,
2.03381 0.572162,
2.03294 0.572314,
2.03181 0.572701,
2.03068 0.573088,
2.02966 0.573406,
2.02876 0.573854,
2.02786 0.574302,
2.02691 0.574774,
2.02596 0.575248,
2.02463 0.575919,
2.02289 0.576294,
2.02153 0.576665,
2.02069 0.577078,
2.01974 0.577718,
2.01861 0.578412,
2.01748 0.579105,
2.01648 0.579589,
2.01549 0.580073,
2.01413 0.580772,
2.0132 0.581231,
2.01226 0.58169,
2.01157 0.582054,
2.01095 0.5825,
2.01026 0.58321,
2.00956 0.58392,
2.00859 0.584386,
2.00762 0.58485,
2.00682 0.585244,
2.00567 0.58601,
2.00454 0.586776,
2.00365 0.587358,
2.00278 0.588214,
2.00229 0.588876,
2.00151 0.590462,
2.00095 0.591358,
2.00018 0.592279,
1.99942 0.593203,
1.99878 0.593824,
1.99818 0.594656,
1.99762 0.59583,
1.99724 0.597318,
1.99681 0.598231,
1.99647 0.599317,
1.99611 0.600404,
1.99586 0.601109,
1.9957 0.601888,
1.99573 0.602943,
1.99577 0.603997,
1.99573 0.605014,
1.9957 0.606031,
1.99568 0.607771,
1.99568 0.609012,
1.99568 0.610252,
1.99565 0.611108,
1.99565 0.612153,
1.99565 0.613198,
1.9958 0.614644,
1.99609 0.615618,
1.99673 0.616684,
1.99737 0.61775,
1.99778 0.618908,
1.99819 0.620066,
1.99847 0.621157,
1.99898 0.622203,
1.99949 0.623249,
1.99996 0.624204,
2.0005 0.625298,
2.00106 0.626391,
2.00151 0.627229,
2.00231 0.6281,
2.0031 0.628971,
2.0036 0.629522,
2.00457 0.630473,
2.00556 0.631425,
2.00626 0.632153,
2.00746 0.633465,
2.00811 0.634337,
2.00875 0.63521,
2.00952 0.636338,
2.01028 0.637466,
2.01103 0.638567,
2.0122 0.639731,
2.01338 0.640894,
2.01451 0.642001,
2.01536 0.642893,
2.01622 0.643785,
2.01687 0.644361,
2.01777 0.644891,
2.01868 0.64542,
2.01971 0.646258,
2.021 0.64699,
2.02223 0.647733,
2.02346 0.648476,
2.02425 0.648976,
2.02533 0.64931,
2.02643 0.649643,
2.02773 0.650239,
2.02947 0.651131,
2.0307 0.651754,
2.03157 0.652005,
2.03263 0.652217,
2.03388 0.652451,
2.03513 0.652686,
2.03606 0.652894,
2.03727 0.652914,
2.03849 0.652933,
2.0398 0.65305,
2.04106 0.65325,
2.04232 0.653448,
2.04318 0.653671,
2.04428 0.653709,
2.04538 0.653747,
2.04687 0.65373,
2.0479 0.653748,
2.04913 0.65375,
2.05036 0.653752,
2.0522 0.65367,
2.05346 0.653766,
2.05505 0.65373,
2.05622 0.653722,
2.0574 0.653715,
2.0592 0.653735,
2.06022 0.653706,
2.06125 0.653678,
2.06225 0.653704,
2.06325 0.65373,
2.06468 0.653724,
2.06574 0.653478,
2.06697 0.653196,
2.06819 0.652912,
2.06906 0.652946,
2.07004 0.652832,
2.07111 0.652451,
2.07296 0.652072,
2.07406 0.652123,
2.07544 0.651893,
2.07637 0.651449,
2.07731 0.651005,
2.07831 0.65066,
2.07931 0.650317,
2.08029 0.649984,
2.08119 0.649488,
2.08203 0.648727,
2.08311 0.64768,
2.08418 0.646636,
2.08493 0.645868,
2.08562 0.644658,
2.08631 0.643446,
2.0871 0.641868,
2.08756 0.64092,
2.08777 0.639679,
2.088 0.638437,
2.08852 0.637178,
2.08872 0.636294,
2.08874 0.63522,
2.08874 0.634024,
2.08875 0.632694,
2.08874 0.631587,
2.08872 0.63048,
2.08875 0.629412,
2.08875 0.628166,
2.08875 0.627084,
2.08875 0.626037,
2.08877 0.624991,
2.08877 0.623922,
2.08875 0.622924,
2.08877 0.621289,
2.08877 0.620095,
2.08877 0.6189,
2.08846 0.617183,
2.0882 0.616046,
2.08806 0.614897,
2.08793 0.613747,
2.08769 0.612451,
2.08741 0.61134,
2.08713 0.610228,
2.08705 0.609073,
2.08687 0.608345,
2.08624 0.606685,
2.08598 0.605649,
2.08572 0.604686,
2.08546 0.603722,
2.08521 0.602551,
2.08495 0.601431,
2.0848 0.600286,
2.08474 0.599072,
2.0847 0.597703,
2.08469 0.596378,
2.08467 0.595079,
2.08467 0.59378,
2.08452 0.592378,
2.08419 0.591376,
2.08385 0.589447,
2.08375 0.588489,
2.08334 0.587228,
2.08291 0.585967,
2.08241 0.584775,
2.0819 0.583583,
2.08136 0.582395,
2.08068 0.58147,
2.08003 0.580547,
2.07914 0.579387,
2.07832 0.578264,
2.07752 0.577139,
2.07673 0.57593,
2.07575 0.574979,
2.07506 0.574531,
2.07491 0.574461,
2.07458 0.574292,
2.07367 0.573967,
2.07281 0.573275,
"/>
<Contour name="CristaeMembrane" hidden="false" closed="true" simplified="true" border="1 0 0" fill="1 0 0" mode="11"
points="2.13282 0.517919,
2.13259 0.516775,
2.13195 0.515808,
2.13129 0.514839,
2.13033 0.514192,
2.12936 0.513545,
2.12823 0.513346,
2.12708 0.513223,
2.1259 0.513179,
2.1247 0.513135,
2.12375 0.513331,
2.12285 0.513679,
2.12195 0.51422,
2.12103 0.51509,
2.12011 0.51596,
2.11963 0.516589,
2.11883 0.517956,
2.11727 0.518968,
2.11632 0.519869,
2.11537 0.520771,
2.11371 0.521597,
2.11273 0.522022,
2.11181 0.522565,
2.11088 0.523109,
2.10978 0.523498,
2.10911 0.523872,
2.10848 0.524331,
2.10701 0.5253,
2.10596 0.526023,
2.1051 0.526876,
2.10432 0.52766,
2.1035 0.528477,
2.10269 0.529294,
2.10184 0.53014,
2.10099 0.530986,
2.10032 0.531686,
2.09976 0.532485,
2.0991 0.533418,
2.09843 0.53435,
2.09758 0.535344,
2.09695 0.536305,
2.09635 0.537266,
2.09574 0.538086,
2.09517 0.539247,
2.09461 0.540208,
2.094 0.541029,
2.09318 0.541951,
2.09231 0.542892,
2.09134 0.543901,
2.09039 0.544911,
2.08992 0.545621,
2.08887 0.547227,
2.08821 0.548386,
2.08756 0.549544,
2.08715 0.550336,
2.08682 0.55137,
2.08675 0.552585,
2.0867 0.554555,
2.08669 0.55576,
2.08669 0.556972,
2.08667 0.558184,
2.08679 0.559612,
2.08733 0.560877,
2.08787 0.562143,
2.08818 0.562833,
2.08857 0.563497,
2.08941 0.564393,
2.09026 0.56529,
2.09121 0.565998,
2.09228 0.566505,
2.09305 0.566722,
2.09385 0.566835,
2.09554 0.566838,
2.09677 0.566838,
2.09784 0.56684,
2.09887 0.566845,
2.09991 0.566848,
2.10064 0.566817,
2.1014 0.566691,
2.10245 0.566331,
2.10348 0.565746,
2.1046 0.565454,
2.10571 0.56516,
2.10671 0.564942,
2.10771 0.564591,
2.10873 0.564242,
2.11002 0.563778,
2.1115 0.563342,
2.11248 0.56296,
2.1136 0.562199,
2.1147 0.561436,
2.11642 0.560578,
2.11809 0.559745,
2.11877 0.559383,
2.11959 0.558764,
2.12031 0.558025,
2.12104 0.557283,
2.1226 0.556254,
2.12329 0.555814,
2.1239 0.555286,
2.12467 0.55451,
2.12544 0.553733,
2.12629 0.552736,
2.12723 0.551832,
2.12816 0.550928,
2.12898 0.550149,
2.1297 0.549446,
2.13044 0.548741,
2.1312 0.547844,
2.13182 0.546861,
2.13246 0.545879,
2.13313 0.54481,
2.13379 0.543947,
2.13444 0.543181,
2.1351 0.542415,
2.13576 0.541751,
2.1363 0.540995,
2.13679 0.540039,
2.13726 0.539083,
2.13772 0.537991,
2.13784 0.536724,
2.1379 0.53536,
2.13794 0.534261,
2.13794 0.532554,
2.13795 0.531088,
2.13797 0.52961,
2.13797 0.52838,
2.13797 0.527255,
2.13794 0.526014,
2.1379 0.524772,
2.13774 0.523955,
2.13744 0.523158,
2.13689 0.522202,
2.13615 0.521328,
2.1353 0.520643,
2.1343 0.519992,
2.1333 0.519339,
2.13266 0.518891,
2.13195 0.518522,
2.131 0.518247,
2.13003 0.517971,
2.12984 0.517864,
2.12988 0.517892,
2.13136 0.517905,
"/>
</Transform>

</Section>
