<?xml version="1.0"?>
<!DOCTYPE Section SYSTEM "section.dtd">

<Section index="583" thickness="0.00164" alignLocked="true">
<Transform dim="0"
 xcoef=" 0 1 0 0 0 0"
 ycoef=" 0 0 1 0 0 0">
<Contour name="OuterMembrane" hidden="false" closed="true" simplified="true" border="1 0 0" fill="1 0 0" mode="11"
points="2.04242 0.557521,
2.04756 0.560575,
2.05754 0.566174,
2.06322 0.568649,
2.06891 0.571125,
2.07396 0.572593,
2.08106 0.57285,
2.08815 0.573109,
2.0933 0.571732,
2.09869 0.569805,
2.1041 0.567876,
2.10934 0.565811,
2.1144 0.563683,
2.11959 0.561821,
2.12511 0.559739,
2.13062 0.557657,
2.13661 0.555088,
2.14081 0.551781,
2.14502 0.548475,
2.14907 0.54419,
2.15312 0.539904,
2.15649 0.533563,
2.15937 0.528021,
2.16219 0.522194,
2.16426 0.517363,
2.16764 0.508518,
2.16951 0.501246,
2.17208 0.494552,
2.17482 0.489771,
2.17769 0.485814,
2.18054 0.481858,
2.18414 0.475446,
2.18712 0.470286,
2.19011 0.465127,
2.19284 0.460015,
2.19384 0.454651,
2.19445 0.449011,
2.19457 0.443187,
2.19468 0.437363,
2.19238 0.431392,
2.18968 0.425839,
2.18696 0.420284,
2.18336 0.416032,
2.17977 0.411778,
2.17375 0.405698,
2.16719 0.402074,
2.16147 0.399445,
2.15596 0.39761,
2.15038 0.396116,
2.14451 0.395014,
2.13887 0.394297,
2.13343 0.393954,
2.12792 0.393774,
2.12203 0.393643,
2.11596 0.393511,
2.10989 0.393382,
2.10437 0.394591,
2.09882 0.395798,
2.09167 0.398071,
2.08451 0.400344,
2.07986 0.403184,
2.07552 0.405969,
2.07117 0.408754,
2.06745 0.412762,
2.06405 0.416844,
2.0605 0.421308,
2.05694 0.425774,
2.05325 0.430772,
2.05092 0.436476,
2.0489 0.441668,
2.04724 0.44708,
2.04562 0.452481,
2.044 0.457881,
2.04226 0.463,
2.04039 0.468125,
2.038 0.473066,
2.03562 0.478008,
2.03375 0.482837,
2.03203 0.487505,
2.03011 0.492485,
2.0284 0.497733,
2.02707 0.503177,
2.02576 0.508618,
2.02519 0.514329,
2.02602 0.519509,
2.02748 0.525028,
2.02896 0.530422,
2.0314 0.54071,
2.03293 0.545395,
2.03467 0.548878,
2.03686 0.552096,
2.03945 0.554996,
"/>
</Transform>

</Section>
