<?xml version="1.0"?>
<!DOCTYPE Section SYSTEM "section.dtd">

<Section index="591" thickness="0.00164" alignLocked="true">
<Transform dim="0"
 xcoef=" 0 1 0 0 0 0"
 ycoef=" 0 0 1 0 0 0">
<Contour name="OuterMembrane" hidden="false" closed="true" simplified="true" border="1 0 0" fill="1 0 0" mode="11"
points="2.06694 0.57421,
2.06674 0.574244,
2.07522 0.574587,
2.08006 0.576312,
2.08416 0.576959,
2.08944 0.577606,
2.09469 0.577895,
2.09992 0.578182,
2.10422 0.577813,
2.10852 0.577446,
2.11301 0.576453,
2.11893 0.573765,
2.12393 0.570717,
2.12923 0.568196,
2.13297 0.565295,
2.13692 0.562513,
2.14061 0.559835,
2.1441 0.557267,
2.14766 0.55473,
2.15116 0.551839,
2.15465 0.548949,
2.15734 0.54538,
2.16003 0.541813,
2.16213 0.538173,
2.16409 0.53391,
2.16605 0.529648,
2.16797 0.525236,
2.16939 0.520857,
2.1708 0.516479,
2.17187 0.511885,
2.17292 0.50729,
2.17371 0.503257,
2.17428 0.499264,
2.17513 0.495131,
2.17623 0.490588,
2.17743 0.486045,
2.17874 0.481534,
2.17951 0.476664,
2.18007 0.471803,
2.18031 0.466867,
2.18045 0.462119,
2.18051 0.457427,
2.18061 0.452715,
2.18025 0.447715,
2.17964 0.44277,
2.17894 0.438085,
2.17822 0.433401,
2.17708 0.429172,
2.17585 0.42498,
2.17407 0.420589,
2.17234 0.416027,
2.17075 0.412266,
2.16824 0.4051,
2.16577 0.400975,
2.16337 0.396619,
2.16134 0.393172,
2.15875 0.389515,
2.15616 0.385856,
2.15316 0.382341,
2.14956 0.378917,
2.14596 0.375493,
2.14176 0.372475,
2.13887 0.371106,
2.13407 0.370212,
2.12957 0.369535,
2.12542 0.369215,
2.12136 0.368943,
2.11724 0.368872,
2.11312 0.3688,
2.10897 0.368734,
2.10412 0.370191,
2.09927 0.371647,
2.09505 0.374996,
2.09111 0.37835,
2.08792 0.381315,
2.08483 0.385295,
2.08175 0.389275,
2.07939 0.393528,
2.07701 0.397789,
2.07467 0.401854,
2.07234 0.405921,
2.0704 0.409761,
2.06822 0.413692,
2.06602 0.417623,
2.06355 0.42148,
2.06091 0.425068,
2.05795 0.428493,
2.05394 0.431261,
2.04933 0.432911,
2.04447 0.434323,
2.03954 0.435973,
2.0346 0.437818,
2.0308 0.439394,
2.02711 0.441286,
2.02337 0.443205,
2.01963 0.445124,
2.01579 0.447184,
2.012 0.450654,
2.00889 0.453683,
2.00592 0.456943,
2.00301 0.460584,
2.00034 0.464437,
1.9977 0.468307,
1.99506 0.472179,
1.99335 0.476233,
1.99208 0.480349,
1.9908 0.484466,
1.98991 0.48912,
1.98986 0.494468,
1.98983 0.499431,
1.99001 0.504356,
1.99019 0.509282,
1.99144 0.515545,
1.99262 0.520943,
1.99378 0.526338,
1.99575 0.530679,
1.9977 0.53502,
1.99908 0.538163,
2.00141 0.541756,
2.00401 0.545095,
2.00669 0.548262,
2.00959 0.551429,
2.01249 0.554594,
2.01617 0.556762,
2.01987 0.558873,
2.02386 0.560577,
2.02788 0.562427,
2.03188 0.564275,
2.03637 0.56552,
2.04087 0.566764,
2.04465 0.568237,
2.04844 0.569729,
2.05631 0.572744,
2.05992 0.57382,
2.06368 0.574303,
"/>
</Transform>

</Section>
