<?xml version="1.0"?>
<!DOCTYPE Section SYSTEM "section.dtd">

<Section index="603" thickness="0.00164" alignLocked="true">
<Transform dim="0"
 xcoef=" 0 1 0 0 0 0"
 ycoef=" 0 0 1 0 0 0">
<Contour name="OuterMembrane" hidden="false" closed="true" simplified="true" border="1 0 0" fill="1 0 0" mode="11"
points="2.03585 0.582125,
2.03975 0.583919,
2.04364 0.585715,
2.04757 0.587794,
2.05159 0.589982,
2.05556 0.591837,
2.05956 0.593582,
2.06392 0.595545,
2.06815 0.59798,
2.07229 0.600593,
2.07683 0.602985,
2.08136 0.605335,
2.08597 0.607202,
2.09074 0.608583,
2.09558 0.609347,
2.10032 0.609768,
2.10505 0.610082,
2.10989 0.609721,
2.11481 0.60877,
2.11955 0.607348,
2.1241 0.605504,
2.1281 0.603154,
2.13223 0.601114,
2.13644 0.598605,
2.14035 0.596463,
2.14423 0.594321,
2.14819 0.591694,
2.15216 0.589067,
2.15681 0.585644,
2.16024 0.582912,
2.16431 0.579148,
2.16764 0.575468,
2.17064 0.571671,
2.17356 0.567637,
2.17648 0.563602,
2.17864 0.559499,
2.18081 0.555397,
2.18295 0.551124,
2.18512 0.546732,
2.18692 0.542456,
2.18819 0.538402,
2.18945 0.534346,
2.18989 0.530251,
2.19038 0.525809,
2.19099 0.521777,
2.19197 0.517017,
2.19296 0.512254,
2.19411 0.507923,
2.19525 0.503667,
2.19655 0.499424,
2.19767 0.495027,
2.19875 0.490293,
2.19939 0.485804,
2.19981 0.481575,
2.20008 0.477407,
2.20021 0.473015,
2.20029 0.4685,
2.20037 0.463987,
2.20037 0.458857,
2.20031 0.453842,
2.20022 0.448829,
2.19985 0.443431,
2.19924 0.43789,
2.19857 0.432294,
2.1979 0.426697,
2.19753 0.423776,
2.19599 0.417742,
2.19376 0.412125,
2.19204 0.407614,
2.19019 0.403043,
2.18861 0.399445,
2.18569 0.394218,
2.18277 0.388992,
2.17974 0.385011,
2.17669 0.381029,
2.17311 0.377318,
2.17069 0.375553,
2.16662 0.372987,
2.16257 0.370619,
2.15881 0.368423,
2.15517 0.366417,
2.15168 0.364316,
2.14755 0.362442,
2.14296 0.360562,
2.13823 0.359631,
2.13353 0.358699,
2.12939 0.358461,
2.12503 0.358247,
2.12052 0.35813,
2.11601 0.358015,
2.11017 0.358322,
2.10591 0.359757,
2.10133 0.361294,
2.09689 0.363025,
2.09244 0.364756,
2.088 0.367122,
2.08393 0.369802,
2.08001 0.372273,
2.07616 0.375188,
2.0724 0.378282,
2.06947 0.380957,
2.06653 0.383632,
2.06386 0.388147,
2.06128 0.392623,
2.05928 0.396603,
2.0572 0.400434,
2.05512 0.404263,
2.0531 0.407816,
2.05107 0.411368,
2.04887 0.414966,
2.04665 0.418566,
2.04437 0.422508,
2.04155 0.425931,
2.03777 0.427643,
2.03285 0.428524,
2.02791 0.429406,
2.02197 0.431268,
2.01689 0.432781,
2.0118 0.434295,
2.008 0.436173,
2.00447 0.438149,
2.00095 0.440125,
1.99739 0.442538,
1.99385 0.44495,
1.9908 0.448305,
1.98765 0.452005,
1.98451 0.455704,
1.98151 0.459751,
1.97945 0.465424,
1.97718 0.471192,
1.97628 0.475894,
1.97584 0.480382,
1.97548 0.484825,
1.97533 0.489312,
1.97525 0.493624,
1.9752 0.497802,
1.97515 0.501968,
1.9751 0.506132,
1.9759 0.511672,
1.97669 0.517212,
1.97768 0.52172,
1.97866 0.526228,
1.97996 0.530702,
1.98125 0.535176,
1.98333 0.539624,
1.98548 0.544216,
1.98768 0.548716,
1.98988 0.553216,
1.99296 0.557262,
1.99668 0.55954,
2.00016 0.562103,
2.00364 0.564668,
2.00698 0.567063,
2.01075 0.569521,
2.01476 0.572125,
2.01876 0.574728,
2.02287 0.577452,
2.02724 0.579177,
2.03162 0.580901,
"/>
<Contour name="InnerMembrane" hidden="false" closed="true" simplified="true" border="1 0 0" fill="1 0 0" mode="11"
points="2.03639 0.442474,
2.03393 0.443531,
2.03148 0.444711,
2.0284 0.445939,
2.02532 0.447166,
2.02222 0.448476,
2.02069 0.449763,
2.01917 0.451049,
2.01677 0.453219,
2.01474 0.455535,
2.01271 0.457849,
2.01064 0.460309,
2.00982 0.46187,
2.009 0.463433,
2.00818 0.464996,
2.00736 0.466557,
2.00597 0.469343,
2.00454 0.472253,
2.00311 0.475162,
2.00234 0.478388,
2.00182 0.481519,
2.00147 0.484613,
2.00132 0.48761,
2.00126 0.490785,
2.00119 0.494047,
2.00116 0.497888,
2.00114 0.501727,
2.002 0.507177,
2.0026 0.51013,
2.00321 0.513082,
2.00419 0.516023,
2.00583 0.518875,
2.00846 0.523741,
2.00957 0.525782,
2.0118 0.528259,
2.01385 0.530419,
2.01607 0.532272,
2.0183 0.534127,
2.0205 0.536277,
2.02325 0.538094,
2.02701 0.539731,
2.03058 0.540979,
2.03408 0.542179,
2.03757 0.54338,
2.04146 0.545205,
2.04487 0.546681,
2.04792 0.548067,
2.0509 0.549495,
2.05387 0.550925,
2.05704 0.552104,
2.06032 0.553303,
2.06332 0.554773,
2.06612 0.556213,
2.06894 0.557652,
2.07178 0.559266,
2.07437 0.560847,
2.07696 0.562428,
2.08131 0.565067,
2.08418 0.566277,
2.08705 0.567489,
2.08974 0.568337,
2.09256 0.56876,
2.09538 0.569183,
2.09845 0.569925,
2.1015 0.570666,
2.1045 0.570932,
2.10773 0.571,
2.11094 0.571069,
2.11489 0.57114,
2.11826 0.571171,
2.12149 0.571184,
2.12506 0.571199,
2.12864 0.571212,
2.13105 0.571051,
2.13353 0.570513,
2.13654 0.569241,
2.13954 0.56797,
2.14233 0.566695,
2.14492 0.565592,
2.14753 0.564486,
2.15017 0.563274,
2.15281 0.561064,
2.15491 0.559179,
2.15768 0.556511,
2.16008 0.554172,
2.16245 0.551835,
2.16434 0.548788,
2.16588 0.546373,
2.16741 0.543957,
2.16859 0.541882,
2.17098 0.537075,
2.172 0.534182,
2.17302 0.531247,
2.17415 0.528615,
2.17528 0.525984,
2.176 0.522917,
2.17672 0.519849,
2.17777 0.516807,
2.17854 0.51384,
2.17931 0.510873,
2.17974 0.507559,
2.18015 0.504244,
2.18051 0.501348,
2.1811 0.497133,
2.18145 0.493738,
2.18179 0.490344,
2.18246 0.486293,
2.18314 0.482242,
2.18332 0.47879,
2.18392 0.475464,
2.18445 0.471992,
2.18497 0.46852,
2.18556 0.466068,
2.18568 0.462001,
2.18573 0.458106,
2.18576 0.4543,
2.18576 0.450649,
2.18568 0.447067,
2.18523 0.443661,
2.18468 0.440266,
2.18412 0.43687,
2.1833 0.433678,
2.1825 0.430487,
2.18207 0.427412,
2.18135 0.424361,
2.18041 0.421177,
2.17943 0.417928,
2.17843 0.414679,
2.17705 0.411725,
2.17569 0.408772,
2.17433 0.405654,
2.17297 0.402536,
2.17225 0.40035,
2.17087 0.397564,
2.16951 0.394778,
2.16849 0.392898,
2.16539 0.389462,
2.16221 0.385982,
2.1605 0.384441,
2.15852 0.383088,
2.15345 0.380928,
2.15048 0.379995,
2.14724 0.378976,
2.14412 0.378207,
2.141 0.377436,
2.13741 0.376841,
2.13361 0.376475,
2.12969 0.376183,
2.12667 0.37605,
2.12303 0.375996,
2.11952 0.375944,
2.11601 0.375893,
2.11232 0.376503,
2.10865 0.377113,
2.10558 0.378391,
2.1025 0.379668,
2.09941 0.381008,
2.0963 0.382715,
2.09318 0.384423,
2.09041 0.386587,
2.08798 0.388459,
2.08554 0.39033,
2.08318 0.392491,
2.08075 0.394792,
2.07831 0.397093,
2.07609 0.39894,
2.07378 0.401134,
2.07148 0.403327,
2.06878 0.406028,
2.06771 0.407725,
2.06663 0.409421,
2.06556 0.411117,
2.0645 0.412814,
2.06364 0.414428,
2.06279 0.416042,
2.06137 0.419086,
2.05999 0.422193,
2.05912 0.423746,
2.05825 0.4253,
2.05631 0.428153,
2.05441 0.430936,
2.05338 0.432384,
2.05233 0.433831,
2.05128 0.435279,
2.05023 0.436725,
2.0479 0.439282,
2.04598 0.439541,
2.04405 0.4398,
2.04218 0.440506,
2.04032 0.441211,
2.03793 0.442183,
"/>
<Contour name="CristaeMembrane" hidden="false" closed="true" simplified="true" border="1 0 0" fill="1 0 0" mode="11"
points="2.04598 0.489332,
2.04465 0.489322,
2.04359 0.489337,
2.04251 0.489351,
2.04057 0.489325,
2.03859 0.489376,
2.03714 0.489348,
2.03604 0.489333,
2.03458 0.489332,
2.03311 0.48933,
2.03204 0.489519,
2.0313 0.489771,
2.02984 0.490517,
2.02916 0.490832,
2.02819 0.491618,
2.0272 0.49251,
2.02622 0.493402,
2.0257 0.493958,
2.02525 0.49459,
2.02427 0.496172,
2.02363 0.49703,
2.02307 0.49816,
2.02279 0.499185,
2.02253 0.500285,
2.02227 0.501386,
2.02197 0.50246,
2.02194 0.50347,
2.02191 0.504777,
2.02192 0.505845,
2.02192 0.506911,
2.02192 0.508411,
2.02189 0.50991,
2.02199 0.511085,
2.02225 0.512074,
2.02269 0.513044,
2.02337 0.51396,
2.02437 0.51556,
2.02506 0.516354,
2.02574 0.517149,
2.02627 0.517704,
2.02688 0.518197,
2.02766 0.518663,
2.02878 0.519017,
2.02991 0.519372,
2.03096 0.519828,
2.03211 0.520024,
2.03324 0.520221,
2.03412 0.520605,
2.03504 0.520843,
2.03632 0.52101,
2.0376 0.521177,
2.03888 0.521609,
2.04031 0.521679,
2.04165 0.521709,
2.0427 0.521725,
2.0441 0.52173,
2.04549 0.521735,
2.04652 0.521571,
2.0478 0.521249,
2.04907 0.520928,
2.04995 0.520879,
2.05089 0.520679,
2.05207 0.520137,
2.05325 0.519596,
2.05474 0.519255,
2.05577 0.519049,
2.05669 0.518612,
2.05776 0.51813,
2.05884 0.517646,
2.06018 0.517533,
2.06145 0.517136,
2.06222 0.516718,
2.06301 0.516028,
2.06396 0.515568,
2.06492 0.515109,
2.06573 0.514914,
2.06666 0.51447,
2.06758 0.514025,
2.0685 0.513607,
2.0694 0.512981,
2.07111 0.512557,
2.07229 0.512223,
2.07352 0.512065,
2.07486 0.511987,
2.07626 0.511947,
2.07742 0.511928,
2.07867 0.512144,
2.07991 0.512359,
2.08073 0.512598,
2.08177 0.512664,
2.08298 0.512695,
2.08411 0.512854,
2.08516 0.513266,
2.08619 0.513678,
2.08674 0.514807,
2.08723 0.515693,
2.08772 0.516577,
2.08808 0.517556,
2.08864 0.518478,
2.08957 0.519682,
2.09043 0.521392,
2.09092 0.522378,
2.09139 0.523365,
2.09213 0.524397,
2.09285 0.525428,
2.09323 0.526192,
2.09377 0.526958,
2.09466 0.527849,
2.09548 0.528861,
2.0963 0.529873,
2.09695 0.531125,
2.09763 0.532377,
2.098 0.533298,
2.09859 0.53422,
2.09948 0.535273,
2.10035 0.536326,
2.10094 0.537346,
2.10179 0.53824,
2.10264 0.539132,
2.10399 0.540364,
2.10548 0.541075,
2.10617 0.541517,
2.10692 0.541859,
2.10879 0.542422,
2.10989 0.542756,
2.11098 0.543091,
2.11201 0.543563,
2.1136 0.54388,
2.11493 0.543811,
2.11614 0.543316,
2.11737 0.542822,
2.11849 0.542104,
2.1196 0.541387,
2.12057 0.541187,
2.1216 0.540705,
2.12264 0.540221,
2.12362 0.539747,
2.12459 0.539273,
2.12557 0.538714,
2.12728 0.537858,
2.12815 0.537033,
2.12903 0.536208,
2.12967 0.535148,
2.13039 0.534232,
2.1311 0.533317,
2.13177 0.532595,
2.13233 0.531742,
2.13272 0.530857,
2.13287 0.529771,
2.13302 0.528685,
2.13303 0.527357,
2.13303 0.526097,
2.13303 0.524844,
2.13303 0.52378,
2.13303 0.522717,
2.13302 0.521764,
2.13289 0.520969,
2.13264 0.52017,
2.13223 0.519322,
2.13167 0.51852,
2.13061 0.517445,
2.12965 0.516488,
2.12875 0.51558,
2.12779 0.514632,
2.12682 0.513684,
2.12592 0.512759,
2.125 0.511836,
2.12436 0.511206,
2.12339 0.510637,
2.12275 0.509661,
2.12334 0.508607,
2.12393 0.507554,
2.12454 0.507072,
2.12567 0.505932,
2.12678 0.50479,
2.12723 0.504177,
2.12811 0.502414,
2.12875 0.501464,
2.12939 0.500515,
2.12995 0.499603,
2.13034 0.498604,
2.13067 0.497614,
2.131 0.496623,
2.13125 0.495884,
2.13185 0.494084,
2.13234 0.493079,
2.13284 0.492074,
2.13343 0.490965,
2.13392 0.489189,
2.13448 0.488085,
2.13502 0.48698,
2.13531 0.486132,
2.13541 0.484554,
2.13544 0.48306,
2.13548 0.481906,
2.13549 0.480896,
2.13548 0.479792,
2.13549 0.478721,
2.13549 0.477653,
2.13551 0.476279,
2.13551 0.474906,
2.13546 0.47306,
2.13551 0.472328,
2.13549 0.470933,
2.13549 0.469535,
2.13544 0.468177,
2.13507 0.466908,
2.13489 0.465896,
2.13464 0.464107,
2.13466 0.462465,
2.13467 0.461232,
2.13469 0.459999,
2.13462 0.45911,
2.13433 0.457981,
2.1341 0.456963,
2.13398 0.45594,
2.13392 0.454865,
2.13385 0.453042,
2.13387 0.451543,
2.13387 0.450401,
2.13385 0.448993,
2.13385 0.447625,
2.13387 0.446541,
2.13387 0.444556,
2.1338 0.443592,
2.13359 0.442626,
2.13325 0.441621,
2.13289 0.440614,
2.13249 0.439464,
2.1317 0.43831,
2.13092 0.437157,
2.13052 0.436379,
2.13 0.435669,
2.12918 0.434843,
2.12834 0.434015,
2.12728 0.433029,
2.12651 0.432557,
2.12523 0.432086,
2.12403 0.431999,
2.12293 0.43196,
2.12152 0.431942,
2.12032 0.431928,
2.11913 0.431915,
2.11811 0.431914,
2.11699 0.431915,
2.1158 0.431914,
2.11458 0.431914,
2.11373 0.432004,
2.11284 0.43223,
2.11202 0.432581,
2.11124 0.43307,
2.11052 0.433752,
2.10973 0.434516,
2.10894 0.435282,
2.10817 0.436055,
2.10738 0.436829,
2.10602 0.438233,
2.10519 0.439077,
2.10446 0.440242,
2.1041 0.44118,
2.10376 0.442119,
2.10302 0.443153,
2.1024 0.444068,
2.10179 0.444981,
2.10127 0.445973,
2.10073 0.446967,
2.10028 0.44782,
2.09999 0.448811,
2.09969 0.4498,
2.0993 0.450984,
2.09892 0.452168,
2.09841 0.453168,
2.0979 0.454168,
2.09759 0.455233,
2.09726 0.456296,
2.09679 0.457232,
2.09635 0.458177,
2.0959 0.45912,
2.09535 0.460127,
2.0949 0.461437,
2.09446 0.462746,
2.09421 0.463564,
2.09398 0.464664,
2.09351 0.465921,
2.09307 0.467028,
2.09262 0.468133,
2.0921 0.469153,
2.09156 0.470173,
2.09105 0.471187,
2.09054 0.472199,
2.09026 0.473584,
2.09 0.474969,
2.08954 0.476266,
2.08913 0.477301,
2.0887 0.478249,
2.08828 0.479195,
2.08775 0.480223,
2.08711 0.481294,
2.08647 0.482365,
2.08595 0.483088,
2.08533 0.484023,
2.08472 0.484956,
2.08414 0.485504,
2.08362 0.486158,
2.08272 0.487047,
2.08173 0.487949,
2.08075 0.488851,
2.07945 0.48951,
2.0779 0.490281,
2.07699 0.490752,
2.07609 0.491224,
2.07512 0.491505,
2.0735 0.491651,
2.07217 0.491715,
2.07091 0.491743,
2.06986 0.491757,
2.06797 0.491818,
2.06684 0.491795,
2.06571 0.491784,
2.06458 0.491708,
2.06343 0.491633,
2.06246 0.491231,
2.06133 0.490988,
2.06014 0.490991,
2.05899 0.490942,
2.05784 0.490891,
2.05676 0.490419,
2.05546 0.490275,
2.0541 0.490206,
2.05294 0.49017,
2.05184 0.49015,
2.05064 0.490144,
2.0487 0.49014,
2.04782 0.490155,
2.04728 0.490214,
2.04762 0.490176,
"/>
</Transform>

</Section>
