<?xml version="1.0"?>
<!DOCTYPE Section SYSTEM "section.dtd">

<Section index="608" thickness="0.00164" alignLocked="true">
<Transform dim="0"
 xcoef=" 0 1 0 0 0 0"
 ycoef=" 0 0 1 0 0 0">
<Contour name="OuterMembrane" hidden="false" closed="true" simplified="true" border="1 0 0" fill="1 0 0" mode="11"
points="2.03076 0.586628,
2.03001 0.586577,
2.03057 0.58679,
2.03514 0.58743,
2.03927 0.589177,
2.04341 0.590923,
2.04736 0.593472,
2.05126 0.595705,
2.05515 0.597941,
2.05912 0.600004,
2.06351 0.601972,
2.06845 0.60373,
2.07327 0.604866,
2.07814 0.605698,
2.08316 0.60652,
2.08824 0.607041,
2.09343 0.607441,
2.09848 0.607641,
2.10348 0.607794,
2.10855 0.607643,
2.11363 0.60749,
2.11734 0.606051,
2.12108 0.604315,
2.12483 0.602684,
2.12851 0.601127,
2.13228 0.599438,
2.13617 0.59789,
2.14009 0.596219,
2.14422 0.59452,
2.1483 0.592563,
2.15242 0.590556,
2.15611 0.58824,
2.15952 0.585792,
2.16319 0.583378,
2.16677 0.581254,
2.17075 0.578871,
2.1743 0.57625,
2.17756 0.573688,
2.18089 0.570351,
2.18422 0.567015,
2.18691 0.563455,
2.18927 0.559714,
2.19138 0.555561,
2.19337 0.551242,
2.19501 0.546561,
2.19648 0.541576,
2.19796 0.53659,
2.19899 0.531885,
2.19996 0.526957,
2.20093 0.52203,
2.20177 0.517866,
2.20273 0.513387,
2.20393 0.508864,
2.20503 0.504284,
2.20614 0.499701,
2.20695 0.494002,
2.20769 0.48863,
2.20834 0.483885,
2.2088 0.479428,
2.20908 0.475041,
2.20918 0.470352,
2.20924 0.465927,
2.20929 0.461806,
2.20933 0.457622,
2.20936 0.453175,
2.20941 0.448727,
2.20877 0.444661,
2.20811 0.440594,
2.20682 0.436214,
2.20554 0.431833,
2.20327 0.426602,
2.20136 0.422392,
2.19958 0.418662,
2.19773 0.41502,
2.19563 0.411528,
2.19316 0.407955,
2.19045 0.403976,
2.18776 0.399998,
2.18432 0.39577,
2.17948 0.391917,
2.17472 0.38796,
2.16972 0.38429,
2.1656 0.381159,
2.16163 0.378007,
2.15778 0.375009,
2.15401 0.372093,
2.15007 0.369358,
2.14612 0.366622,
2.14222 0.363998,
2.13831 0.361372,
2.13394 0.359375,
2.12913 0.357609,
2.12434 0.355842,
2.12009 0.355299,
2.11585 0.354757,
2.1094 0.354827,
2.10556 0.355541,
2.10081 0.356884,
2.09589 0.358122,
2.09095 0.359486,
2.086 0.360851,
2.08141 0.362652,
2.07683 0.364452,
2.07368 0.366932,
2.07055 0.369412,
2.06487 0.374489,
2.06219 0.377718,
2.05966 0.381466,
2.05718 0.385482,
2.0549 0.389756,
2.0522 0.393513,
2.04921 0.397019,
2.04528 0.399842,
2.04083 0.402166,
2.03644 0.404316,
2.03248 0.406338,
2.02853 0.40836,
2.02256 0.412722,
2.02 0.415681,
2.01704 0.418945,
2.01356 0.421859,
2.00956 0.424954,
2.00523 0.428112,
2.00149 0.43121,
1.99775 0.434306,
1.99511 0.43756,
1.9925 0.440645,
1.98999 0.443836,
1.98748 0.447026,
1.98504 0.451174,
1.98261 0.455321,
1.98023 0.459922,
1.97804 0.464212,
1.97618 0.468363,
1.97433 0.472514,
1.97338 0.477068,
1.97262 0.481296,
1.97164 0.486235,
1.971 0.491119,
1.97064 0.496028,
1.97039 0.500995,
1.97026 0.504981,
1.97013 0.512074,
1.97067 0.51609,
1.97121 0.520106,
1.97267 0.524916,
1.97413 0.529725,
1.9751 0.532685,
1.97664 0.535824,
1.97973 0.54148,
1.98237 0.547381,
1.98497 0.550766,
1.98763 0.553976,
1.99029 0.557525,
1.99294 0.561074,
1.99563 0.564809,
1.99991 0.568595,
2.00436 0.571827,
2.00866 0.574482,
2.01297 0.577139,
2.01722 0.579912,
2.02601 0.58475,
2.03075 0.586626,
"/>
<Contour name="InnerMembrane" hidden="false" closed="true" simplified="true" border="1 0 0" fill="1 0 0" mode="11"
points="2.03485 0.437777,
2.03076 0.437824,
2.0267 0.43787,
2.02312 0.439172,
2.01956 0.440474,
2.01646 0.44257,
2.0132 0.445024,
2.00992 0.447671,
2.00669 0.450506,
2.00344 0.453344,
2.00149 0.455559,
1.99747 0.460673,
1.99565 0.464609,
1.99427 0.467923,
1.99291 0.471238,
1.99209 0.474964,
1.9915 0.478921,
1.99114 0.483,
1.99091 0.487234,
1.99076 0.491518,
1.9907 0.495027,
1.99063 0.501381,
1.99089 0.504266,
1.99158 0.507234,
1.99363 0.512013,
1.99568 0.51679,
1.99785 0.520126,
2.00044 0.523629,
2.00323 0.527127,
2.00602 0.530625,
2.00936 0.533882,
2.01299 0.5359,
2.01663 0.537917,
2.01918 0.539168,
2.02209 0.540113,
2.02599 0.541323,
2.02973 0.542776,
2.03332 0.544664,
2.03695 0.546791,
2.04057 0.548919,
2.04406 0.551598,
2.0472 0.553198,
2.05121 0.555493,
2.05513 0.558164,
2.05863 0.561452,
2.06153 0.564239,
2.06437 0.567335,
2.06732 0.57051,
2.07025 0.573685,
2.07225 0.575512,
2.07667 0.578813,
2.08152 0.580872,
2.08587 0.582228,
2.08979 0.583018,
2.09357 0.583448,
2.09736 0.583876,
2.10115 0.584166,
2.10394 0.583937,
2.10674 0.583312,
2.11135 0.58176,
2.11596 0.580209,
2.11919 0.578825,
2.12244 0.577237,
2.12575 0.575276,
2.12913 0.573091,
2.13251 0.570907,
2.13576 0.569433,
2.13943 0.567251,
2.1431 0.565072,
2.14742 0.562077,
2.15111 0.558984,
2.1548 0.555891,
2.15822 0.551724,
2.16165 0.547558,
2.16424 0.544085,
2.16685 0.540611,
2.1689 0.537126,
2.17061 0.534009,
2.17205 0.530784,
2.17341 0.527339,
2.17466 0.523419,
2.17577 0.519604,
2.17699 0.515777,
2.17831 0.51231,
2.17964 0.508843,
2.181 0.504863,
2.18176 0.500621,
2.18251 0.496382,
2.18297 0.492503,
2.18341 0.488625,
2.18387 0.485958,
2.18423 0.481096,
2.18451 0.476327,
2.18466 0.471561,
2.18484 0.467879,
2.18502 0.464195,
2.18553 0.461243,
2.18591 0.456135,
2.18614 0.451982,
2.18625 0.448322,
2.18637 0.444661,
2.18637 0.44104,
2.18555 0.437645,
2.18471 0.434249,
2.18345 0.430848,
2.18218 0.427446,
2.18069 0.423856,
2.17899 0.420102,
2.1771 0.416225,
2.17512 0.412527,
2.1732 0.408844,
2.17106 0.405228,
2.16841 0.40157,
2.16616 0.398818,
2.16203 0.394245,
2.15786 0.391406,
2.15389 0.389105,
2.14993 0.386804,
2.14655 0.385254,
2.14045 0.382323,
2.13687 0.381443,
2.13303 0.380449,
2.12929 0.379696,
2.12555 0.378945,
2.12063 0.378735,
2.11642 0.378702,
2.11222 0.378669,
2.10917 0.379281,
2.10455 0.380842,
2.10012 0.382164,
2.09638 0.383412,
2.09264 0.38466,
2.08885 0.385803,
2.08506 0.387829,
2.08209 0.390666,
2.07877 0.393406,
2.07545 0.396422,
2.07283 0.398889,
2.07019 0.401357,
2.06843 0.403466,
2.06604 0.406969,
2.06358 0.4105,
2.06094 0.414161,
2.05828 0.418038,
2.05556 0.421831,
2.05256 0.424737,
2.04956 0.427643,
2.04508 0.430351,
2.0406 0.433057,
2.03773 0.435417,
"/>
<Contour name="CristaeMembrane" hidden="false" closed="true" simplified="true" border="1 0 0" fill="1 0 0" mode="11"
points="2.02986 0.493927,
2.02998 0.493755,
2.02914 0.494385,
2.02829 0.495014,
2.02761 0.496379,
2.02673 0.497825,
2.02611 0.498632,
2.02561 0.499567,
2.0253 0.500608,
2.02524 0.501771,
2.02517 0.502932,
2.02473 0.503852,
2.02455 0.505392,
2.02445 0.506758,
2.0244 0.508093,
2.0244 0.509468,
2.0244 0.510844,
2.02458 0.5117,
2.02517 0.513464,
2.02532 0.514629,
2.02571 0.515803,
2.02619 0.517315,
2.02678 0.518448,
2.02748 0.519434,
2.02827 0.520362,
2.02911 0.521271,
2.02993 0.522179,
2.03094 0.523089,
2.03219 0.523775,
2.03358 0.524151,
2.03506 0.524175,
2.03619 0.524187,
2.03722 0.524195,
2.03878 0.524183,
2.04023 0.524195,
2.04136 0.524201,
2.04247 0.524208,
2.04333 0.524167,
2.04429 0.523972,
2.04529 0.523504,
2.04628 0.523035,
2.047 0.522724,
2.04852 0.522289,
2.05036 0.521632,
2.05141 0.521315,
2.05235 0.520859,
2.05328 0.520403,
2.05418 0.519954,
2.05508 0.519504,
2.05605 0.518907,
2.05667 0.51836,
2.0581 0.517605,
2.05925 0.517351,
2.05999 0.517051,
2.06132 0.516472,
2.06264 0.515895,
2.0634 0.515691,
2.06494 0.515406,
2.06614 0.515277,
2.06729 0.515226,
2.0692 0.5155,
2.07004 0.516065,
2.07116 0.516521,
2.07229 0.516976,
2.07296 0.517489,
2.07393 0.518115,
2.0749 0.518743,
2.07578 0.519634,
2.07667 0.520525,
2.07754 0.521653,
2.0784 0.522783,
2.07886 0.523491,
2.07957 0.524229,
2.08021 0.525133,
2.08085 0.526035,
2.08139 0.526843,
2.08218 0.527662,
2.08326 0.529218,
2.08372 0.529968,
2.08457 0.530852,
2.08531 0.53154,
2.08605 0.532229,
2.08713 0.533389,
2.08802 0.534638,
2.08843 0.535389,
2.08893 0.536075,
2.0899 0.536974,
2.09085 0.537554,
2.09179 0.538133,
2.09257 0.538761,
2.09351 0.539247,
2.09444 0.539731,
2.09543 0.540239,
2.09643 0.540747,
2.09769 0.541234,
2.09874 0.541584,
2.09979 0.541933,
2.10077 0.542505,
2.10194 0.542914,
2.1033 0.54324,
2.10464 0.543568,
2.10583 0.543722,
2.10684 0.543801,
2.10819 0.54384,
2.10934 0.543863,
2.11042 0.543876,
2.11239 0.54389,
2.1133 0.543808,
2.11432 0.543545,
2.11532 0.543084,
2.11616 0.542368,
2.11709 0.541505,
2.11783 0.54079,
2.11914 0.53953,
2.11977 0.538742,
2.12029 0.537766,
2.12063 0.536636,
2.12068 0.535376,
2.1207 0.53404,
2.12073 0.532665,
2.12073 0.53157,
2.12075 0.530476,
2.12068 0.529638,
2.12047 0.528721,
2.12009 0.527814,
2.11967 0.527121,
2.11893 0.5256,
2.11813 0.52439,
2.11731 0.523178,
2.11652 0.522903,
2.11498 0.521938,
2.11432 0.521279,
2.11327 0.520134,
2.11221 0.518991,
2.11184 0.518325,
2.11117 0.517179,
2.11052 0.516031,
2.10979 0.51496,
2.10927 0.513986,
2.10896 0.512994,
2.10883 0.512006,
2.10886 0.510507,
2.10889 0.509008,
2.1092 0.507892,
2.10973 0.506857,
2.11047 0.505617,
2.11119 0.504377,
2.11181 0.503788,
2.1125 0.503301,
2.11319 0.502939,
2.11393 0.50267,
2.1147 0.502499,
2.11547 0.502432,
2.11726 0.502478,
2.11827 0.502522,
2.11942 0.502753,
2.12057 0.502986,
2.12149 0.503516,
2.12283 0.504018,
2.12416 0.504518,
2.12555 0.504264,
2.12636 0.503951,
2.12715 0.503508,
2.12793 0.502783,
2.12879 0.501971,
2.12967 0.50111,
2.13056 0.500236,
2.13144 0.499362,
2.1322 0.498365,
2.13277 0.497079,
2.13295 0.495987,
2.13312 0.494896,
2.13359 0.493796,
2.13371 0.492425,
2.13384 0.491055,
2.13384 0.48972,
2.13385 0.48842,
2.13385 0.487167,
2.13387 0.485886,
2.13387 0.484607,
2.13372 0.483269,
2.13348 0.482478,
2.13293 0.480987,
2.13271 0.480162,
2.13221 0.478419,
2.13205 0.477417,
2.13172 0.476297,
2.13156 0.475203,
2.13149 0.474088,
2.13144 0.473048,
2.13143 0.471785,
2.13139 0.470737,
2.13139 0.46966,
2.13139 0.468584,
2.13141 0.467252,
2.13141 0.4662,
2.13138 0.464725,
2.13143 0.463415,
2.13148 0.462104,
2.13195 0.461029,
2.13249 0.459576,
2.13308 0.45827,
2.13384 0.457152,
2.13459 0.456033,
2.1351 0.455456,
2.13553 0.454802,
2.13594 0.453578,
2.13635 0.452355,
2.1371 0.450813,
2.13758 0.449854,
2.1379 0.448807,
2.13825 0.447761,
2.13861 0.446703,
2.13884 0.445586,
2.13907 0.44447,
2.13949 0.443126,
2.13956 0.441798,
2.13959 0.440511,
2.13963 0.439223,
2.14007 0.438293,
2.1404 0.437244,
2.14082 0.436197,
2.14125 0.435151,
2.14161 0.434426,
2.14194 0.433386,
2.142 0.432381,
2.14202 0.43099,
2.14204 0.429624,
2.14205 0.428212,
2.14205 0.427056,
2.14207 0.425972,
2.14207 0.424904,
2.14207 0.423837,
2.14187 0.422434,
2.14158 0.421583,
2.141 0.419766,
2.14059 0.41853,
2.14017 0.417295,
2.13982 0.416325,
2.13948 0.415269,
2.13913 0.414213,
2.13846 0.413236,
2.13777 0.412398,
2.13708 0.411558,
2.13628 0.410879,
2.13549 0.410402,
2.13446 0.410102,
2.13343 0.4098,
2.13243 0.409321,
2.13126 0.408936,
2.13 0.408563,
2.1287 0.408352,
2.12734 0.408244,
2.12605 0.408188,
2.12475 0.408165,
2.12344 0.408173,
2.12213 0.408181,
2.1207 0.408165,
2.11939 0.40846,
2.11865 0.40877,
2.11781 0.409423,
2.11699 0.410077,
2.1158 0.41063,
2.11491 0.411268,
2.11383 0.411925,
2.11276 0.412585,
2.11161 0.413134,
2.11076 0.413759,
2.10971 0.414402,
2.10868 0.41504,
2.10765 0.415678,
2.10643 0.416109,
2.10553 0.416793,
2.10463 0.417475,
2.10394 0.417767,
2.10228 0.418595,
2.1014 0.41913,
2.10048 0.419973,
2.09954 0.420816,
2.09886 0.421127,
2.09822 0.421524,
2.09759 0.422026,
2.09705 0.422605,
2.09648 0.423568,
2.09536 0.425113,
2.09459 0.425877,
2.09395 0.426836,
2.09356 0.42773,
2.09331 0.428675,
2.09328 0.429893,
2.09305 0.431143,
2.0928 0.432192,
2.09257 0.433242,
2.09249 0.434482,
2.09246 0.435591,
2.09234 0.436612,
2.09225 0.437634,
2.09179 0.438834,
2.09156 0.439973,
2.09133 0.441111,
2.09103 0.442116,
2.09074 0.443121,
2.09031 0.444025,
2.09003 0.445116,
2.09002 0.446433,
2.0898 0.447564,
2.08959 0.448696,
2.08925 0.449821,
2.08921 0.45132,
2.08918 0.452819,
2.08859 0.4541,
2.08836 0.455111,
2.08834 0.456471,
2.08815 0.457496,
2.08797 0.458523,
2.08775 0.459646,
2.08747 0.460655,
2.0872 0.461663,
2.08688 0.462705,
2.08657 0.463746,
2.08638 0.462824,
2.08631 0.463431,
2.08621 0.465466,
2.08613 0.466751,
2.08597 0.467985,
2.08572 0.46917,
2.08513 0.470152,
2.08454 0.471016,
2.08395 0.471879,
2.08344 0.472678,
2.08272 0.473453,
2.08177 0.474386,
2.08082 0.475318,
2.07962 0.476072,
2.07878 0.476669,
2.07795 0.477268,
2.07727 0.477658,
2.07599 0.478124,
2.07476 0.478534,
2.07353 0.478946,
2.07252 0.47942,
2.07152 0.479895,
2.07053 0.480569,
2.06976 0.481004,
2.06845 0.481935,
2.06778 0.482386,
2.06643 0.48297,
2.06548 0.483165,
2.06455 0.483206,
2.06281 0.483201,
2.06117 0.483198,
2.05953 0.483208,
2.05845 0.483206,
2.05708 0.483203,
2.05563 0.483208,
2.05461 0.483206,
2.05339 0.483201,
2.05231 0.483206,
2.05121 0.483206,
2.05 0.483203,
2.04857 0.4832,
2.04754 0.483203,
2.04634 0.483211,
2.04523 0.483215,
2.04403 0.483224,
2.0428 0.483274,
2.04146 0.483339,
2.04032 0.48347,
2.03904 0.483733,
2.03819 0.484262,
2.03731 0.484927,
2.03642 0.485591,
2.03516 0.486249,
2.03427 0.487059,
2.0334 0.488041,
2.03252 0.489025,
2.03206 0.489942,
2.0316 0.49086,
2.03119 0.4919,
2.03066 0.492745,
2.03012 0.493591,
"/>
</Transform>

</Section>
