<?xml version="1.0"?>
<!DOCTYPE Section SYSTEM "section.dtd">

<Section index="698" thickness="0.00164" alignLocked="true">
<Transform dim="0"
 xcoef=" 0 1 0 0 0 0"
 ycoef=" 0 0 1 0 0 0">
<Contour name="OuterMembrane" hidden="false" closed="true" simplified="true" border="1 0 0" fill="1 0 0" mode="11"
points="2.10335 0.471489,
2.10199 0.466777,
2.09989 0.461593,
2.09777 0.456409,
2.09303 0.449616,
2.0902 0.446708,
2.08644 0.443856,
2.08226 0.441652,
2.07681 0.439597,
2.07139 0.437542,
2.06491 0.437234,
2.05843 0.436926,
2.05159 0.436717,
2.04477 0.436317,
2.04042 0.43728,
2.03622 0.438918,
2.03248 0.44108,
2.02871 0.444137,
2.02535 0.448299,
2.02199 0.452463,
2.01894 0.457757,
2.01787 0.463566,
2.01735 0.469657,
2.01682 0.475746,
2.01661 0.484733,
2.01745 0.489253,
2.019 0.493584,
2.02202 0.498571,
2.02506 0.503559,
2.02868 0.509069,
2.03345 0.513623,
2.03882 0.517307,
2.04416 0.52099,
2.04974 0.522463,
2.05526 0.523741,
2.06077 0.525018,
2.0664 0.524503,
2.07183 0.523603,
2.07727 0.522702,
2.08254 0.521451,
2.08751 0.518648,
2.09151 0.515506,
2.09549 0.512364,
2.10045 0.506019,
2.10235 0.502029,
2.10364 0.497794,
2.10532 0.489629,
2.10481 0.483401,
2.1043 0.477173,
"/>
</Transform>

</Section>
