<?xml version="1.0"?>
<!DOCTYPE Section SYSTEM "section.dtd">

<Section index="622" thickness="0.00164" alignLocked="true">
<Transform dim="0"
 xcoef=" 0 1 0 0 0 0"
 ycoef=" 0 0 1 0 0 0">
<Contour name="OuterMembrane" hidden="false" closed="true" simplified="true" border="1 0 0" fill="1 0 0" mode="11"
points="2.02337 0.606849,
2.03434 0.611645,
2.03878 0.614155,
2.0439 0.616291,
2.04895 0.618382,
2.05415 0.620343,
2.05936 0.622305,
2.06535 0.6232,
2.07112 0.623797,
2.07685 0.624092,
2.08277 0.624282,
2.08877 0.624397,
2.0939 0.624455,
2.10025 0.624482,
2.10558 0.624497,
2.11091 0.62451,
2.1175 0.623177,
2.12355 0.621339,
2.12961 0.619502,
2.13517 0.616796,
2.14028 0.614108,
2.14519 0.61118,
2.15009 0.608255,
2.15466 0.604784,
2.15921 0.601129,
2.16398 0.597637,
2.16836 0.594703,
2.17274 0.591769,
2.17787 0.587022,
2.18184 0.582443,
2.18581 0.577864,
2.18894 0.572923,
2.19199 0.567863,
2.19473 0.562912,
2.19737 0.558082,
2.20008 0.553005,
2.20263 0.547822,
2.20528 0.542638,
2.20777 0.537497,
2.20972 0.532044,
2.21169 0.526591,
2.21351 0.521709,
2.2151 0.516546,
2.21656 0.511619,
2.218 0.506826,
2.21895 0.501809,
2.21984 0.496467,
2.22063 0.491052,
2.22143 0.485474,
2.22223 0.479897,
2.2231 0.47386,
2.22402 0.467925,
2.22486 0.461785,
2.22581 0.456223,
2.22648 0.450884,
2.22697 0.445483,
2.2272 0.439545,
2.22738 0.434156,
2.22709 0.428794,
2.22678 0.423384,
2.22607 0.418197,
2.225 0.413241,
2.22313 0.407947,
2.22084 0.402423,
2.21853 0.3969,
2.21546 0.391507,
2.21197 0.386497,
2.2079 0.381658,
2.20385 0.376818,
2.20119 0.373964,
2.19817 0.37149,
2.19317 0.368692,
2.18822 0.36622,
2.18335 0.363741,
2.17844 0.361464,
2.17331 0.359619,
2.16792 0.357902,
2.16254 0.356185,
2.15668 0.354924,
2.15083 0.354061,
2.14502 0.353579,
2.13923 0.353254,
2.13318 0.353187,
2.12703 0.353069,
2.12205 0.353007,
2.11417 0.353077,
2.10815 0.353003,
2.10291 0.353013,
2.09766 0.353023,
2.09267 0.354274,
2.08336 0.356643,
2.07709 0.359222,
2.07102 0.361141,
2.06537 0.362971,
2.05991 0.364638,
2.05438 0.366269,
2.04903 0.367576,
2.04369 0.368885,
2.03862 0.370789,
2.03367 0.372865,
2.02896 0.375294,
2.02424 0.377722,
2.0195 0.380551,
2.01454 0.384095,
2.0102 0.387535,
2.006 0.39091,
2.00196 0.394372,
1.99824 0.398039,
1.99447 0.402858,
1.99119 0.407517,
1.98791 0.412176,
1.98522 0.416329,
1.9826 0.420647,
1.98038 0.425436,
1.97818 0.430224,
1.97635 0.436366,
1.97497 0.441257,
1.97359 0.446146,
1.97221 0.451177,
1.971 0.457207,
1.96997 0.463038,
1.96921 0.468709,
1.96884 0.474532,
1.96859 0.480505,
1.96848 0.485883,
1.96884 0.491792,
1.969 0.497792,
1.96907 0.504851,
1.96912 0.510668,
1.96957 0.516751,
1.97035 0.522909,
1.97136 0.528441,
1.97267 0.5338,
1.97425 0.539081,
1.97704 0.548257,
1.98071 0.554546,
1.98415 0.560586,
1.98779 0.566356,
1.99137 0.571127,
1.99495 0.575897,
1.99752 0.580266,
2.00129 0.584083,
2.00495 0.58822,
2.0082 0.592568,
2.0154 0.601176,
2.01992 0.604883,
"/>
<Contour name="InnerMembrane" hidden="false" closed="true" simplified="true" border="1 0 0" fill="1 0 0" mode="11"
points="2.03983 0.579555,
2.03986 0.579576,
2.04598 0.583243,
2.05026 0.585483,
2.05456 0.58771,
2.0591 0.589796,
2.06328 0.591418,
2.06747 0.593039,
2.07166 0.59409,
2.07565 0.594977,
2.07954 0.596004,
2.08341 0.597031,
2.08898 0.597572,
2.09454 0.598005,
2.0989 0.598213,
2.10273 0.598324,
2.10661 0.598375,
2.11079 0.598274,
2.11494 0.597906,
2.11911 0.597539,
2.12349 0.596744,
2.12882 0.594425,
2.13423 0.592363,
2.13826 0.59068,
2.14179 0.589085,
2.14532 0.587489,
2.14904 0.584775,
2.15261 0.582005,
2.15606 0.57913,
2.15952 0.576255,
2.16172 0.573736,
2.16521 0.568934,
2.16944 0.563019,
2.17243 0.559229,
2.17582 0.555353,
2.17915 0.551434,
2.18217 0.547701,
2.18519 0.54397,
2.18746 0.540226,
2.1895 0.536142,
2.19153 0.532059,
2.19268 0.528298,
2.1938 0.5244,
2.19527 0.520595,
2.19663 0.51659,
2.19799 0.512585,
2.19947 0.507737,
2.20057 0.503885,
2.20167 0.500033,
2.20296 0.492613,
2.20347 0.488041,
2.20388 0.483875,
2.20423 0.479379,
2.20452 0.474691,
2.20467 0.470714,
2.20467 0.464853,
2.2046 0.459456,
2.20455 0.454059,
2.20342 0.449016,
2.20221 0.444481,
2.20095 0.439594,
2.19955 0.434898,
2.19817 0.430203,
2.19711 0.425757,
2.19604 0.421309,
2.19466 0.417103,
2.1933 0.412895,
2.19097 0.409046,
2.18896 0.405419,
2.18648 0.401424,
2.18368 0.397551,
2.18079 0.393659,
2.17789 0.389769,
2.17466 0.385997,
2.17238 0.384122,
2.16985 0.382538,
2.16483 0.380031,
2.15983 0.377523,
2.15604 0.375831,
2.15219 0.374012,
2.14835 0.372195,
2.14263 0.370879,
2.13731 0.369684,
2.132 0.36849,
2.12777 0.368009,
2.12387 0.367768,
2.11986 0.367647,
2.11557 0.36759,
2.1106 0.367581,
2.10642 0.367557,
2.10245 0.36754,
2.09849 0.367524,
2.09412 0.368087,
2.08974 0.368649,
2.08593 0.369776,
2.08206 0.370993,
2.07803 0.372582,
2.0736 0.374443,
2.06919 0.376305,
2.06655 0.377471,
2.06199 0.38016,
2.05735 0.382707,
2.05308 0.385141,
2.04908 0.387435,
2.04519 0.390002,
2.04132 0.392568,
2.03749 0.395519,
2.03367 0.398469,
2.02994 0.40129,
2.02622 0.404111,
2.02356 0.407128,
2.01868 0.412467,
2.01617 0.416161,
2.01364 0.419858,
2.01125 0.423,
2.00884 0.426143,
2.006 0.431394,
2.00331 0.436479,
2.0005 0.44167,
1.9978 0.447185,
1.99596 0.451648,
1.99403 0.455927,
1.99245 0.460197,
1.9913 0.464671,
1.99016 0.469143,
1.98909 0.472886,
1.9886 0.478211,
1.98829 0.483424,
1.98807 0.488684,
1.98784 0.493945,
1.98799 0.497112,
1.98976 0.502407,
1.99152 0.507703,
1.99372 0.512613,
1.99611 0.517184,
1.99831 0.521564,
2.00052 0.525987,
2.00272 0.529941,
2.00554 0.534178,
2.00836 0.538415,
2.00984 0.540906,
2.01305 0.546145,
2.01558 0.549918,
2.01818 0.553603,
2.02086 0.557316,
2.02345 0.560632,
2.02642 0.564618,
2.02945 0.568511,
2.03247 0.572406,
2.03568 0.576347,
2.0398 0.579535,
"/>
<Contour name="CristaeMembrane" hidden="false" closed="true" simplified="true" border="1 0 0" fill="1 0 0" mode="11"
points="2.11498 0.520016,
2.11365 0.51975,
2.11232 0.519486,
2.11106 0.519508,
2.10973 0.519498,
2.10822 0.519493,
2.10701 0.51949,
2.10532 0.519491,
2.10384 0.51949,
2.10235 0.519488,
2.10097 0.519493,
2.09968 0.51949,
2.09843 0.519493,
2.09717 0.519498,
2.09561 0.519768,
2.09477 0.520069,
2.09382 0.520372,
2.09287 0.520675,
2.09179 0.521184,
2.09066 0.521643,
2.08952 0.522104,
2.08823 0.522529,
2.08695 0.522952,
2.08544 0.523498,
2.08419 0.524292,
2.08306 0.52539,
2.08205 0.526437,
2.08103 0.527481,
2.07945 0.529079,
2.07865 0.529772,
2.07798 0.530578,
2.07708 0.531931,
2.07617 0.533284,
2.07535 0.534917,
2.07473 0.536093,
2.07375 0.538169,
2.07357 0.539496,
2.07348 0.541202,
2.07347 0.542891,
2.07345 0.54458,
2.07362 0.545451,
2.07391 0.546291,
2.07439 0.54726,
2.07557 0.548557,
2.07668 0.549756,
2.07785 0.550947,
2.079 0.552137,
2.08001 0.552882,
2.08121 0.55349,
2.08232 0.554187,
2.08344 0.554886,
2.08447 0.55553,
2.08549 0.556176,
2.08687 0.556996,
2.08823 0.557816,
2.08947 0.558364,
2.09074 0.558912,
2.09197 0.559757,
2.09279 0.560826,
2.09336 0.562095,
2.09394 0.563366,
2.0942 0.564583,
2.09458 0.565718,
2.09497 0.566851,
2.09541 0.568016,
2.09617 0.569114,
2.09692 0.570212,
2.09759 0.571409,
2.09858 0.572467,
2.09941 0.573336,
2.10061 0.574556,
2.10181 0.575776,
2.10302 0.576581,
2.10423 0.577387,
2.10491 0.577949,
2.10576 0.578492,
2.10671 0.578912,
2.10799 0.579233,
2.10945 0.579273,
2.11083 0.579292,
2.11221 0.579299,
2.11362 0.579304,
2.11522 0.579302,
2.11655 0.579307,
2.11799 0.579309,
2.11931 0.57931,
2.12054 0.579307,
2.12177 0.579302,
2.12296 0.579266,
2.12411 0.579035,
2.1261 0.578333,
2.12713 0.578023,
2.1282 0.577511,
2.13025 0.576445,
2.13133 0.575929,
2.13244 0.575361,
2.13356 0.574792,
2.13436 0.574444,
2.13513 0.573984,
2.13594 0.573326,
2.13677 0.57249,
2.13782 0.571519,
2.13886 0.570548,
2.1402 0.569774,
2.14113 0.56889,
2.14204 0.568019,
2.14292 0.567224,
2.14381 0.566428,
2.14484 0.565869,
2.14587 0.564903,
2.14689 0.563939,
2.1476 0.563319,
2.14888 0.562044,
2.15014 0.56077,
2.15075 0.560058,
2.15124 0.559255,
2.15273 0.558123,
2.15386 0.557015,
2.15498 0.556137,
2.15608 0.55526,
2.15691 0.554956,
2.15855 0.55414,
2.16004 0.553339,
2.16136 0.552505,
2.16267 0.55167,
2.16396 0.550924,
2.16496 0.550049,
2.16575 0.548751,
2.16636 0.547716,
2.16788 0.546222,
2.16842 0.545393,
2.16988 0.544237,
2.17067 0.543517,
2.17134 0.542684,
2.17205 0.541607,
2.17277 0.540531,
2.17351 0.539332,
2.17384 0.538517,
2.17425 0.5369,
2.17487 0.535655,
2.17549 0.534412,
2.17612 0.533256,
2.17641 0.531875,
2.17669 0.530496,
2.17715 0.529423,
2.17741 0.528292,
2.17759 0.527085,
2.17799 0.525881,
2.17838 0.524677,
2.17876 0.523803,
2.17907 0.521627,
2.17963 0.520362,
2.17979 0.519058,
2.18004 0.517881,
2.18028 0.516705,
2.18066 0.515377,
2.18076 0.514496,
2.18077 0.512671,
2.18077 0.510844,
2.18136 0.50935,
2.18146 0.508038,
2.18161 0.506819,
2.18176 0.505601,
2.18217 0.50451,
2.18228 0.503241,
2.18235 0.502078,
2.18273 0.500364,
2.18302 0.499424,
2.18315 0.498139,
2.18327 0.496853,
2.18373 0.495734,
2.184 0.494409,
2.18402 0.49262,
2.18404 0.490873,
2.18404 0.489479,
2.18405 0.488217,
2.18405 0.486823,
2.18405 0.485661,
2.18405 0.483516,
2.18394 0.482547,
2.18369 0.481573,
2.18322 0.479333,
2.18309 0.478263,
2.18269 0.477092,
2.18228 0.475921,
2.18186 0.474603,
2.18143 0.473286,
2.18092 0.472125,
2.18041 0.470952,
2.1799 0.469781,
2.17899 0.468661,
2.17812 0.467712,
2.17726 0.466762,
2.17626 0.466011,
2.17525 0.46526,
2.17349 0.464879,
2.17261 0.464658,
2.17128 0.464604,
2.16995 0.46455,
2.16824 0.464705,
2.16619 0.465371,
2.16491 0.465535,
2.16332 0.465862,
2.16173 0.46619,
2.16055 0.466255,
2.15921 0.466585,
2.1576 0.467389,
2.15562 0.467897,
2.1543 0.468218,
2.15316 0.468763,
2.15201 0.469307,
2.15122 0.469737,
2.1505 0.470263,
2.14922 0.471554,
2.14792 0.472828,
2.14722 0.473532,
2.1466 0.474391,
2.14586 0.475482,
2.14514 0.476573,
2.14458 0.477627,
2.14402 0.478682,
2.14325 0.480099,
2.14223 0.481127,
2.14122 0.48208,
2.14022 0.483032,
2.13917 0.483528,
2.13818 0.484349,
2.13712 0.48512,
2.13605 0.485893,
2.13498 0.486609,
2.13394 0.487274,
2.13287 0.487938,
2.13128 0.488736,
2.1297 0.489537,
2.12887 0.489889,
2.12698 0.491006,
2.12588 0.4915,
2.12478 0.491995,
2.12369 0.492517,
2.12239 0.493015,
2.12108 0.493512,
2.11983 0.494001,
2.1186 0.494804,
2.11739 0.495736,
2.11617 0.496667,
2.11517 0.497515,
2.11403 0.498608,
2.11288 0.499698,
2.11183 0.500751,
2.11109 0.501874,
2.1106 0.503059,
2.11034 0.504315,
2.1103 0.506375,
2.11034 0.507595,
2.1106 0.508841,
2.11114 0.510091,
2.11163 0.510878,
2.11276 0.512083,
2.11421 0.513015,
2.11526 0.513427,
2.11639 0.513661,
2.11821 0.513638,
2.11985 0.513676,
2.12147 0.513694,
2.12272 0.513702,
2.12398 0.513712,
2.12564 0.51371,
2.12713 0.513712,
2.12867 0.513712,
2.1301 0.513704,
2.13149 0.513689,
2.133 0.5137,
2.13439 0.513978,
2.13579 0.514256,
2.13699 0.515012,
2.13774 0.516072,
2.13836 0.517297,
2.13867 0.518689,
2.13895 0.52008,
2.13989 0.522578,
2.14036 0.523829,
2.14058 0.525262,
2.14051 0.526673,
2.14025 0.529435,
2.13977 0.530551,
2.1391 0.531567,
2.13817 0.532538,
2.13713 0.53353,
2.1361 0.53452,
2.13512 0.535119,
2.13405 0.535545,
2.13292 0.535791,
2.13169 0.535847,
2.13044 0.535736,
2.12921 0.535624,
2.12798 0.535434,
2.12713 0.535057,
2.12634 0.534571,
2.12564 0.534004,
2.12432 0.532679,
2.12373 0.531913,
2.12303 0.530525,
2.12265 0.529015,
2.12237 0.527637,
2.12211 0.52626,
2.12155 0.525021,
2.12088 0.524382,
2.12013 0.523837,
2.11929 0.52339,
2.11742 0.522273,
2.1166 0.521577,
2.11568 0.521039,
"/>
</Transform>

</Section>
