<?xml version="1.0"?>
<!DOCTYPE Section SYSTEM "section.dtd">

<Section index="593" thickness="0.00164" alignLocked="true">
<Transform dim="0"
 xcoef=" 0 1 0 0 0 0"
 ycoef=" 0 0 1 0 0 0">
<Contour name="OuterMembrane" hidden="false" closed="true" simplified="true" border="1 0 0" fill="1 0 0" mode="11"
points="2.06253 0.572488,
2.06665 0.5739,
2.07076 0.575314,
2.07593 0.57699,
2.08118 0.578394,
2.08649 0.579692,
2.09182 0.580991,
2.09605 0.581311,
2.10028 0.581631,
2.10443 0.580734,
2.10912 0.579238,
2.11383 0.577742,
2.11801 0.575692,
2.12219 0.573642,
2.12651 0.571342,
2.13034 0.568944,
2.13431 0.566095,
2.1383 0.563247,
2.14168 0.560513,
2.14468 0.557767,
2.14766 0.554986,
2.15168 0.550989,
2.15496 0.547309,
2.15793 0.543383,
2.16088 0.539458,
2.16342 0.535622,
2.16595 0.531786,
2.16762 0.528106,
2.16969 0.524687,
2.17208 0.521431,
2.17454 0.517673,
2.17687 0.513461,
2.17844 0.50904,
2.18002 0.504617,
2.18092 0.499724,
2.18181 0.494777,
2.18292 0.489824,
2.18373 0.484897,
2.18423 0.479984,
2.18443 0.475141,
2.18459 0.4704,
2.18469 0.46568,
2.18435 0.461111,
2.18417 0.45661,
2.18407 0.452061,
2.18396 0.448104,
2.18382 0.444145,
2.18248 0.439707,
2.1813 0.434985,
2.18012 0.430292,
2.17894 0.425598,
2.17738 0.420913,
2.17557 0.416291,
2.17387 0.411724,
2.17177 0.407366,
2.16947 0.403087,
2.16713 0.398956,
2.16459 0.394987,
2.16172 0.391312,
2.15863 0.387799,
2.15481 0.3844,
2.15097 0.381,
2.14558 0.377134,
2.14017 0.373277,
2.13633 0.371398,
2.13249 0.36952,
2.12872 0.367704,
2.12465 0.367145,
2.12039 0.366697,
2.11614 0.366251,
2.11125 0.366929,
2.10637 0.367606,
2.1023 0.369044,
2.09817 0.370592,
2.09405 0.372142,
2.09048 0.373805,
2.08652 0.376342,
2.08259 0.379362,
2.07863 0.382379,
2.07511 0.385659,
2.07298 0.389065,
2.07014 0.393533,
2.06771 0.397424,
2.06558 0.401183,
2.06343 0.404942,
2.06138 0.409016,
2.05925 0.41288,
2.05687 0.416547,
2.05418 0.420253,
2.05149 0.42396,
2.04908 0.427399,
2.04547 0.43006,
2.04132 0.432773,
2.03718 0.435161,
2.03319 0.437549,
2.02929 0.439691,
2.0254 0.441832,
2.02179 0.444023,
2.0182 0.446213,
2.01441 0.448715,
2.01062 0.451218,
2.00652 0.454288,
2.00244 0.457358,
1.99908 0.459936,
1.99326 0.464978,
1.9906 0.468612,
1.98794 0.472248,
1.98529 0.476725,
1.98314 0.48287,
1.98251 0.486877,
1.98219 0.491282,
1.98186 0.495688,
1.98112 0.500289,
1.98058 0.504608,
1.98028 0.50881,
1.98025 0.51314,
1.98022 0.517471,
1.98184 0.521691,
1.98347 0.525912,
1.98497 0.529643,
1.98742 0.533036,
1.98986 0.536431,
1.99324 0.539588,
1.99659 0.542405,
2.00011 0.545218,
2.00385 0.548313,
2.00749 0.551211,
2.011 0.553803,
2.01449 0.556395,
2.02096 0.56006,
2.02417 0.561201,
2.02993 0.562538,
2.03445 0.56434,
2.03865 0.5659,
2.04275 0.566994,
2.04675 0.567934,
2.05064 0.56908,
2.05454 0.570323,
2.05845 0.571566,
"/>
<Contour name="InnerMembrane" hidden="false" closed="true" simplified="true" border="1 0 0" fill="1 0 0" mode="11"
points="2.06897 0.434418,
2.06952 0.434198,
2.06597 0.435076,
2.06241 0.435955,
2.05889 0.437014,
2.05538 0.438333,
2.05187 0.439651,
2.04647 0.441063,
2.04326 0.442682,
2.04006 0.444301,
2.0369 0.44589,
2.03375 0.447481,
2.03012 0.450134,
2.02693 0.452527,
2.02404 0.454906,
2.02069 0.458062,
2.01748 0.461116,
2.01504 0.46349,
2.01258 0.465865,
2.00926 0.470823,
2.00726 0.473783,
2.00531 0.476927,
2.00336 0.480069,
2.00175 0.483838,
2.00042 0.487337,
1.99952 0.490932,
1.99898 0.494527,
1.99867 0.498155,
1.99852 0.502099,
1.99836 0.506043,
1.99864 0.510065,
1.99926 0.512585,
2.00149 0.517476,
2.00295 0.519749,
2.00588 0.523622,
2.00934 0.527091,
2.01279 0.528851,
2.01622 0.530612,
2.01976 0.531822,
2.02342 0.53268,
2.02683 0.533325,
2.03022 0.53384,
2.0334 0.534391,
2.03667 0.534848,
2.03988 0.53577,
2.04344 0.537207,
2.04703 0.538574,
2.05059 0.539981,
2.05392 0.541456,
2.05715 0.543191,
2.06038 0.544811,
2.06361 0.546487,
2.06697 0.547781,
2.07024 0.54901,
2.07345 0.550215,
2.07672 0.551609,
2.08011 0.552767,
2.08364 0.553756,
2.08734 0.554309,
2.09097 0.554855,
2.09453 0.555732,
2.09808 0.556609,
2.10133 0.557052,
2.10515 0.557242,
2.10927 0.557406,
2.11339 0.55757,
2.11575 0.557287,
2.12041 0.555924,
2.12403 0.554213,
2.12726 0.552263,
2.13046 0.55011,
2.13315 0.547906,
2.13584 0.5457,
2.13835 0.54348,
2.14187 0.539952,
2.14392 0.537066,
2.14609 0.534082,
2.14825 0.531098,
2.15006 0.527934,
2.15179 0.524633,
2.15325 0.521051,
2.15473 0.517215,
2.15634 0.513202,
2.15803 0.509031,
2.15973 0.504861,
2.16081 0.502706,
2.16188 0.499195,
2.16293 0.495867,
2.164 0.492541,
2.16508 0.489215,
2.16603 0.486073,
2.16659 0.481476,
2.16683 0.477422,
2.16701 0.473929,
2.16715 0.470578,
2.16719 0.466014,
2.16716 0.462267,
2.16711 0.458518,
2.16636 0.454623,
2.16552 0.450585,
2.16462 0.446374,
2.16367 0.442131,
2.16272 0.437888,
2.16118 0.433532,
2.16003 0.430218,
2.15857 0.426631,
2.15724 0.422776,
2.15593 0.418922,
2.15403 0.415273,
2.15216 0.411494,
2.15007 0.407788,
2.14769 0.404432,
2.14532 0.401162,
2.14292 0.397892,
2.14056 0.394428,
2.13728 0.391412,
2.13238 0.388281,
2.12856 0.387045,
2.1247 0.386076,
2.12085 0.385108,
2.11722 0.384596,
2.11355 0.3848,
2.10784 0.386422,
2.10502 0.388067,
2.1022 0.389712,
2.09948 0.39225,
2.09713 0.394591,
2.09477 0.396932,
2.09225 0.399374,
2.09015 0.402433,
2.0882 0.405698,
2.08626 0.408964,
2.08434 0.412383,
2.08305 0.415783,
2.08152 0.420032,
2.08008 0.423945,
2.0785 0.427615,
2.07681 0.430933,
2.07257 0.433319,
"/>
</Transform>

</Section>
