<?xml version="1.0"?>
<!DOCTYPE Section SYSTEM "section.dtd">

<Section index="676" thickness="0.00164" alignLocked="true">
<Transform dim="0"
 xcoef=" 0 1 0 0 0 0"
 ycoef=" 0 0 1 0 0 0">
<Contour name="OuterMembrane" hidden="false" closed="true" simplified="true" border="1 0 0" fill="1 0 0" mode="11"
points="2.1851 0.441773,
2.18284 0.43267,
2.18056 0.423568,
2.17895 0.419376,
2.17697 0.415348,
2.17162 0.406823,
2.16895 0.402477,
2.16324 0.395573,
2.16049 0.392012,
2.15075 0.380962,
2.14683 0.377535,
2.14253 0.374527,
2.13828 0.372165,
2.12939 0.368278,
2.1205 0.36441,
2.11093 0.362615,
2.10045 0.362219,
2.08498 0.361871,
2.06919 0.364741,
2.06358 0.366171,
2.05412 0.369723,
2.04465 0.373275,
2.0407 0.37455,
2.03204 0.379035,
2.02338 0.383521,
2.0194 0.386092,
2.01059 0.39338,
2.00395 0.398218,
2.00065 0.400814,
1.99759 0.403686,
1.99083 0.409961,
1.98717 0.413045,
1.98384 0.416471,
1.97984 0.421657,
1.97658 0.427328,
1.97445 0.432422,
1.97289 0.437731,
1.97121 0.448184,
1.97092 0.458824,
1.97079 0.469361,
1.97076 0.477668,
1.97069 0.492236,
1.97171 0.498868,
1.97533 0.513435,
1.97687 0.518376,
1.97956 0.528702,
1.98368 0.537781,
1.98865 0.553274,
1.99101 0.558054,
1.99386 0.562551,
2.00188 0.572581,
2.00889 0.58505,
2.01244 0.588271,
2.01628 0.59113,
2.0204 0.593595,
2.02474 0.595645,
2.02925 0.597262,
2.03391 0.598426,
2.03865 0.59913,
2.04831 0.600206,
2.06337 0.600124,
2.07404 0.597672,
2.07967 0.596435,
2.08951 0.591961,
2.09986 0.58864,
2.1061 0.5858,
2.11442 0.580557,
2.12272 0.575315,
2.13267 0.567056,
2.13959 0.559698,
2.15007 0.548919,
2.15347 0.544613,
2.1587 0.536764,
2.164 0.526484,
2.17174 0.512836,
2.17431 0.508457,
2.17874 0.497983,
2.18072 0.489678,
2.18271 0.481373,
2.18374 0.475882,
2.18484 0.467113,
2.18492 0.457253,
"/>
<Contour name="InnerMembrane" hidden="false" closed="true" simplified="true" border="1 0 0" fill="1 0 0" mode="11"
points="2.13685 0.526542,
2.13992 0.522675,
2.14348 0.518312,
2.14642 0.51394,
2.14876 0.509186,
2.15116 0.504433,
2.15332 0.499493,
2.15511 0.494163,
2.15691 0.488835,
2.15803 0.482928,
2.15867 0.476925,
2.15911 0.470847,
2.15932 0.466118,
2.15944 0.460343,
2.1595 0.455605,
2.15955 0.450867,
2.15926 0.447084,
2.15791 0.44282,
2.15639 0.438083,
2.15485 0.433347,
2.15206 0.42875,
2.14901 0.42394,
2.1455 0.419017,
2.14199 0.414092,
2.1372 0.408565,
2.1343 0.406203,
2.12985 0.403629,
2.12541 0.401054,
2.11903 0.398646,
2.1123 0.396199,
2.10902 0.3945,
2.10381 0.392846,
2.09813 0.391416,
2.09308 0.39009,
2.08823 0.388923,
2.08334 0.387942,
2.0784 0.387379,
2.07324 0.387022,
2.06843 0.386828,
2.06361 0.386633,
2.05905 0.38704,
2.05431 0.387693,
2.04936 0.388372,
2.04441 0.389049,
2.03937 0.390425,
2.03432 0.391799,
2.02991 0.393544,
2.02545 0.395517,
2.02105 0.398085,
2.01654 0.400914,
2.01207 0.404247,
2.00785 0.407753,
2.00364 0.411261,
1.99878 0.416526,
1.99685 0.41964,
1.99332 0.425465,
1.9898 0.43129,
1.98735 0.438206,
1.98492 0.445124,
1.98381 0.450633,
1.98315 0.456066,
1.98279 0.461043,
1.98256 0.465849,
1.98242 0.470696,
1.98251 0.476105,
1.98332 0.48206,
1.98412 0.488015,
1.98522 0.492784,
1.98679 0.500871,
1.98902 0.507534,
1.99094 0.512913,
1.9927 0.517376,
1.99444 0.521838,
1.99621 0.526151,
1.99823 0.530611,
2.00026 0.534845,
2.00329 0.539617,
2.00659 0.543993,
2.00987 0.548368,
2.0142 0.552037,
2.01851 0.555707,
2.02345 0.558597,
2.02848 0.560719,
2.03352 0.562841,
2.03826 0.564586,
2.04324 0.565408,
2.05011 0.565137,
2.05231 0.564654,
2.05192 0.564786,
2.06056 0.564155,
2.06561 0.562033,
2.07053 0.559786,
2.07563 0.557133,
2.08042 0.55505,
2.08513 0.553744,
2.08987 0.5526,
2.09435 0.551197,
2.09886 0.549479,
2.10343 0.547619,
2.10781 0.54561,
2.11273 0.542792,
2.11767 0.539801,
2.12262 0.536831,
2.12734 0.533426,
2.13205 0.530022,
"/>
</Transform>

</Section>
