<?xml version="1.0"?>
<!DOCTYPE Section SYSTEM "section.dtd">

<Section index="620" thickness="0.00164" alignLocked="true">
<Transform dim="0"
 xcoef=" 0 1 0 0 0 0"
 ycoef=" 0 0 1 0 0 0">
<Contour name="OuterMembrane" hidden="false" closed="true" simplified="true" border="1 0 0" fill="1 0 0" mode="11"
points="2.02545 0.602964,
2.03309 0.608171,
2.03783 0.611428,
2.04357 0.61377,
2.04939 0.6158,
2.05522 0.617831,
2.06137 0.618779,
2.06691 0.619472,
2.07211 0.619813,
2.07732 0.62005,
2.08267 0.620191,
2.08803 0.620332,
2.09346 0.620227,
2.0989 0.619059,
2.10433 0.617893,
2.10935 0.616858,
2.11435 0.615823,
2.12062 0.613462,
2.12644 0.611113,
2.13208 0.608758,
2.13812 0.606101,
2.14374 0.603249,
2.14915 0.600312,
2.15489 0.597132,
2.16026 0.594503,
2.16562 0.591873,
2.17008 0.588822,
2.17467 0.585383,
2.17899 0.582284,
2.1833 0.579186,
2.18702 0.575815,
2.19066 0.571635,
2.19614 0.565874,
2.19875 0.562577,
2.20291 0.556618,
2.20672 0.551199,
2.21051 0.545779,
2.21333 0.542338,
2.21664 0.535631,
2.21966 0.529567,
2.2224 0.524077,
2.22525 0.518781,
2.22748 0.513714,
2.22942 0.508687,
2.2316 0.503778,
2.23386 0.498858,
2.23588 0.494196,
2.23752 0.489035,
2.23937 0.483518,
2.24076 0.478076,
2.24203 0.472692,
2.24324 0.467165,
2.24447 0.46164,
2.24521 0.456171,
2.24567 0.450136,
2.24593 0.443932,
2.24609 0.437388,
2.24624 0.430935,
2.24636 0.424509,
2.24619 0.418377,
2.24531 0.412173,
2.24416 0.40651,
2.24303 0.400846,
2.24057 0.39404,
2.23816 0.388354,
2.23509 0.382906,
2.23202 0.377457,
2.22761 0.372564,
2.22168 0.368167,
2.21594 0.363504,
2.21024 0.35987,
2.20549 0.357136,
2.20085 0.355055,
2.19611 0.352415,
2.19083 0.349589,
2.18558 0.347067,
2.18017 0.34499,
2.17457 0.343513,
2.16856 0.342585,
2.16227 0.342017,
2.15717 0.341768,
2.15209 0.341671,
2.14678 0.341574,
2.14146 0.341476,
2.13603 0.342409,
2.13043 0.343511,
2.12475 0.345071,
2.11911 0.346466,
2.11352 0.348162,
2.10778 0.349969,
2.10194 0.352139,
2.09733 0.354101,
2.08618 0.356931,
2.07444 0.3608,
2.06863 0.362634,
2.06325 0.364987,
2.05787 0.367342,
2.0529 0.369887,
2.0479 0.372483,
2.04278 0.375235,
2.03768 0.378233,
2.03293 0.381697,
2.02838 0.385179,
2.02366 0.388267,
2.01892 0.391534,
2.01423 0.395091,
2.01021 0.398479,
2.00315 0.404086,
1.9964 0.410872,
1.99394 0.413985,
1.98932 0.419612,
1.98519 0.425042,
1.98192 0.430236,
1.97866 0.435428,
1.9762 0.440524,
1.97413 0.445542,
1.97233 0.450501,
1.97053 0.455461,
1.96939 0.460614,
1.96854 0.466423,
1.96803 0.472348,
1.96782 0.477371,
1.96766 0.482352,
1.96751 0.487331,
1.96761 0.495175,
1.96852 0.500636,
1.96946 0.506099,
1.97133 0.512807,
1.97333 0.518571,
1.97533 0.523873,
1.97709 0.528936,
1.97891 0.533776,
1.98089 0.538733,
1.98299 0.543758,
1.98561 0.548847,
1.98824 0.553936,
1.99139 0.559584,
1.99454 0.565231,
1.99842 0.570974,
2.00182 0.575258,
2.00529 0.579953,
2.00882 0.585073,
2.01272 0.590344,
2.01707 0.595489,
"/>
<Contour name="InnerMembrane" hidden="false" closed="true" simplified="true" border="1 0 0" fill="1 0 0" mode="11"
points="2.06363 0.588407,
2.06232 0.58836,
2.06781 0.591072,
2.0718 0.592261,
2.07573 0.593382,
2.07965 0.594503,
2.08411 0.595056,
2.08864 0.595515,
2.09608 0.595976,
2.10143 0.595118,
2.10606 0.594198,
2.11037 0.59327,
2.11468 0.592343,
2.11824 0.591404,
2.12316 0.589203,
2.12705 0.587428,
2.13095 0.585952,
2.13485 0.584476,
2.1379 0.583382,
2.14176 0.581454,
2.14563 0.579525,
2.15037 0.576955,
2.15485 0.574335,
2.15858 0.571704,
2.16196 0.569021,
2.16724 0.565593,
2.17097 0.562113,
2.17412 0.559078,
2.1773 0.55596,
2.18018 0.552687,
2.18305 0.549635,
2.18592 0.546582,
2.19052 0.541036,
2.19375 0.535644,
2.19673 0.530734,
2.19962 0.525974,
2.20252 0.521217,
2.20436 0.516923,
2.20616 0.513005,
2.20798 0.509087,
2.21065 0.502106,
2.21246 0.496835,
2.21426 0.491564,
2.21544 0.487141,
2.21646 0.482413,
2.21698 0.477491,
2.21733 0.473006,
2.21762 0.468751,
2.21764 0.4622,
2.21779 0.45723,
2.21784 0.45286,
2.21789 0.448191,
2.2179 0.443376,
2.21792 0.439243,
2.21792 0.43513,
2.21794 0.431018,
2.21712 0.426564,
2.21664 0.421997,
2.21616 0.417429,
2.21492 0.413283,
2.21367 0.409137,
2.21144 0.404306,
2.20947 0.400193,
2.20752 0.39618,
2.20555 0.392167,
2.20257 0.388606,
2.19952 0.385082,
2.19647 0.381557,
2.1932 0.379124,
2.18992 0.37669,
2.18604 0.374487,
2.18186 0.3727,
2.17748 0.370894,
2.1731 0.369087,
2.16808 0.36776,
2.16387 0.36716,
2.15929 0.36645,
2.15471 0.365738,
2.15029 0.3654,
2.14594 0.365159,
2.14113 0.364838,
2.13641 0.364638,
2.13184 0.364441,
2.12724 0.364392,
2.12265 0.364344,
2.11778 0.364408,
2.11229 0.366133,
2.10668 0.367414,
2.10259 0.369028,
2.09876 0.370458,
2.09492 0.37189,
2.09093 0.373051,
2.0869 0.374319,
2.08311 0.37567,
2.07936 0.377184,
2.07268 0.380332,
2.06783 0.38275,
2.06415 0.384952,
2.0605 0.387153,
2.05677 0.389206,
2.05297 0.391517,
2.04925 0.393895,
2.04552 0.396275,
2.04257 0.398763,
2.03798 0.40201,
2.03411 0.4051,
2.03029 0.408194,
2.02663 0.41142,
2.02358 0.414236,
2.02089 0.417239,
2.01797 0.419973,
2.01481 0.422969,
2.01177 0.425606,
2.00879 0.42835,
2.0058 0.431094,
2.00285 0.434095,
2.00009 0.439164,
1.99796 0.443833,
1.99593 0.448542,
1.99363 0.453449,
1.99135 0.458355,
1.99053 0.462306,
1.98952 0.466665,
1.98848 0.471024,
1.98817 0.475238,
1.98807 0.479164,
1.98801 0.483308,
1.98793 0.487551,
1.98804 0.492497,
1.98816 0.497445,
1.98898 0.500713,
1.99075 0.506319,
1.9924 0.511806,
1.99408 0.517659,
1.99657 0.522816,
1.99847 0.526717,
2.0017 0.533289,
2.00457 0.538378,
2.00744 0.542778,
2.01005 0.546541,
2.01267 0.550305,
2.01458 0.55328,
2.01817 0.557662,
2.02186 0.56193,
2.02486 0.565219,
2.02788 0.568509,
2.03109 0.570807,
2.03432 0.573105,
2.03967 0.577001,
2.04433 0.579546,
2.04811 0.58209,
2.05192 0.584634,
2.06043 0.588007,
"/>
<Contour name="CristaeMembrane" hidden="false" closed="true" simplified="true" border="1 0 0" fill="1 0 0" mode="11"
points="2.11489 0.524329,
2.11404 0.523257,
2.11327 0.522476,
2.11248 0.521694,
2.11155 0.520862,
2.11045 0.520193,
2.10922 0.519727,
2.10778 0.519609,
2.10625 0.51956,
2.10474 0.519524,
2.10323 0.519486,
2.10169 0.519673,
2.1005 0.52001,
2.0993 0.520344,
2.09805 0.520592,
2.09623 0.521285,
2.09441 0.521981,
2.09353 0.522125,
2.09197 0.522458,
2.09041 0.522793,
2.08867 0.523429,
2.08695 0.524067,
2.08605 0.524902,
2.08447 0.52641,
2.0837 0.527322,
2.08293 0.528436,
2.08216 0.529548,
2.08116 0.530714,
2.0807 0.53148,
2.08036 0.532298,
2.07993 0.533564,
2.0795 0.53483,
2.07932 0.536562,
2.07926 0.537946,
2.07921 0.53933,
2.07919 0.540695,
2.07918 0.542061,
2.07914 0.543306,
2.07929 0.544357,
2.07983 0.545597,
2.08036 0.546835,
2.08093 0.548057,
2.0817 0.548964,
2.08249 0.549872,
2.08364 0.55102,
2.0847 0.552081,
2.08578 0.553144,
2.08697 0.553921,
2.08815 0.5547,
2.08956 0.555978,
2.09105 0.55669,
2.09254 0.557402,
2.09356 0.558048,
2.09458 0.558694,
2.09574 0.55945,
2.09685 0.560245,
2.09808 0.561029,
2.09931 0.561813,
2.10046 0.562694,
2.10155 0.563419,
2.10263 0.564142,
2.10386 0.564796,
2.10509 0.565449,
2.10647 0.56593,
2.10797 0.566322,
2.10932 0.566663,
2.11052 0.56706,
2.1117 0.567456,
2.1128 0.567735,
2.11366 0.567827,
2.11504 0.56783,
2.11632 0.567924,
2.11762 0.568017,
2.11867 0.568403,
2.12004 0.568508,
2.12154 0.56856,
2.12308 0.568606,
2.12451 0.568626,
2.1259 0.568627,
2.12711 0.568636,
2.12828 0.568644,
2.12947 0.568645,
2.13066 0.568647,
2.13218 0.56865,
2.13369 0.568654,
2.13472 0.568568,
2.13577 0.568319,
2.13674 0.567929,
2.13797 0.567281,
2.1392 0.566631,
2.14 0.56629,
2.14077 0.565851,
2.14223 0.564765,
2.14381 0.56397,
2.14543 0.563158,
2.14665 0.56255,
2.14769 0.562028,
2.14874 0.561505,
2.14978 0.560765,
2.15079 0.560026,
2.15201 0.559448,
2.15276 0.558914,
2.15422 0.557515,
2.1553 0.556978,
2.15655 0.556145,
2.15775 0.555461,
2.15893 0.554779,
2.15993 0.554164,
2.16119 0.553175,
2.16245 0.552186,
2.16367 0.55116,
2.16465 0.550473,
2.16564 0.549785,
2.16665 0.549113,
2.16795 0.547837,
2.16923 0.546561,
2.17008 0.545715,
2.17092 0.544877,
2.17177 0.544037,
2.17264 0.543145,
2.17366 0.542097,
2.17467 0.541047,
2.17544 0.540391,
2.17612 0.539619,
2.17667 0.538738,
2.17703 0.537581,
2.17741 0.536423,
2.17785 0.53503,
2.17813 0.533499,
2.17843 0.531965,
2.17887 0.530765,
2.179 0.529536,
2.17935 0.528203,
2.17971 0.52687,
2.18028 0.525732,
2.18056 0.523959,
2.18086 0.522186,
2.18122 0.521318,
2.18146 0.520411,
2.18153 0.519058,
2.18156 0.51754,
2.18158 0.516292,
2.18156 0.514419,
2.18156 0.512557,
2.1821 0.51129,
2.18225 0.509691,
2.18233 0.508354,
2.18236 0.507121,
2.1824 0.505828,
2.1824 0.504415,
2.1824 0.503227,
2.18241 0.50204,
2.1824 0.499738,
2.18225 0.498731,
2.18151 0.496718,
2.18127 0.495624,
2.18072 0.493612,
2.18046 0.49242,
2.18005 0.491178,
2.17964 0.489935,
2.17892 0.488656,
2.1782 0.487377,
2.17761 0.485978,
2.17703 0.484579,
2.17654 0.483582,
2.17592 0.482672,
2.17444 0.481153,
2.17357 0.480474,
2.17244 0.479861,
2.1711 0.47959,
2.16974 0.479321,
2.16872 0.47887,
2.16764 0.47859,
2.16654 0.478486,
2.16529 0.478486,
2.16393 0.478488,
2.16255 0.47849,
2.16114 0.478488,
2.15986 0.478491,
2.15849 0.478493,
2.15701 0.478529,
2.15555 0.478567,
2.1545 0.478813,
2.15337 0.479338,
2.15224 0.479864,
2.15107 0.480518,
2.14991 0.481174,
2.14881 0.481555,
2.14769 0.481935,
2.14673 0.482229,
2.14566 0.482745,
2.1446 0.483264,
2.14335 0.484028,
2.14263 0.484656,
2.14115 0.485802,
2.14015 0.486417,
2.13905 0.487316,
2.13785 0.488097,
2.13666 0.488877,
2.13549 0.48951,
2.13448 0.490203,
2.13344 0.490895,
2.13238 0.491792,
2.13138 0.492522,
2.13036 0.49325,
2.12906 0.493906,
2.12767 0.494493,
2.12626 0.49508,
2.12506 0.495485,
2.12387 0.495888,
2.12231 0.49639,
2.12075 0.49689,
2.11932 0.497376,
2.11781 0.497802,
2.11631 0.498229,
2.11534 0.49843,
2.11442 0.498767,
2.1134 0.499318,
2.1125 0.500028,
2.11178 0.500997,
2.11104 0.501965,
2.1106 0.50308,
2.11045 0.504333,
2.1103 0.505587,
2.11035 0.506927,
2.1107 0.508302,
2.11127 0.5095,
2.11211 0.510489,
2.11294 0.511477,
2.11389 0.512334,
2.11517 0.513084,
2.1167 0.513579,
2.11836 0.513643,
2.12003 0.513671,
2.12173 0.513687,
2.12303 0.513697,
2.12431 0.513707,
2.12578 0.513755,
2.12726 0.513804,
2.12879 0.514355,
2.13029 0.514442,
2.13149 0.514488,
2.13266 0.514509,
2.13433 0.514522,
2.13564 0.514716,
2.13694 0.514909,
2.13805 0.515718,
2.13917 0.516525,
2.13948 0.517796,
2.13981 0.519067,
2.13995 0.520461,
2.1403 0.521658,
2.14046 0.523009,
2.14064 0.52436,
2.14079 0.525513,
2.14112 0.526906,
2.14128 0.528423,
2.14136 0.529666,
2.14141 0.531368,
2.14054 0.532157,
2.13949 0.532823,
2.13845 0.53349,
2.13746 0.533699,
2.13656 0.534025,
2.13457 0.534655,
2.13274 0.535124,
2.13151 0.535506,
2.13025 0.535699,
2.12895 0.535729,
2.1279 0.535084,
2.12682 0.534209,
2.12572 0.533335,
2.12426 0.532516,
2.1228 0.531696,
2.12193 0.531334,
2.12037 0.530556,
2.11955 0.529905,
2.11873 0.529253,
2.11762 0.527406,
2.11657 0.526473,
"/>
</Transform>

</Section>
