<?xml version="1.0"?>
<!DOCTYPE Section SYSTEM "section.dtd">

<Section index="633" thickness="0.00164" alignLocked="true">
<Transform dim="0"
 xcoef=" 0 1 0 0 0 0"
 ycoef=" 0 0 1 0 0 0">
<Contour name="OuterMembrane" hidden="false" closed="true" simplified="true" border="1 0 0" fill="1 0 0" mode="11"
points="2.0375 0.618344,
2.03726 0.618259,
2.04206 0.620435,
2.04954 0.624291,
2.05361 0.62688,
2.05807 0.628778,
2.06371 0.630016,
2.0695 0.630734,
2.07481 0.631497,
2.0799 0.631995,
2.08595 0.632496,
2.0921 0.632914,
2.09767 0.633129,
2.10325 0.633342,
2.10822 0.633486,
2.11499 0.632159,
2.12178 0.630834,
2.12746 0.629312,
2.13346 0.627248,
2.1394 0.624848,
2.14501 0.62278,
2.1506 0.620712,
2.15558 0.618823,
2.16047 0.616487,
2.16528 0.613916,
2.17 0.611485,
2.17457 0.609147,
2.17908 0.606229,
2.18376 0.602774,
2.18835 0.599146,
2.19283 0.595374,
2.19727 0.591359,
2.20159 0.586856,
2.20573 0.581929,
2.2099 0.577001,
2.21361 0.570295,
2.21728 0.563296,
2.22095 0.556295,
2.22379 0.549989,
2.22486 0.545318,
2.22686 0.53841,
2.22832 0.533153,
2.22937 0.527959,
2.2303 0.522455,
2.23094 0.5172,
2.23127 0.51208,
2.23143 0.506952,
2.23156 0.501728,
2.23191 0.49638,
2.23258 0.490453,
2.23324 0.484918,
2.23386 0.47972,
2.23447 0.474523,
2.23473 0.467589,
2.23481 0.461007,
2.23488 0.454428,
2.23394 0.447597,
2.23283 0.440948,
2.23135 0.434764,
2.22984 0.428999,
2.22824 0.423505,
2.22653 0.418044,
2.2244 0.412724,
2.22205 0.407391,
2.2193 0.401997,
2.21662 0.39709,
2.21389 0.39234,
2.21118 0.387737,
2.20813 0.383106,
2.20473 0.378396,
2.20098 0.373786,
2.1966 0.369485,
2.19166 0.365582,
2.18674 0.361681,
2.18207 0.359398,
2.17741 0.357115,
2.17266 0.355432,
2.16774 0.353743,
2.16237 0.35197,
2.15665 0.350035,
2.15093 0.348098,
2.14671 0.346929,
2.13905 0.346051,
2.13271 0.345541,
2.12728 0.345259,
2.12221 0.345081,
2.11719 0.344908,
2.11201 0.344835,
2.10624 0.345192,
2.10046 0.34555,
2.09285 0.346455,
2.08788 0.347259,
2.08272 0.347746,
2.07755 0.348231,
2.07227 0.349264,
2.06701 0.350296,
2.06169 0.35168,
2.05633 0.353051,
2.05085 0.354037,
2.04524 0.355199,
2.03952 0.356561,
2.03381 0.357997,
2.02816 0.360037,
2.02276 0.362312,
2.01789 0.36569,
2.01299 0.368998,
2.0081 0.372306,
2.00369 0.37639,
1.99937 0.380592,
1.99465 0.385912,
1.99107 0.391379,
1.98748 0.396846,
1.98402 0.402213,
1.98056 0.407581,
1.97722 0.412819,
1.97436 0.417305,
1.97289 0.421126,
1.96989 0.42786,
1.96733 0.435074,
1.96595 0.441409,
1.96457 0.447745,
1.96305 0.453924,
1.96187 0.460113,
1.96203 0.466331,
1.96246 0.472461,
1.96288 0.478591,
1.96315 0.484746,
1.96344 0.490877,
1.96395 0.496808,
1.96551 0.501624,
1.96684 0.507252,
1.96836 0.512756,
1.96979 0.518494,
1.97151 0.524203,
1.97336 0.529982,
1.97522 0.53576,
1.97702 0.541006,
1.97925 0.546364,
1.98146 0.551853,
1.98392 0.557361,
1.9865 0.562277,
1.98999 0.567586,
1.99275 0.571784,
1.9955 0.575983,
1.99988 0.581539,
2.00357 0.586377,
2.00716 0.591004,
2.01092 0.595674,
2.01502 0.600194,
2.01969 0.60433,
2.02437 0.608166,
2.02909 0.612076,
2.03383 0.615984,
"/>
<Contour name="InnerMembrane" hidden="false" closed="true" simplified="true" border="1 0 0" fill="1 0 0" mode="11"
points="2.10245 0.368611,
2.09713 0.369448,
2.09184 0.370284,
2.08613 0.37127,
2.08057 0.37227,
2.07486 0.373359,
2.06911 0.374437,
2.06314 0.375024,
2.05774 0.375781,
2.05198 0.376775,
2.04629 0.378118,
2.04009 0.379927,
2.03406 0.381516,
2.02868 0.383819,
2.02379 0.386422,
2.01958 0.390003,
2.01582 0.393936,
2.01143 0.39749,
2.00703 0.401046,
2.00662 0.401323,
2.00644 0.40141,
2.00554 0.401898,
2.00219 0.404281,
1.99923 0.407119,
1.9967 0.410335,
1.99467 0.413862,
1.99221 0.419464,
1.98975 0.425065,
1.98768 0.430959,
1.98634 0.435802,
1.98524 0.440878,
1.98451 0.446342,
1.98378 0.451809,
1.98363 0.457785,
1.98369 0.463982,
1.98369 0.470391,
1.98379 0.47598,
1.98391 0.481378,
1.98406 0.486376,
1.98453 0.4915,
1.9853 0.496745,
1.98642 0.50228,
1.9877 0.5085,
1.98894 0.515016,
1.98998 0.519144,
1.9917 0.5245,
1.99342 0.529856,
1.99514 0.534633,
1.99685 0.539412,
1.99905 0.544162,
2.0016 0.549105,
2.00423 0.554002,
2.00688 0.559005,
2.00974 0.564104,
2.01218 0.568591,
2.01533 0.572522,
2.01981 0.576339,
2.02433 0.580022,
2.02886 0.583704,
2.03381 0.586984,
2.03918 0.590133,
2.0438 0.592586,
2.04879 0.595085,
2.05377 0.597583,
2.05869 0.600069,
2.06378 0.602511,
2.06912 0.604017,
2.07445 0.605522,
2.0797 0.606762,
2.08519 0.607299,
2.09069 0.607833,
2.09635 0.608046,
2.10207 0.607728,
2.10766 0.607276,
2.11309 0.606495,
2.11904 0.605255,
2.12534 0.603968,
2.13115 0.602544,
2.13694 0.601121,
2.143 0.599351,
2.14886 0.597449,
2.15453 0.595195,
2.16013 0.592427,
2.16587 0.58918,
2.17244 0.583146,
2.17661 0.578113,
2.18077 0.57308,
2.18463 0.568137,
2.18783 0.563424,
2.19093 0.559233,
2.19402 0.555045,
2.19698 0.550907,
2.1999 0.54663,
2.20165 0.541669,
2.20314 0.536705,
2.20464 0.531739,
2.20552 0.52513,
2.20639 0.518519,
2.2078 0.511016,
2.20887 0.503747,
2.20988 0.49682,
2.21159 0.490352,
2.21328 0.483884,
2.2148 0.477243,
2.21477 0.472276,
2.21474 0.467308,
2.21464 0.461286,
2.21448 0.455638,
2.21415 0.449849,
2.21369 0.443894,
2.21292 0.437273,
2.21195 0.429788,
2.21111 0.426236,
2.20992 0.420214,
2.2087 0.414192,
2.20646 0.409191,
2.20421 0.404193,
2.20154 0.39893,
2.19822 0.393541,
2.19489 0.38815,
2.19063 0.384136,
2.18638 0.380121,
2.18195 0.376659,
2.17656 0.373576,
2.17116 0.370494,
2.16467 0.367696,
2.16086 0.366858,
2.15406 0.366814,
2.14724 0.366768,
2.13992 0.36665,
2.1348 0.366748,
2.12844 0.366957,
2.12216 0.367288,
2.11599 0.367801,
2.10983 0.36848,
"/>
<Contour name="CristaeMembrane" hidden="false" closed="true" simplified="true" border="1 0 0" fill="1 0 0" mode="11"
points="2.09515 0.587169,
2.0952 0.587186,
2.09736 0.586949,
2.09881 0.586761,
2.1003 0.586454,
2.10181 0.586149,
2.1031 0.585721,
2.10448 0.585119,
2.10596 0.584488,
2.1076 0.584079,
2.10925 0.583673,
2.11016 0.583379,
2.11201 0.582966,
2.11312 0.582676,
2.11435 0.582093,
2.11558 0.581511,
2.11688 0.580709,
2.11804 0.579986,
2.11921 0.579261,
2.12044 0.578631,
2.12172 0.577598,
2.12303 0.576749,
2.12437 0.575929,
2.1257 0.575109,
2.12659 0.574356,
2.1279 0.573027,
2.12861 0.572311,
2.12939 0.571125,
2.13075 0.56919,
2.13208 0.568281,
2.13339 0.567374,
2.1351 0.56683,
2.13669 0.566338,
2.13828 0.565846,
2.13928 0.565705,
2.14025 0.565429,
2.14227 0.564942,
2.14369 0.564493,
2.14502 0.564067,
2.14637 0.563642,
2.14865 0.562897,
2.14994 0.561997,
2.15109 0.56106,
2.15217 0.560103,
2.15325 0.559143,
2.15455 0.557853,
2.15586 0.55656,
2.15737 0.55503,
2.15824 0.55414,
2.15895 0.553116,
2.16027 0.551237,
2.16142 0.550136,
2.16272 0.549003,
2.16401 0.54787,
2.16508 0.547222,
2.16672 0.546035,
2.16836 0.544847,
2.16975 0.544109,
2.17115 0.54346,
2.17256 0.54281,
2.17403 0.542409,
2.1752 0.541838,
2.17639 0.541044,
2.17772 0.54028,
2.17907 0.539517,
2.181 0.53814,
2.1822 0.537239,
2.1834 0.536387,
2.18458 0.535534,
2.18576 0.534607,
2.18692 0.533682,
2.18802 0.532488,
2.18902 0.531111,
2.19002 0.529733,
2.19102 0.528739,
2.19199 0.527237,
2.19271 0.524977,
2.1932 0.523791,
2.1935 0.522537,
2.19366 0.520995,
2.19396 0.51945,
2.19419 0.518065,
2.1944 0.51668,
2.19499 0.515063,
2.19509 0.513692,
2.19517 0.51232,
2.19519 0.510883,
2.19519 0.509582,
2.19525 0.507614,
2.19562 0.506747,
2.19586 0.505842,
2.19593 0.504182,
2.19598 0.502537,
2.19599 0.50123,
2.19601 0.499731,
2.19603 0.498234,
2.19591 0.497289,
2.1955 0.496056,
2.19509 0.494822,
2.19473 0.493584,
2.19437 0.492346,
2.19424 0.491378,
2.19398 0.490373,
2.1934 0.489161,
2.19291 0.487851,
2.19242 0.48654,
2.19173 0.484536,
2.19132 0.483308,
2.19076 0.482163,
2.1902 0.481019,
2.18983 0.479772,
2.18965 0.478447,
2.18955 0.477004,
2.18951 0.475639,
2.18948 0.474096,
2.18947 0.472555,
2.18942 0.471503,
2.18922 0.470434,
2.18894 0.468891,
2.18878 0.46759,
2.18883 0.466063,
2.18889 0.464537,
2.18943 0.462672,
2.18984 0.461745,
2.19042 0.460009,
2.19099 0.45827,
2.19196 0.456789,
2.19235 0.455846,
2.19312 0.453529,
2.19345 0.452094,
2.19378 0.450659,
2.19412 0.449153,
2.19448 0.447648,
2.19498 0.446259,
2.19509 0.444799,
2.19514 0.443425,
2.19532 0.442054,
2.19548 0.440681,
2.19591 0.4392,
2.19594 0.437255,
2.19598 0.43572,
2.19599 0.434351,
2.19601 0.43308,
2.19601 0.431809,
2.19601 0.430115,
2.19601 0.42842,
2.19598 0.427189,
2.19558 0.425847,
2.19521 0.424507,
2.19496 0.422877,
2.19445 0.421737,
2.19384 0.420489,
2.19322 0.419241,
2.19275 0.418074,
2.19202 0.41694,
2.19084 0.41572,
2.18966 0.4145,
2.18778 0.413515,
2.18589 0.412531,
2.18414 0.412467,
2.18263 0.41243,
2.18095 0.412422,
2.17923 0.412414,
2.17751 0.412406,
2.17643 0.412544,
2.17449 0.412886,
2.17254 0.413229,
2.17092 0.413513,
2.16933 0.414239,
2.16775 0.414966,
2.16685 0.415555,
2.16519 0.417116,
2.16441 0.418075,
2.16377 0.419271,
2.16318 0.42046,
2.16259 0.421647,
2.16196 0.422863,
2.16163 0.424324,
2.16131 0.425785,
2.16081 0.427261,
2.16045 0.428683,
2.16009 0.430106,
2.15983 0.43135,
2.15929 0.432757,
2.15888 0.434185,
2.15845 0.435615,
2.1578 0.43698,
2.15735 0.438275,
2.15691 0.439569,
2.1564 0.440496,
2.15576 0.442598,
2.15527 0.443723,
2.15509 0.445253,
2.15494 0.446539,
2.15478 0.447825,
2.15434 0.449122,
2.15381 0.450377,
2.15317 0.451579,
2.15253 0.452781,
2.15179 0.454059,
2.15106 0.455336,
2.15035 0.456792,
2.14965 0.458249,
2.14873 0.459922,
2.14771 0.461329,
2.14669 0.462734,
2.14599 0.463838,
2.14507 0.46494,
2.14415 0.466042,
2.14337 0.466906,
2.14259 0.468048,
2.14184 0.469188,
2.14086 0.470229,
2.13986 0.471269,
2.13866 0.472372,
2.13772 0.473709,
2.13671 0.474933,
2.13567 0.476158,
2.13494 0.477314,
2.13418 0.47847,
2.13328 0.479779,
2.13238 0.481089,
2.13159 0.482299,
2.13064 0.483465,
2.1298 0.484402,
2.12897 0.485337,
2.12829 0.486176,
2.12739 0.487951,
2.12667 0.488974,
2.12593 0.489996,
2.12503 0.491078,
2.12429 0.492505,
2.12352 0.494004,
2.12287 0.495303,
2.12221 0.496602,
2.12185 0.49855,
2.1215 0.500498,
2.12106 0.502029,
2.12062 0.503557,
2.12054 0.505105,
2.1205 0.506644,
2.12049 0.508098,
2.12049 0.509597,
2.12047 0.510865,
2.12039 0.51334,
2.11993 0.51466,
2.11949 0.51598,
2.11891 0.517576,
2.11819 0.519093,
2.11747 0.520608,
2.11688 0.521358,
2.11624 0.522338,
2.11562 0.523319,
2.11494 0.52442,
2.11426 0.525522,
2.11335 0.526363,
2.11258 0.527549,
2.11165 0.528695,
2.11073 0.52984,
2.11002 0.531073,
2.1093 0.532305,
2.10843 0.534033,
2.10758 0.535575,
2.10648 0.536587,
2.10512 0.537225,
2.10382 0.53754,
2.1021 0.537702,
2.10076 0.537881,
2.09941 0.538059,
2.0982 0.538473,
2.09692 0.538638,
2.09548 0.538635,
2.09403 0.538632,
2.09257 0.538638,
2.09113 0.538638,
2.08964 0.538635,
2.0882 0.538628,
2.08679 0.538638,
2.08539 0.538647,
2.0841 0.538656,
2.0828 0.538673,
2.08152 0.538719,
2.08029 0.538796,
2.07906 0.53896,
2.07777 0.539278,
2.07668 0.539447,
2.07553 0.539444,
2.07437 0.53944,
2.07314 0.539421,
2.07166 0.53943,
2.07058 0.539403,
2.0693 0.53935,
2.06799 0.538781,
2.06668 0.53821,
2.06568 0.537297,
2.06466 0.536259,
2.06364 0.535219,
2.06266 0.534205,
2.06184 0.533372,
2.06133 0.532739,
2.06074 0.532173,
2.0595 0.531345,
2.05851 0.530468,
2.05753 0.52959,
2.05664 0.528547,
2.05604 0.527542,
2.05548 0.526189,
2.0549 0.524838,
2.05448 0.52356,
2.0542 0.522048,
2.05392 0.520538,
2.05358 0.519208,
2.05323 0.518147,
2.05287 0.517085,
2.05248 0.516136,
2.05182 0.51509,
2.05138 0.514053,
2.05092 0.513017,
2.05041 0.512124,
2.04957 0.510465,
2.04872 0.508774,
2.04813 0.508054,
2.04761 0.506744,
2.04708 0.505435,
2.04661 0.504393,
2.04656 0.502614,
2.04628 0.501384,
2.04603 0.5001,
2.04577 0.498816,
2.04579 0.497528,
2.0458 0.496243,
2.0458 0.494757,
2.0458 0.493619,
2.0458 0.492162,
2.04579 0.490563,
2.04579 0.489415,
2.04579 0.487966,
2.04575 0.486619,
2.04572 0.485227,
2.04554 0.484435,
2.04526 0.483672,
2.0451 0.482153,
2.04495 0.480635,
2.04477 0.479711,
2.04426 0.478358,
2.04396 0.476979,
2.04367 0.475598,
2.04333 0.474511,
2.04296 0.473424,
2.04241 0.472117,
2.04187 0.47081,
2.04142 0.469537,
2.04096 0.468476,
2.0405 0.467415,
2.04006 0.466385,
2.03972 0.465342,
2.03924 0.464241,
2.0385 0.4632,
2.03775 0.462434,
2.03698 0.461668,
2.03619 0.461088,
2.03467 0.460609,
2.03314 0.460128,
2.03201 0.460166,
2.03089 0.460402,
2.02989 0.460797,
2.02858 0.461509,
2.02727 0.462223,
2.02647 0.462941,
2.02579 0.463771,
2.02497 0.465406,
2.0243 0.466688,
2.02363 0.467598,
2.02296 0.46851,
2.02256 0.46943,
2.02207 0.470491,
2.0216 0.471552,
2.02141 0.472705,
2.02105 0.47398,
2.02068 0.475254,
2.02058 0.476743,
2.02043 0.47888,
2.02027 0.48002,
2.01997 0.48135,
2.01977 0.482496,
2.01976 0.484622,
2.01976 0.485745,
2.01977 0.486936,
2.01977 0.488353,
2.01976 0.489742,
2.01976 0.491039,
2.01976 0.492441,
2.01976 0.494001,
2.01977 0.495182,
2.01977 0.496346,
2.01977 0.497532,
2.01981 0.498796,
2.01982 0.500225,
2.01989 0.50146,
2.0202 0.502562,
2.0204 0.503677,
2.02059 0.504792,
2.02076 0.50581,
2.02127 0.50719,
2.02137 0.508582,
2.02148 0.509976,
2.02156 0.511483,
2.02197 0.512716,
2.02212 0.513905,
2.02225 0.515096,
2.02227 0.516349,
2.02232 0.517892,
2.02242 0.519178,
2.02258 0.520349,
2.02297 0.521256,
2.02333 0.522389,
2.02369 0.523522,
2.02433 0.524749,
2.02497 0.525974,
2.02532 0.527107,
2.02566 0.528242,
2.02588 0.529444,
2.02624 0.530911,
2.02658 0.532377,
2.02691 0.53323,
2.02738 0.534794,
2.02794 0.536121,
2.02855 0.537261,
2.02917 0.538401,
2.0296 0.53955,
2.03002 0.5407,
2.0304 0.541854,
2.03106 0.543065,
2.03173 0.544275,
2.03239 0.545284,
2.03306 0.546292,
2.0338 0.547257,
2.03444 0.54785,
2.03514 0.548352,
2.0364 0.549303,
2.03765 0.550254,
2.03836 0.550766,
2.03934 0.551658,
2.04032 0.552552,
2.04108 0.553707,
2.0421 0.554625,
2.04298 0.555632,
2.04385 0.556641,
2.04485 0.557795,
2.04546 0.558755,
2.04647 0.559927,
2.04751 0.560932,
2.04854 0.561939,
2.04957 0.562925,
2.05057 0.563834,
2.05175 0.56444,
2.05292 0.565236,
2.0541 0.566033,
2.05567 0.567463,
2.0564 0.567984,
2.05772 0.569072,
2.05882 0.570561,
2.05958 0.571394,
2.06058 0.57214,
2.06166 0.572665,
2.06271 0.573195,
2.06378 0.573724,
2.06497 0.574318,
2.06633 0.574953,
2.0677 0.575588,
2.06858 0.576257,
2.06947 0.576926,
2.07053 0.577782,
2.07196 0.578505,
2.07303 0.579217,
2.07411 0.579929,
2.07491 0.58067,
2.07604 0.581298,
2.07717 0.581928,
2.07852 0.582602,
2.0799 0.582977,
2.08119 0.583023,
2.08242 0.583271,
2.08365 0.58352,
2.08492 0.584179,
2.08675 0.584709,
2.08783 0.58504,
2.08892 0.585372,
2.09011 0.585923,
2.09141 0.586356,
2.09362 0.58704,
2.09461 0.587169,
"/>
<Contour name="CristaeMembrane" hidden="false" closed="true" simplified="true" border="1 0 0" fill="1 0 0" mode="11"
points="2.1637 0.522407,
2.16418 0.521904,
2.16469 0.521146,
2.16491 0.520201,
2.16514 0.519255,
2.1656 0.518489,
2.16585 0.517538,
2.16611 0.516585,
2.16652 0.51578,
2.16677 0.514893,
2.167 0.514006,
2.16742 0.513092,
2.16757 0.512516,
2.16769 0.511654,
2.16778 0.510789,
2.1681 0.509974,
2.16826 0.509069,
2.16844 0.508164,
2.16846 0.507203,
2.16846 0.506191,
2.16847 0.505172,
2.16847 0.504362,
2.16847 0.502908,
2.16847 0.501956,
2.16847 0.501132,
2.16847 0.50028,
2.16842 0.499375,
2.16838 0.498471,
2.16775 0.497445,
2.16742 0.496316,
2.16719 0.495757,
2.1669 0.495236,
2.16644 0.494675,
2.16559 0.493812,
2.16498 0.493215,
2.16434 0.492581,
2.16377 0.491995,
2.16318 0.491411,
2.16259 0.490875,
2.16159 0.490337,
2.16057 0.489797,
2.15955 0.489345,
2.15852 0.489245,
2.15745 0.489199,
2.15663 0.489173,
2.15583 0.489191,
2.15503 0.48921,
2.15427 0.489409,
2.15355 0.489701,
2.15284 0.489991,
2.15206 0.49015,
2.15127 0.49046,
2.1505 0.491096,
2.14974 0.491734,
2.14929 0.492146,
2.14886 0.492635,
2.14847 0.493297,
2.14817 0.494078,
2.14792 0.494873,
2.14769 0.495669,
2.14733 0.496572,
2.14722 0.497143,
2.1472 0.497938,
2.1472 0.498763,
2.14712 0.499536,
2.14702 0.50031,
2.1465 0.50161,
2.14638 0.50233,
2.14638 0.503431,
2.14638 0.50441,
2.14637 0.505389,
2.14617 0.506363,
2.14596 0.507337,
2.14578 0.508377,
2.1456 0.509418,
2.14555 0.510268,
2.14568 0.511111,
2.14591 0.511821,
2.14614 0.512887,
2.14627 0.513815,
2.1464 0.514742,
2.14656 0.515454,
2.14687 0.516205,
2.1472 0.516954,
2.14735 0.517784,
2.14771 0.518714,
2.14807 0.519273,
2.14851 0.520154,
2.14897 0.521035,
2.1494 0.521928,
2.14984 0.522824,
2.15004 0.523355,
2.1503 0.523859,
2.15071 0.524428,
2.15168 0.525418,
2.15273 0.526235,
2.15314 0.526448,
2.15401 0.526732,
2.15491 0.526834,
2.15691 0.526775,
2.15803 0.526793,
2.15878 0.526625,
2.15949 0.526333,
2.16055 0.525376,
2.16116 0.52493,
2.16182 0.524272,
2.16254 0.523572,
2.16311 0.522989,
"/>
</Transform>

</Section>
