<?xml version="1.0"?>
<!DOCTYPE Section SYSTEM "section.dtd">

<Section index="660" thickness="0.00164" alignLocked="true">
<Transform dim="0"
 xcoef=" 0 1 0 0 0 0"
 ycoef=" 0 0 1 0 0 0">
<Contour name="OuterMembrane" hidden="false" closed="true" simplified="true" border="1 0 0" fill="1 0 0" mode="11"
points="2.04326 0.619456,
2.04254 0.619359,
2.04005 0.618546,
2.043 0.619856,
2.04923 0.623325,
2.05618 0.625089,
2.06325 0.625453,
2.07034 0.625819,
2.07763 0.624071,
2.08459 0.622182,
2.09154 0.620294,
2.09917 0.618239,
2.10609 0.615804,
2.11299 0.613368,
2.11981 0.610592,
2.12583 0.607528,
2.1319 0.604504,
2.13776 0.600806,
2.14382 0.59724,
2.14935 0.593618,
2.15488 0.589997,
2.16141 0.583727,
2.16649 0.578963,
2.17498 0.570764,
2.17864 0.56542,
2.18297 0.559442,
2.18705 0.553098,
2.19115 0.546755,
2.19343 0.538438,
2.19535 0.530748,
2.19712 0.524046,
2.19896 0.517786,
2.2007 0.511147,
2.20242 0.504723,
2.20418 0.498752,
2.20529 0.491565,
2.20634 0.484935,
2.20739 0.478304,
2.20811 0.470045,
2.20826 0.462998,
2.20842 0.455951,
2.20769 0.445852,
2.20672 0.436614,
2.20431 0.427886,
2.20145 0.419814,
2.19863 0.412936,
2.19575 0.406595,
2.19255 0.400416,
2.18907 0.394254,
2.18558 0.388095,
2.18061 0.381446,
2.17576 0.37474,
2.17074 0.367601,
2.16621 0.36018,
2.16393 0.35673,
2.15762 0.349953,
2.15035 0.344374,
2.14637 0.341876,
2.13871 0.338352,
2.13105 0.334827,
2.12319 0.333328,
2.11619 0.332298,
2.1095 0.331615,
2.10292 0.331231,
2.09649 0.331093,
2.09016 0.330968,
2.07442 0.334954,
2.06696 0.336054,
2.05349 0.338002,
2.04685 0.340776,
2.04021 0.343657,
2.03509 0.345118,
2.02652 0.347327,
2.0221 0.348766,
2.01407 0.353472,
2.00608 0.358268,
1.99864 0.363367,
1.99117 0.368465,
1.98624 0.375091,
1.98101 0.382125,
1.97712 0.38858,
1.97323 0.395035,
1.97035 0.401152,
1.96872 0.407133,
1.9682 0.414087,
1.96697 0.421337,
1.96582 0.428498,
1.96392 0.435546,
1.96172 0.442034,
1.95952 0.44852,
1.95801 0.455467,
1.95649 0.462414,
1.95536 0.467656,
1.95529 0.475859,
1.95522 0.484064,
1.95511 0.492284,
1.95798 0.50351,
1.9607 0.509848,
1.96369 0.516078,
1.96672 0.522371,
1.9699 0.528292,
1.97317 0.533966,
1.97664 0.539614,
1.9805 0.545843,
1.9844 0.551714,
1.98858 0.557152,
1.99247 0.56295,
1.99637 0.568747,
2.00057 0.574326,
2.00462 0.580002,
2.00862 0.585693,
2.01231 0.591402,
2.01969 0.602997,
2.02407 0.608666,
2.02948 0.613406,
2.03636 0.617304,
"/>
<Contour name="InnerMembrane" hidden="false" closed="true" simplified="true" border="1 0 0" fill="1 0 0" mode="11"
points="2.18317 0.436511,
2.18187 0.430374,
2.18086 0.425626,
2.17984 0.420876,
2.17917 0.417408,
2.17728 0.411097,
2.17538 0.404785,
2.17334 0.400601,
2.17033 0.395973,
2.16733 0.391345,
2.16432 0.387452,
2.16126 0.383942,
2.15819 0.380432,
2.15463 0.377679,
2.15107 0.374925,
2.14666 0.37258,
2.1424 0.370383,
2.13623 0.37021,
2.13006 0.370036,
2.12521 0.369513,
2.12037 0.368992,
2.1156 0.368459,
2.11066 0.368172,
2.10587 0.368118,
2.10114 0.368385,
2.09636 0.368926,
2.09138 0.369756,
2.08639 0.370586,
2.08111 0.371288,
2.07591 0.372539,
2.0707 0.373969,
2.06524 0.375071,
2.05976 0.376175,
2.0541 0.377134,
2.04829 0.377818,
2.04232 0.37799,
2.03645 0.378304,
2.03055 0.378922,
2.02387 0.380224,
2.01955 0.382712,
2.01518 0.385705,
2.01074 0.389267,
2.00634 0.393005,
2.00293 0.396098,
1.9995 0.399192,
1.9957 0.404949,
1.99276 0.410048,
1.99006 0.41531,
1.98734 0.420573,
1.98489 0.425667,
1.98251 0.430507,
1.98069 0.43534,
1.97925 0.440365,
1.97817 0.445588,
1.97759 0.450677,
1.9772 0.45579,
1.977 0.461863,
1.97691 0.466829,
1.97686 0.471398,
1.97682 0.477381,
1.97682 0.482311,
1.97709 0.489829,
1.97997 0.499767,
1.98235 0.508628,
1.98386 0.513282,
1.98665 0.51832,
1.98994 0.523139,
1.99258 0.528285,
1.99522 0.533431,
1.99754 0.538509,
1.99985 0.543588,
2.00241 0.548626,
2.00513 0.553456,
2.00856 0.558031,
2.01249 0.563419,
2.01546 0.56701,
2.0182 0.57103,
2.02097 0.575086,
2.02373 0.579141,
2.0266 0.583102,
2.02947 0.587063,
2.03329 0.590282,
2.03711 0.593501,
2.04134 0.595992,
2.04679 0.597872,
2.05246 0.599277,
2.0582 0.600176,
2.06394 0.600863,
2.06975 0.601234,
2.07557 0.601513,
2.08136 0.601191,
2.08715 0.60087,
2.09297 0.60024,
2.09879 0.59961,
2.10356 0.598539,
2.10835 0.597468,
2.11663 0.594341,
2.12127 0.591755,
2.1259 0.589168,
2.13002 0.586185,
2.13413 0.583204,
2.14061 0.577493,
2.14555 0.572542,
2.14786 0.569682,
2.1502 0.565834,
2.15407 0.560778,
2.15791 0.555832,
2.16175 0.550887,
2.16442 0.545598,
2.16685 0.540373,
2.16901 0.535281,
2.17098 0.530456,
2.17333 0.525858,
2.17554 0.521438,
2.17777 0.517018,
2.1793 0.510419,
2.18105 0.503913,
2.18251 0.499287,
2.18368 0.494239,
2.18486 0.489189,
2.18519 0.483059,
2.18533 0.478363,
2.18543 0.471864,
2.18546 0.466063,
2.18546 0.460368,
2.18541 0.454536,
2.18487 0.448673,
2.18402 0.442592,
"/>
<Contour name="CristaeMembrane" hidden="false" closed="true" simplified="true" border="1 0 0" fill="1 0 0" mode="11"
points="2.0756 0.570777,
2.07486 0.57059,
2.07335 0.570395,
2.07258 0.570044,
2.07176 0.569807,
2.07063 0.569756,
2.06948 0.569703,
2.06771 0.569244,
2.06689 0.568996,
2.06581 0.568923,
2.06461 0.568898,
2.0634 0.568895,
2.06219 0.568891,
2.06099 0.568872,
2.05986 0.568865,
2.05859 0.568857,
2.05754 0.568854,
2.05654 0.568854,
2.05518 0.568865,
2.05382 0.568875,
2.05276 0.568873,
2.05151 0.569116,
2.05072 0.569424,
2.0491 0.570238,
2.04811 0.570959,
2.04711 0.571679,
2.04593 0.57227,
2.04424 0.573118,
2.04333 0.573962,
2.04169 0.574856,
2.0408 0.575204,
2.0399 0.575889,
2.03898 0.576573,
2.038 0.577027,
2.03716 0.577739,
2.03622 0.578466,
2.03531 0.579192,
2.03463 0.57954,
2.03311 0.580724,
2.03216 0.581191,
2.03124 0.581847,
2.0303 0.582505,
2.0294 0.583015,
2.02832 0.583812,
2.02724 0.584608,
2.02622 0.584965,
2.02514 0.585598,
2.02443 0.5862,
2.02315 0.587004,
2.02186 0.587809,
2.02094 0.588058,
2.01987 0.588563,
2.01923 0.588995,
2.01784 0.589634,
2.01689 0.590033,
2.01549 0.590726,
2.01458 0.591187,
2.01366 0.591648,
2.01246 0.592183,
2.01126 0.592717,
2.01012 0.593037,
2.00934 0.593404,
2.00857 0.593919,
2.00762 0.5946,
2.00669 0.595281,
2.00585 0.595563,
2.00495 0.596037,
2.0039 0.596904,
2.0028 0.59831,
2.00203 0.598833,
2.00111 0.599725,
2.00032 0.600907,
1.99952 0.601914,
1.99872 0.60292,
1.99826 0.603543,
1.99786 0.604242,
1.99754 0.605122,
1.99719 0.606124,
1.99686 0.607126,
1.99657 0.608105,
1.99626 0.609085,
1.99596 0.6098,
1.99573 0.61077,
1.99573 0.611999,
1.99573 0.613226,
1.99565 0.61398,
1.99572 0.615795,
1.99565 0.616925,
1.9957 0.618372,
1.99565 0.619267,
1.99577 0.620302,
1.99616 0.621498,
1.99662 0.622859,
1.9969 0.623763,
1.99741 0.624806,
1.99791 0.625847,
1.99877 0.627138,
1.99983 0.628804,
2.00064 0.629835,
2.00172 0.630888,
2.00255 0.632578,
2.00313 0.63377,
2.00365 0.634468,
2.00439 0.635218,
2.00524 0.636076,
2.00611 0.636932,
2.00725 0.638034,
2.00829 0.639159,
2.00859 0.639823,
2.00898 0.640499,
2.00982 0.641401,
2.01066 0.642304,
2.01195 0.64361,
2.01289 0.644536,
2.01381 0.645463,
2.01451 0.646175,
2.01523 0.646888,
2.01613 0.647577,
2.01704 0.648266,
2.01792 0.648948,
2.01879 0.64963,
2.0194 0.650139,
2.0201 0.65059,
2.02112 0.651028,
2.02242 0.651303,
2.02345 0.651605,
2.0245 0.651908,
2.02529 0.652364,
2.02637 0.652759,
2.02775 0.652948,
2.02902 0.653094,
2.03032 0.653238,
2.03157 0.653599,
2.03281 0.65396,
2.03381 0.654207,
2.0348 0.654455,
2.03558 0.65457,
2.03739 0.654481,
2.0386 0.654531,
2.03965 0.654557,
2.0407 0.654583,
2.04182 0.654583,
2.04293 0.654581,
2.04446 0.654557,
2.04554 0.654573,
2.04662 0.654588,
2.04821 0.654588,
2.04931 0.654581,
2.05041 0.654576,
2.052 0.654572,
2.05307 0.65458,
2.05413 0.65459,
2.05499 0.654524,
2.05584 0.654332,
2.05689 0.65384,
2.05812 0.653384,
2.05933 0.652928,
2.0602 0.652938,
2.06123 0.652782,
2.06228 0.652308,
2.06333 0.651834,
2.0643 0.651567,
2.06525 0.651301,
2.06665 0.651214,
2.06766 0.650936,
2.06856 0.650495,
2.06945 0.650055,
2.0708 0.649425,
2.07212 0.648794,
2.07332 0.648504,
2.07506 0.647892,
2.07629 0.647479,
2.07703 0.647067,
2.07821 0.645975,
2.07947 0.645064,
2.08016 0.644699,
2.08088 0.644194,
2.08167 0.6434,
2.08246 0.642608,
2.08291 0.641981,
2.08406 0.640987,
2.08488 0.640182,
2.0857 0.639377,
2.08616 0.638757,
2.08697 0.637151,
2.08746 0.636243,
2.08782 0.635128,
2.08816 0.634014,
2.08857 0.632917,
2.08892 0.631464,
2.08926 0.630011,
2.08993 0.628832,
2.09023 0.627925,
2.09033 0.626739,
2.09036 0.625386,
2.09036 0.624232,
2.09038 0.623077,
2.09039 0.62206,
2.0902 0.620809,
2.08984 0.619799,
2.08947 0.618788,
2.08928 0.617993,
2.08846 0.616373,
2.08795 0.615312,
2.08746 0.614251,
2.08698 0.612845,
2.08667 0.611873,
2.08616 0.610836,
2.08564 0.609801,
2.08524 0.60913,
2.08457 0.607743,
2.08392 0.606357,
2.08349 0.605686,
2.08249 0.604647,
2.0815 0.603654,
2.08075 0.602889,
2.07973 0.601859,
2.07903 0.600989,
2.07842 0.600065,
2.07801 0.598884,
2.07806 0.597803,
2.07809 0.596722,
2.07865 0.595637,
2.07922 0.594482,
2.0798 0.593327,
2.08044 0.591978,
2.08088 0.590705,
2.08132 0.589432,
2.08178 0.588521,
2.08231 0.587435,
2.08318 0.586161,
2.08426 0.585067,
2.08506 0.584219,
2.08569 0.58323,
2.08624 0.581441,
2.08626 0.580422,
2.08629 0.579214,
2.08631 0.578005,
2.0861 0.57654,
2.08582 0.575715,
2.08534 0.574763,
2.08487 0.57381,
2.08418 0.572734,
2.08364 0.572135,
2.08301 0.571617,
2.08226 0.571153,
2.08101 0.570676,
2.07881 0.570492,
2.07758 0.570597,
"/>
<Contour name="CristaeMembrane" hidden="false" closed="true" simplified="true" border="1 0 0" fill="1 0 0" mode="11"
points="2.12057 0.517376,
2.12106 0.517292,
2.11975 0.517697,
2.11854 0.518419,
2.11773 0.519185,
2.11693 0.519952,
2.11593 0.520444,
2.11493 0.520936,
2.11322 0.521787,
2.11217 0.522307,
2.11104 0.522875,
2.10989 0.523442,
2.1084 0.523932,
2.10738 0.52429,
2.10642 0.524839,
2.1056 0.525423,
2.10476 0.526007,
2.10371 0.526847,
2.10264 0.527685,
2.10179 0.528424,
2.10092 0.529162,
2.09964 0.530204,
2.09894 0.53065,
2.09772 0.531788,
2.097 0.532556,
2.09635 0.533587,
2.09554 0.534617,
2.09474 0.535649,
2.09364 0.536698,
2.0928 0.537599,
2.09218 0.53873,
2.09157 0.539863,
2.09067 0.541033,
2.08977 0.542204,
2.08928 0.542858,
2.08862 0.54416,
2.08798 0.545412,
2.08724 0.54666,
2.08652 0.547908,
2.08587 0.548824,
2.08533 0.550028,
2.08511 0.550897,
2.08513 0.552411,
2.08508 0.553767,
2.08506 0.554981,
2.08505 0.556155,
2.08505 0.557384,
2.08503 0.558612,
2.08521 0.55985,
2.08544 0.560598,
2.08577 0.56131,
2.08623 0.562015,
2.08701 0.562832,
2.08787 0.563698,
2.08872 0.564562,
2.08984 0.565328,
2.09056 0.565657,
2.09133 0.565885,
2.09262 0.565951,
2.09371 0.565987,
2.09479 0.566021,
2.09595 0.56602,
2.09725 0.566005,
2.09853 0.565992,
2.09991 0.566005,
2.1012 0.56599,
2.1025 0.565975,
2.10374 0.566013,
2.10494 0.565802,
2.10601 0.565311,
2.10714 0.564818,
2.10829 0.564324,
2.1096 0.563968,
2.11129 0.563133,
2.11303 0.562271,
2.11417 0.5617,
2.11514 0.561203,
2.11612 0.560706,
2.11703 0.560258,
2.11795 0.559811,
2.11891 0.559284,
2.12031 0.558387,
2.12168 0.55749,
2.12246 0.557157,
2.12328 0.556514,
2.1241 0.55587,
2.12505 0.555448,
2.12598 0.554801,
2.12678 0.55399,
2.12749 0.552901,
2.12811 0.552081,
2.12885 0.551252,
2.12972 0.550325,
2.13056 0.549467,
2.13136 0.548655,
2.13213 0.547785,
2.1329 0.546912,
2.13336 0.54601,
2.13384 0.545106,
2.13438 0.544027,
2.13492 0.543061,
2.13544 0.542095,
2.13612 0.541277,
2.13662 0.540373,
2.13697 0.539288,
2.1373 0.5382,
2.13769 0.537249,
2.13784 0.536044,
2.13789 0.534715,
2.13795 0.533385,
2.13797 0.531914,
2.13795 0.530696,
2.13792 0.529426,
2.13794 0.528126,
2.13795 0.526824,
2.13792 0.525712,
2.13766 0.524538,
2.13736 0.523821,
2.13699 0.52315,
2.13599 0.522086,
2.1351 0.521167,
2.13436 0.5204,
2.13302 0.519014,
2.13225 0.518343,
2.13126 0.517761,
2.12998 0.517502,
2.12864 0.517348,
2.12729 0.517194,
2.1259 0.517192,
2.12467 0.5172,
2.12334 0.517195,
2.12203 0.517192,
2.12119 0.517269,
"/>
</Transform>

</Section>
