<?xml version="1.0"?>
<!DOCTYPE Section SYSTEM "section.dtd">

<Section index="628" thickness="0.00164" alignLocked="true">
<Transform dim="0"
 xcoef=" 0 1 0 0 0 0"
 ycoef=" 0 0 1 0 0 0">
<Contour name="OuterMembrane" hidden="false" closed="true" simplified="true" border="1 0 0" fill="1 0 0" mode="11"
points="2.05294 0.622672,
2.05886 0.625512,
2.0644 0.627818,
2.06996 0.630124,
2.07626 0.631321,
2.08239 0.632215,
2.08874 0.632781,
2.09485 0.63302,
2.10094 0.633275,
2.10638 0.633389,
2.11193 0.63305,
2.11765 0.632637,
2.12311 0.631769,
2.12859 0.630901,
2.13371 0.629657,
2.13905 0.628125,
2.14464 0.626227,
2.15024 0.624238,
2.15565 0.622062,
2.16096 0.619595,
2.16631 0.617293,
2.1718 0.614564,
2.17687 0.611858,
2.18145 0.609057,
2.18604 0.606105,
2.19061 0.603154,
2.19517 0.599543,
2.19975 0.595305,
2.20411 0.591231,
2.20795 0.587094,
2.21193 0.58259,
2.21607 0.577833,
2.22018 0.573075,
2.22389 0.566728,
2.22778 0.560642,
2.23102 0.555084,
2.23427 0.549525,
2.23689 0.544259,
2.23927 0.538655,
2.24122 0.532892,
2.243 0.527057,
2.24478 0.521223,
2.24537 0.515072,
2.24619 0.508741,
2.2469 0.50223,
2.24742 0.495762,
2.24767 0.489483,
2.24785 0.483297,
2.2479 0.477237,
2.248 0.47121,
2.24764 0.465439,
2.24696 0.459854,
2.24629 0.454272,
2.24478 0.448937,
2.24329 0.4436,
2.24136 0.438431,
2.23781 0.426764,
2.23325 0.414941,
2.2302 0.409296,
2.22682 0.403806,
2.22309 0.398717,
2.21877 0.393967,
2.21384 0.389825,
2.20883 0.38589,
2.20368 0.382061,
2.19862 0.378192,
2.19312 0.374666,
2.18746 0.371375,
2.18186 0.368442,
2.17626 0.365417,
2.17064 0.362945,
2.16506 0.360795,
2.1594 0.359511,
2.15393 0.358553,
2.14843 0.357595,
2.14304 0.356493,
2.13763 0.355534,
2.13151 0.354191,
2.12555 0.353423,
2.11921 0.352892,
2.11321 0.352582,
2.1073 0.352387,
2.10095 0.352313,
2.09461 0.352621,
2.08834 0.353189,
2.08211 0.353879,
2.07588 0.35457,
2.06957 0.355847,
2.06364 0.357643,
2.05822 0.359668,
2.05305 0.361605,
2.04811 0.363657,
2.04326 0.365479,
2.03842 0.367303,
2.03317 0.368782,
2.02806 0.370588,
2.02312 0.372831,
2.01838 0.375173,
2.01379 0.377574,
2.00941 0.380334,
2.00503 0.383096,
2.00065 0.386563,
1.99603 0.390648,
1.99135 0.39502,
1.98668 0.399392,
1.98443 0.402435,
1.98151 0.40744,
1.979 0.412353,
1.97656 0.417162,
1.97436 0.422699,
1.97184 0.428317,
1.96933 0.433934,
1.96664 0.440102,
1.96447 0.446052,
1.96298 0.451481,
1.96185 0.457724,
1.96123 0.464023,
1.96069 0.470336,
1.96013 0.47665,
1.96059 0.481712,
1.96103 0.486777,
1.96182 0.49233,
1.9626 0.497883,
1.96411 0.506545,
1.96675 0.514268,
1.9691 0.521264,
1.97154 0.527911,
1.97394 0.534255,
1.97607 0.540547,
1.97814 0.546628,
1.9802 0.55271,
1.98347 0.558797,
1.9876 0.563906,
1.99167 0.568888,
1.99496 0.573513,
1.998 0.577874,
2.00132 0.581928,
2.00467 0.585982,
2.00875 0.590641,
2.01284 0.595302,
2.01651 0.59982,
2.0202 0.604338,
2.02502 0.607515,
2.03012 0.610839,
2.03524 0.614165,
2.04065 0.61754,
2.0468 0.620107,
"/>
<Contour name="InnerMembrane" hidden="false" closed="true" simplified="true" border="1 0 0" fill="1 0 0" mode="11"
points="2.06018 0.5974,
2.06589 0.599476,
2.0716 0.601552,
2.07654 0.602823,
2.0815 0.603656,
2.08657 0.604734,
2.09136 0.605401,
2.09613 0.60607,
2.10059 0.606588,
2.10532 0.607259,
2.11027 0.607684,
2.11626 0.607892,
2.12137 0.608002,
2.12654 0.608045,
2.13185 0.60801,
2.13718 0.607974,
2.14218 0.606347,
2.14697 0.604522,
2.15175 0.602813,
2.15653 0.601106,
2.16411 0.597163,
2.16892 0.59419,
2.17326 0.591241,
2.17761 0.588293,
2.181 0.585708,
2.1843 0.581618,
2.18804 0.577157,
2.19171 0.572237,
2.19511 0.566841,
2.19775 0.56222,
2.20026 0.557585,
2.20245 0.553175,
2.20432 0.548783,
2.20624 0.544339,
2.20815 0.539298,
2.20949 0.534355,
2.21097 0.529364,
2.21246 0.524374,
2.21405 0.517345,
2.2149 0.512675,
2.21553 0.507618,
2.21605 0.502471,
2.21636 0.496904,
2.21702 0.491757,
2.21761 0.486806,
2.21807 0.481763,
2.21826 0.476279,
2.21843 0.470575,
2.21851 0.465604,
2.2181 0.46054,
2.21769 0.455474,
2.21641 0.450413,
2.21512 0.445352,
2.21282 0.439846,
2.21052 0.434341,
2.20885 0.431195,
2.20493 0.426147,
2.20101 0.4211,
2.19663 0.417387,
2.19183 0.413703,
2.18701 0.410018,
2.18218 0.407023,
2.17736 0.404027,
2.16941 0.400618,
2.16134 0.398195,
2.15398 0.396454,
2.14866 0.395171,
2.14276 0.394092,
2.13685 0.392855,
2.13148 0.39173,
2.12654 0.390928,
2.12177 0.390161,
2.11685 0.389128,
2.11194 0.388095,
2.10745 0.387744,
2.09927 0.38676,
2.09443 0.38631,
2.08867 0.386025,
2.08377 0.385885,
2.07911 0.385871,
2.07406 0.38662,
2.06901 0.387152,
2.06424 0.387932,
2.05943 0.388541,
2.05428 0.3896,
2.0491 0.390796,
2.0439 0.392336,
2.03872 0.393876,
2.03355 0.396129,
2.02796 0.398515,
2.02292 0.401449,
2.01812 0.404504,
2.01335 0.407868,
2.00859 0.411232,
2.00542 0.414963,
2.00221 0.419486,
1.99901 0.424007,
1.99624 0.42856,
1.9938 0.433306,
1.99178 0.438064,
1.98976 0.442821,
1.98839 0.447671,
1.98668 0.452607,
1.98501 0.457877,
1.98394 0.463477,
1.98337 0.469404,
1.98281 0.475387,
1.98255 0.480641,
1.98253 0.485742,
1.98315 0.491019,
1.98376 0.496298,
1.98588 0.501632,
1.98783 0.506908,
1.99003 0.512169,
1.99198 0.516452,
1.99452 0.521338,
1.99736 0.526396,
2.00083 0.531522,
2.00433 0.536649,
2.00713 0.540641,
2.00969 0.544692,
2.01228 0.54867,
2.01484 0.55286,
2.01772 0.557279,
2.02094 0.561736,
2.0246 0.566215,
2.02776 0.571045,
2.03052 0.574864,
2.03329 0.578685,
2.03672 0.581687,
2.04439 0.588647,
2.04952 0.591738,
"/>
<Contour name="CristaeMembrane" hidden="false" closed="true" simplified="true" border="1 0 0" fill="1 0 0" mode="11"
points="2.1651 0.55347,
2.16665 0.552496,
2.16819 0.551522,
2.16961 0.550573,
2.17103 0.549621,
2.17259 0.5489,
2.1741 0.547575,
2.17562 0.54625,
2.17728 0.544421,
2.1784 0.543506,
2.1793 0.542195,
2.1802 0.540883,
2.18133 0.539447,
2.18222 0.53764,
2.18287 0.535978,
2.18355 0.534317,
2.18415 0.532593,
2.18476 0.53087,
2.1851 0.528987,
2.18546 0.527025,
2.18599 0.525077,
2.1865 0.523129,
2.18676 0.521922,
2.18679 0.519668,
2.18702 0.51784,
2.18725 0.516013,
2.18745 0.514401,
2.18769 0.512915,
2.18796 0.511427,
2.18835 0.509881,
2.18842 0.508308,
2.18843 0.506727,
2.18845 0.505171,
2.18845 0.503555,
2.18847 0.501666,
2.18847 0.500079,
2.18847 0.498004,
2.18847 0.495908,
2.18847 0.494248,
2.18843 0.492085,
2.1884 0.48992,
2.18843 0.488299,
2.18848 0.485533,
2.18848 0.483411,
2.18848 0.481511,
2.18848 0.479754,
2.18848 0.478034,
2.18848 0.476407,
2.18848 0.474824,
2.18848 0.47325,
2.18843 0.470929,
2.18845 0.469014,
2.18847 0.467279,
2.18848 0.465749,
2.18848 0.4639,
2.18848 0.462391,
2.18848 0.460883,
2.19025 0.460533,
2.19199 0.460791,
2.19373 0.461047,
2.19589 0.462706,
2.19729 0.463967,
2.19881 0.464697,
2.20017 0.465706,
2.20137 0.466731,
2.20254 0.467764,
2.20378 0.468988,
2.20503 0.470211,
2.20675 0.471362,
2.20846 0.472538,
2.21016 0.473714,
2.21133 0.474701,
2.21279 0.475384,
2.21425 0.476066,
2.21649 0.477576,
2.21779 0.478723,
2.21964 0.479759,
2.22225 0.480837,
2.22364 0.481783,
2.22564 0.482521,
2.22763 0.483259,
2.22879 0.483556,
2.2313 0.484389,
2.23289 0.485005,
2.23404 0.48525,
2.23657 0.485373,
2.23783 0.485829,
2.2398 0.486112,
2.24177 0.486396,
2.24334 0.486588,
2.24491 0.486778,
2.24608 0.486952,
2.24877 0.486883,
2.25147 0.486918,
2.25262 0.486982,
2.25411 0.486842,
2.25593 0.486281,
2.25777 0.48572,
2.2602 0.48491,
2.26176 0.484241,
2.26331 0.483149,
2.26415 0.482329,
2.26546 0.480997,
2.26679 0.479666,
2.26796 0.479052,
2.26932 0.47817,
2.27069 0.477288,
2.27173 0.476786,
2.27276 0.476094,
2.27393 0.474775,
2.27509 0.473455,
2.27612 0.472753,
2.27732 0.471831,
2.27852 0.470911,
2.28017 0.469601,
2.28121 0.468148,
2.28224 0.466695,
2.28311 0.465809,
2.2839 0.464732,
2.28467 0.463179,
2.28542 0.461626,
2.28603 0.460538,
2.2865 0.459295,
2.28695 0.457727,
2.28739 0.456161,
2.28819 0.454205,
2.28885 0.451561,
2.28964 0.449923,
2.28996 0.448743,
2.29011 0.447136,
2.29024 0.445529,
2.2906 0.444547,
2.29087 0.443448,
2.29092 0.4416,
2.29097 0.439751,
2.29097 0.436824,
2.29097 0.435195,
2.29097 0.433567,
2.2909 0.430876,
2.29093 0.428955,
2.29098 0.427035,
2.29098 0.424074,
2.29095 0.421854,
2.29095 0.418886,
2.29097 0.417759,
2.29075 0.415281,
2.29097 0.413865,
2.29085 0.411781,
2.29054 0.410479,
2.28985 0.408929,
2.28916 0.407378,
2.28887 0.406326,
2.28842 0.405247,
2.28769 0.402418,
2.28755 0.400196,
2.28713 0.398673,
2.28641 0.397275,
2.28523 0.394712,
2.28498 0.39311,
2.28429 0.391558,
2.2836 0.390007,
2.28342 0.388565,
2.28272 0.386451,
2.28145 0.384339,
2.28053 0.382725,
2.27962 0.381113,
2.27899 0.379891,
2.27785 0.378396,
2.2767 0.376898,
2.27598 0.375811,
2.27489 0.374688,
2.27365 0.373428,
2.2726 0.372365,
2.27153 0.371304,
2.26914 0.36972,
2.26758 0.368634,
2.26602 0.36755,
2.26491 0.366848,
2.26354 0.366187,
2.26197 0.365403,
2.26064 0.364698,
2.25931 0.363993,
2.25828 0.363199,
2.25679 0.362404,
2.25472 0.361928,
2.25265 0.361453,
2.25156 0.360629,
2.25015 0.359906,
2.24805 0.359347,
2.24587 0.359237,
2.24368 0.359129,
2.24226 0.358642,
2.24083 0.358155,
2.23953 0.357792,
2.23768 0.357756,
2.23584 0.35772,
2.23335 0.357632,
2.23161 0.357633,
2.23012 0.357627,
2.2273 0.357676,
2.22551 0.357648,
2.22371 0.35762,
2.22238 0.35774,
2.22086 0.358207,
2.21933 0.358676,
2.21787 0.359288,
2.21643 0.3599,
2.21436 0.36072,
2.21231 0.361541,
2.21041 0.362593,
2.20828 0.363978,
2.2069 0.364856,
2.20554 0.365733,
2.20413 0.366499,
2.20241 0.368109,
2.20031 0.369154,
2.1985 0.370296,
2.1968 0.37169,
2.19524 0.372897,
2.19368 0.374104,
2.19229 0.375262,
2.19089 0.376419,
2.18943 0.377836,
2.18799 0.379252,
2.18733 0.380257,
2.18576 0.382177,
2.18476 0.383286,
2.18373 0.385093,
2.18269 0.386902,
2.18182 0.388341,
2.18095 0.389779,
2.18012 0.391289,
2.17928 0.3928,
2.17843 0.394051,
2.17759 0.395302,
2.17692 0.396249,
2.1761 0.397743,
2.17503 0.399127,
2.17397 0.400511,
2.17285 0.402289,
2.17174 0.404065,
2.17062 0.406318,
2.17011 0.407775,
2.16957 0.409434,
2.16905 0.411094,
2.16864 0.412726,
2.16798 0.414458,
2.16733 0.416188,
2.16641 0.418075,
2.16547 0.419961,
2.1648 0.421678,
2.16411 0.423397,
2.1635 0.425129,
2.16323 0.426759,
2.16282 0.428414,
2.16242 0.43007,
2.1619 0.431984,
2.16137 0.433898,
2.16109 0.435659,
2.1608 0.437419,
2.16042 0.439136,
2.15996 0.440966,
2.15924 0.442456,
2.15854 0.443946,
2.15765 0.445339,
2.15624 0.44782,
2.15458 0.450241,
2.1535 0.451462,
2.15291 0.452404,
2.15188 0.454018,
2.15084 0.455631,
2.14978 0.457155,
2.14868 0.458428,
2.1476 0.4597,
2.1465 0.461248,
2.14542 0.462798,
2.14407 0.465204,
2.14318 0.466772,
2.14228 0.468341,
2.14112 0.470224,
2.14028 0.472928,
2.13889 0.475498,
2.13835 0.476709,
2.13723 0.478908,
2.13579 0.480922,
2.13469 0.48276,
2.13359 0.484599,
2.13285 0.485994,
2.13198 0.487359,
2.13095 0.488918,
2.12993 0.490478,
2.12897 0.491811,
2.12801 0.493145,
2.12705 0.494973,
2.1261 0.496802,
2.12511 0.498155,
2.12441 0.499595,
2.1237 0.501035,
2.12264 0.502198,
2.12218 0.502932,
2.12183 0.503721,
2.12152 0.504958,
2.12147 0.507452,
2.1217 0.508582,
2.12213 0.509669,
2.12275 0.51067,
2.12375 0.511713,
2.12473 0.51239,
2.12582 0.512877,
2.12678 0.513123,
2.1287 0.514561,
2.12987 0.515444,
2.13102 0.516328,
2.13198 0.517318,
2.13295 0.518309,
2.13389 0.519288,
2.13482 0.520254,
2.13572 0.521197,
2.13638 0.522445,
2.13703 0.523691,
2.13735 0.524502,
2.13754 0.525348,
2.13759 0.527376,
2.13756 0.528587,
2.13749 0.529792,
2.13735 0.531007,
2.13712 0.532262,
2.13644 0.533464,
2.13574 0.534296,
2.13435 0.535116,
2.13295 0.535936,
2.13185 0.536147,
2.13098 0.536178,
2.13011 0.536093,
2.12926 0.535891,
2.12846 0.535578,
2.12723 0.534943,
2.12601 0.53431,
2.12505 0.533551,
2.12424 0.532677,
2.12344 0.531803,
2.12285 0.530788,
2.12206 0.529738,
2.12127 0.52869,
2.12047 0.527677,
2.11962 0.526614,
2.11877 0.525553,
2.11768 0.524405,
2.11724 0.52367,
2.11647 0.522197,
2.11563 0.521615,
2.11463 0.52061,
2.11383 0.519288,
2.11314 0.518327,
2.11247 0.517364,
2.11207 0.516552,
2.11083 0.515972,
2.10958 0.515391,
2.10824 0.516272,
2.10691 0.517153,
2.10561 0.518251,
2.10407 0.519434,
2.10261 0.520367,
2.10117 0.521302,
2.09931 0.52206,
2.09758 0.522681,
2.09584 0.523304,
2.09413 0.523721,
2.09244 0.524137,
2.09079 0.524616,
2.08913 0.525095,
2.08744 0.52563,
2.0859 0.526168,
2.08436 0.526706,
2.08283 0.527096,
2.08131 0.527485,
2.07983 0.527865,
2.07822 0.528477,
2.07662 0.529089,
2.07535 0.529362,
2.07378 0.529892,
2.07211 0.530591,
2.07043 0.531289,
2.06902 0.532024,
2.06756 0.532665,
2.06612 0.533308,
2.06455 0.533813,
2.06317 0.534506,
2.06179 0.535198,
2.06056 0.536249,
2.05902 0.537694,
2.05749 0.539137,
2.05651 0.540547,
2.05553 0.541958,
2.05484 0.54286,
2.05428 0.543839,
2.05389 0.545505,
2.05349 0.547171,
2.05397 0.55,
2.05448 0.551922,
2.05497 0.553844,
2.05553 0.554896,
2.05689 0.55732,
2.05822 0.558702,
2.05986 0.559829,
2.0615 0.560957,
2.06342 0.561908,
2.06486 0.562246,
2.06632 0.562582,
2.06778 0.563078,
2.06924 0.563575,
2.07084 0.563811,
2.07253 0.563932,
2.07439 0.564094,
2.07622 0.564622,
2.07804 0.565152,
2.07941 0.565854,
2.08088 0.566353,
2.08352 0.567643,
2.08496 0.56868,
2.08639 0.569905,
2.08754 0.570955,
2.08864 0.572007,
2.08975 0.573078,
2.09085 0.574149,
2.09205 0.575271,
2.09359 0.576317,
2.09513 0.577362,
2.09607 0.577974,
2.097 0.578584,
2.09794 0.579214,
2.09943 0.579955,
2.1011 0.580485,
2.10278 0.581014,
2.10461 0.581275,
2.1062 0.581193,
2.10797 0.580737,
2.10774 0.580832,
2.10655 0.581134,
2.10838 0.582002,
2.10927 0.581426,
2.11025 0.581,
2.11135 0.580731,
2.1125 0.58066,
2.11385 0.58084,
2.11529 0.58018,
2.11675 0.579519,
2.11831 0.578759,
2.12027 0.578051,
2.12185 0.576829,
2.12313 0.576163,
2.12441 0.575497,
2.12572 0.574817,
2.1271 0.574108,
2.12841 0.573405,
2.12967 0.572678,
2.13079 0.571909,
2.13167 0.571097,
2.13269 0.57054,
2.13382 0.570167,
2.13484 0.569597,
2.13587 0.569026,
2.13689 0.568367,
2.13833 0.567661,
2.13976 0.566958,
2.14105 0.566102,
2.14233 0.565246,
2.1434 0.564608,
2.14446 0.563968,
2.14605 0.563086,
2.14761 0.562271,
2.14917 0.561467,
2.15075 0.560662,
2.15209 0.559781,
2.15358 0.558933,
2.15514 0.558103,
2.1567 0.557075,
2.15826 0.556306,
2.15985 0.555604,
2.16145 0.554901,
2.16327 0.554186,
"/>
</Transform>

</Section>
