<?xml version="1.0"?>
<!DOCTYPE Section SYSTEM "section.dtd">

<Section index="684" thickness="0.00164" alignLocked="true">
<Transform dim="0"
 xcoef=" 0 1 0 0 0 0"
 ycoef=" 0 0 1 0 0 0">
<Contour name="OuterMembrane" hidden="false" closed="true" simplified="true" border="1 0 0" fill="1 0 0" mode="11"
points="2.0226 0.574774,
2.02186 0.574425,
2.02607 0.578677,
2.0303 0.58293,
2.03509 0.585897,
2.03988 0.588862,
2.04501 0.59175,
2.05079 0.593831,
2.05682 0.595322,
2.06358 0.59605,
2.07055 0.59658,
2.07752 0.596307,
2.08431 0.595433,
2.0911 0.594557,
2.09679 0.592384,
2.10181 0.59021,
2.10655 0.588009,
2.1113 0.585454,
2.11644 0.582763,
2.12159 0.580071,
2.12598 0.576609,
2.13077 0.572798,
2.13543 0.568654,
2.14007 0.564511,
2.1444 0.560782,
2.14765 0.556442,
2.15112 0.552149,
2.15462 0.547853,
2.15703 0.543434,
2.15944 0.539016,
2.16134 0.530878,
2.16218 0.523841,
2.16278 0.516805,
2.1625 0.510435,
2.16224 0.504067,
2.16121 0.497788,
2.15842 0.491603,
2.15744 0.485081,
2.15773 0.47835,
2.15867 0.472268,
2.15973 0.466534,
2.16121 0.461061,
2.1627 0.455549,
2.16421 0.450408,
2.16562 0.44484,
2.16692 0.43891,
2.16767 0.433245,
2.16824 0.427579,
2.16883 0.421911,
2.16764 0.416796,
2.16603 0.411819,
2.16442 0.406841,
2.16201 0.402996,
2.15603 0.396575,
2.15171 0.392983,
2.14627 0.390384,
2.14072 0.388003,
2.13562 0.385874,
2.13044 0.384031,
2.12542 0.382174,
2.12041 0.380318,
2.11439 0.37895,
2.10807 0.378261,
2.10182 0.377695,
2.09558 0.377348,
2.08933 0.377,
2.08559 0.377105,
2.07813 0.378181,
2.07398 0.378838,
2.06679 0.380316,
2.05777 0.382341,
2.0511 0.384723,
2.04516 0.386968,
2.03926 0.388887,
2.03335 0.390804,
2.02804 0.393695,
2.02332 0.396711,
2.01863 0.40029,
2.01435 0.403791,
2.01053 0.407223,
2.00669 0.410658,
2.00308 0.414056,
2.00008 0.41944,
1.99706 0.424824,
1.99473 0.43007,
1.99249 0.435504,
1.99058 0.440448,
1.98902 0.445268,
1.98747 0.450087,
1.98673 0.454943,
1.98594 0.459756,
1.98537 0.464794,
1.98512 0.470167,
1.98474 0.475379,
1.98429 0.480687,
1.98399 0.486232,
1.98369 0.491777,
1.98366 0.500161,
1.98537 0.506081,
1.98716 0.511751,
1.98968 0.517299,
1.99252 0.522837,
1.99486 0.528757,
1.99719 0.534678,
2.00019 0.542553,
2.00172 0.547175,
2.00451 0.552409,
2.00766 0.557902,
2.0108 0.562695,
2.01418 0.566982,
2.01754 0.571269,
2.02089 0.573823,
"/>
<Contour name="InnerMembrane" hidden="false" closed="true" simplified="true" border="1 0 0" fill="1 0 0" mode="11"
points="2.12965 0.418252,
2.12401 0.414338,
2.11836 0.411292,
2.11306 0.408718,
2.10811 0.406467,
2.10327 0.404189,
2.09863 0.4024,
2.0939 0.400706,
2.08882 0.399535,
2.08396 0.398973,
2.07909 0.398408,
2.07283 0.398308,
2.06658 0.398208,
2.0621 0.399127,
2.05569 0.401688,
2.04984 0.404311,
2.04423 0.407202,
2.04009 0.409469,
2.03596 0.411735,
2.03198 0.414294,
2.02791 0.418223,
2.0244 0.421683,
2.02127 0.425336,
2.01813 0.42899,
2.01556 0.433652,
2.013 0.438547,
2.0108 0.444155,
2.00859 0.44976,
2.00716 0.454738,
2.00577 0.460315,
2.00477 0.465599,
2.00418 0.470775,
2.00398 0.477552,
2.00378 0.483659,
2.00387 0.490014,
2.00424 0.495108,
2.0046 0.500202,
2.00567 0.504853,
2.00693 0.509571,
2.00864 0.514799,
2.01034 0.519124,
2.01205 0.523449,
2.01522 0.529472,
2.01877 0.535401,
2.0221 0.540063,
2.02542 0.544728,
2.02911 0.548268,
2.03278 0.551809,
2.03386 0.552623,
2.0335 0.552398,
2.03773 0.555258,
2.04196 0.55812,
2.04665 0.560219,
2.05134 0.562318,
2.05658 0.563939,
2.06182 0.565559,
2.06774 0.56629,
2.07298 0.56629,
2.07758 0.566177,
2.08219 0.566062,
2.08685 0.564745,
2.09152 0.563429,
2.09674 0.561403,
2.10099 0.559614,
2.10522 0.557825,
2.10861 0.555847,
2.11363 0.551798,
2.11804 0.548236,
2.12242 0.544311,
2.1268 0.540387,
2.13072 0.536742,
2.13325 0.532273,
2.13558 0.527454,
2.13808 0.52237,
2.1404 0.516935,
2.14271 0.5115,
2.14419 0.505765,
2.14543 0.500421,
2.14617 0.495162,
2.14706 0.489661,
2.1474 0.484264,
2.14771 0.478757,
2.14788 0.472951,
2.14797 0.46699,
2.14802 0.462077,
2.14802 0.45744,
2.14801 0.452804,
2.14717 0.447625,
2.14591 0.442864,
2.14384 0.437924,
2.14128 0.433244,
2.13846 0.428967,
2.13541 0.424954,
"/>
</Transform>

</Section>
