<?xml version="1.0"?>
<!DOCTYPE Section SYSTEM "section.dtd">

<Section index="692" thickness="0.00164" alignLocked="true">
<Transform dim="0"
 xcoef=" 0 1 0 0 0 0"
 ycoef=" 0 0 1 0 0 0">
<Contour name="OuterMembrane" hidden="false" closed="true" simplified="true" border="1 0 0" fill="1 0 0" mode="11"
points="2.14018 0.483338,
2.13823 0.475902,
2.13495 0.467261,
2.13172 0.462177,
2.12829 0.457754,
2.12487 0.453332,
2.12129 0.449549,
2.1177 0.445765,
2.11316 0.442388,
2.10817 0.439235,
2.10317 0.436081,
2.0981 0.433506,
2.09249 0.431276,
2.08723 0.4293,
2.08103 0.427663,
2.07486 0.42642,
2.06871 0.425818,
2.06256 0.42546,
2.056 0.425401,
2.04944 0.425341,
2.04431 0.426557,
2.03916 0.427773,
2.03252 0.429864,
2.02683 0.433275,
2.02145 0.436825,
2.01615 0.439851,
2.01116 0.443217,
2.0062 0.446583,
2.00244 0.450121,
1.99932 0.454465,
1.99622 0.45881,
1.99349 0.463926,
1.99229 0.467502,
1.99155 0.471203,
1.99142 0.477104,
1.99135 0.482188,
1.99132 0.491785,
1.9924 0.496672,
1.99363 0.501809,
1.99476 0.507723,
1.99608 0.513556,
1.99796 0.519214,
1.99983 0.524871,
2.00251 0.530414,
2.00518 0.535957,
2.00751 0.540533,
2.00987 0.545379,
2.01223 0.550225,
2.01449 0.555648,
2.0185 0.561311,
2.02451 0.565664,
2.03019 0.568663,
2.03581 0.571284,
2.04141 0.573585,
2.04698 0.575884,
2.05864 0.577482,
2.06815 0.578553,
2.07429 0.578566,
2.0799 0.578454,
2.08551 0.578344,
2.0912 0.576542,
2.09677 0.5744,
2.1023 0.571952,
2.10714 0.569429,
2.11196 0.566907,
2.11631 0.564304,
2.12006 0.560272,
2.12372 0.556344,
2.12739 0.552414,
2.13046 0.547001,
2.1331 0.542068,
2.13498 0.536856,
2.13685 0.531645,
2.138 0.525633,
2.13915 0.519621,
2.13977 0.514434,
2.1401 0.507473,
2.14022 0.501646,
2.14027 0.495624,
2.14031 0.489604,
"/>
</Transform>

</Section>
