<?xml version="1.0"?>
<!DOCTYPE Section SYSTEM "section.dtd">

<Section index="654" thickness="0.00164" alignLocked="true">
<Transform dim="0"
 xcoef=" 0 1 0 0 0 0"
 ycoef=" 0 0 1 0 0 0">
<Contour name="OuterMembrane" hidden="false" closed="true" simplified="true" border="1 0 0" fill="1 0 0" mode="11"
points="2.07107 0.630039,
2.08341 0.62987,
2.08941 0.629516,
2.09549 0.629196,
2.1013 0.628148,
2.1071 0.627102,
2.11475 0.624509,
2.12246 0.62053,
2.13079 0.617439,
2.13754 0.613442,
2.14335 0.610121,
2.14856 0.606623,
2.15366 0.602475,
2.15847 0.598844,
2.16318 0.594843,
2.16788 0.590505,
2.17259 0.586166,
2.17843 0.579196,
2.18179 0.574041,
2.18489 0.569128,
2.18768 0.564331,
2.19065 0.559757,
2.19347 0.554907,
2.19586 0.549361,
2.19821 0.543824,
2.20063 0.538225,
2.20268 0.532433,
2.20491 0.526553,
2.20695 0.520092,
2.20869 0.514404,
2.21041 0.508717,
2.21223 0.503081,
2.21398 0.497094,
2.21516 0.491492,
2.21602 0.485276,
2.21702 0.479238,
2.21784 0.473762,
2.21869 0.467567,
2.21926 0.46169,
2.21954 0.456199,
2.21977 0.450731,
2.21933 0.444514,
2.21851 0.437824,
2.21769 0.431133,
2.21607 0.423751,
2.21325 0.416414,
2.21026 0.409628,
2.20731 0.403107,
2.20508 0.397403,
2.2025 0.392009,
2.19995 0.386425,
2.19755 0.381184,
2.19489 0.375781,
2.19225 0.370858,
2.18963 0.365935,
2.18601 0.360895,
2.18238 0.355854,
2.17863 0.350371,
2.17338 0.346188,
2.16793 0.342197,
2.16295 0.33894,
2.15811 0.336139,
2.15312 0.333988,
2.14799 0.332154,
2.14287 0.330321,
2.13712 0.329038,
2.13044 0.327856,
2.12519 0.3268,
2.11993 0.325742,
2.11325 0.325533,
2.10671 0.325481,
2.09987 0.325378,
2.09312 0.325942,
2.08641 0.326731,
2.08024 0.327723,
2.07409 0.328717,
2.0642 0.331219,
2.05943 0.332471,
2.05307 0.335134,
2.04708 0.336257,
2.04096 0.33755,
2.03475 0.339083,
2.02853 0.340618,
2.02132 0.344198,
2.01512 0.347646,
2.00893 0.351093,
2.00251 0.355805,
1.9975 0.359135,
1.99249 0.362466,
1.98902 0.364867,
1.98591 0.367716,
1.98097 0.373805,
1.9764 0.379061,
1.97208 0.384126,
1.96803 0.389267,
1.96441 0.394735,
1.96096 0.400404,
1.95832 0.405654,
1.95578 0.410827,
1.95357 0.416176,
1.95186 0.421872,
1.95021 0.427564,
1.94843 0.433311,
1.94665 0.439343,
1.94537 0.445444,
1.94468 0.452073,
1.94404 0.458762,
1.94378 0.464105,
1.94351 0.46945,
1.94512 0.476725,
1.94676 0.482905,
1.94848 0.488802,
1.95019 0.494701,
1.95198 0.500546,
1.9536 0.506573,
1.95524 0.512598,
1.95767 0.518158,
1.96062 0.52417,
1.96356 0.530182,
1.96688 0.535539,
1.96987 0.540808,
1.97285 0.546076,
1.97658 0.550843,
1.98009 0.555991,
1.98345 0.561787,
1.98645 0.567328,
1.98945 0.57287,
1.99285 0.577577,
1.99622 0.582179,
1.99965 0.586577,
2.0031 0.590977,
2.00779 0.596083,
2.01248 0.601186,
2.01712 0.605755,
2.02189 0.609527,
2.02668 0.613298,
2.03144 0.616522,
2.03621 0.619745,
2.04152 0.622534,
2.04931 0.624663,
2.05528 0.626003,
2.06123 0.627344,
"/>
<Contour name="InnerMembrane" hidden="false" closed="true" simplified="true" border="1 0 0" fill="1 0 0" mode="11"
points="2.08173 0.600894,
2.08824 0.601231,
2.09328 0.601186,
2.0989 0.599999,
2.10494 0.59911,
2.11096 0.59822,
2.11706 0.596001,
2.12278 0.592994,
2.128 0.589521,
2.1332 0.586047,
2.13864 0.582887,
2.14256 0.578643,
2.14637 0.574682,
2.15025 0.570718,
2.15386 0.566528,
2.15739 0.562282,
2.16047 0.557728,
2.16318 0.553056,
2.16588 0.548419,
2.16859 0.543496,
2.17149 0.538722,
2.17428 0.533804,
2.17708 0.52882,
2.17987 0.523836,
2.18199 0.51802,
2.18341 0.512675,
2.18509 0.506999,
2.18719 0.50133,
2.18901 0.495528,
2.19084 0.489725,
2.19181 0.4832,
2.19276 0.476673,
2.19286 0.471195,
2.19288 0.464404,
2.19288 0.458418,
2.19293 0.452733,
2.19296 0.447049,
2.19186 0.440025,
2.19119 0.434059,
2.19004 0.428571,
2.18814 0.423286,
2.18609 0.418023,
2.18351 0.413382,
2.18095 0.408514,
2.17923 0.402987,
2.17753 0.397461,
2.17651 0.392155,
2.17436 0.386783,
2.1722 0.381408,
2.16918 0.376765,
2.16531 0.372792,
2.16086 0.370438,
2.15594 0.368721,
2.15061 0.367693,
2.14525 0.366919,
2.13987 0.366146,
2.13441 0.366102,
2.12941 0.36735,
2.12439 0.368598,
2.11929 0.370309,
2.11422 0.372306,
2.10932 0.374489,
2.1045 0.377044,
2.09936 0.379171,
2.0939 0.380237,
2.08816 0.380769,
2.08208 0.381036,
2.07626 0.380728,
2.07078 0.379968,
2.06496 0.378359,
2.05887 0.376144,
2.05405 0.37445,
2.04854 0.373231,
2.04278 0.372264,
2.03701 0.371512,
2.03171 0.370979,
2.02676 0.370691,
2.02179 0.370402,
2.01649 0.371857,
2.0112 0.373312,
2.00605 0.375734,
2.00136 0.378463,
1.99667 0.38119,
1.99273 0.38543,
1.9888 0.389667,
1.98615 0.394335,
1.98132 0.402477,
1.97909 0.407773,
1.97643 0.413121,
1.97431 0.41798,
1.9722 0.422838,
1.97057 0.428419,
1.96908 0.434316,
1.96798 0.439556,
1.96725 0.445288,
1.9668 0.451307,
1.96654 0.45694,
1.96636 0.462898,
1.96618 0.468858,
1.96639 0.475454,
1.96823 0.482499,
1.97002 0.489412,
1.9718 0.496325,
1.97428 0.501007,
1.97776 0.507811,
1.98125 0.514616,
1.98337 0.519541,
1.98752 0.528106,
1.99106 0.535609,
1.99429 0.540334,
1.99714 0.545239,
2.00016 0.54981,
2.00318 0.554379,
2.00618 0.558699,
2.00936 0.563092,
2.01238 0.567497,
2.01605 0.572125,
2.01943 0.576649,
2.02317 0.581029,
2.02691 0.585411,
2.03188 0.588922,
2.03685 0.592434,
2.04344 0.595928,
2.04841 0.597465,
2.05371 0.598575,
2.05907 0.599431,
2.0646 0.599973,
2.07012 0.600514,
2.07593 0.600704,
"/>
<Contour name="CristaeMembrane" hidden="false" closed="true" simplified="true" border="1 0 0" fill="1 0 0" mode="11"
points="2.07913 0.567581,
2.07803 0.567289,
2.07699 0.567253,
2.07524 0.566571,
2.07404 0.566481,
2.0727 0.566436,
2.07158 0.566413,
2.07053 0.566404,
2.06942 0.5664,
2.06817 0.566399,
2.06711 0.5664,
2.06612 0.566404,
2.06506 0.566397,
2.06384 0.566399,
2.06263 0.5664,
2.06118 0.566395,
2.05979 0.566394,
2.05864 0.566394,
2.05748 0.566392,
2.05646 0.566461,
2.05517 0.566838,
2.05403 0.56703,
2.05289 0.567224,
2.05179 0.567397,
2.05046 0.567916,
2.04954 0.568467,
2.04861 0.569016,
2.04787 0.569244,
2.04718 0.569562,
2.04654 0.569957,
2.04529 0.570932,
2.04431 0.571412,
2.04333 0.571893,
2.04242 0.572431,
2.04162 0.573121,
2.04101 0.573847,
2.04054 0.574658,
2.04018 0.575793,
2.03978 0.576808,
2.03939 0.577823,
2.0387 0.578567,
2.03806 0.579578,
2.03744 0.580468,
2.03655 0.58117,
2.03558 0.581572,
2.03452 0.581592,
2.03344 0.581611,
2.0323 0.581267,
2.03148 0.58116,
2.02993 0.581167,
2.02837 0.581173,
2.02753 0.581159,
2.02558 0.581154,
2.02425 0.581152,
2.02294 0.58115,
2.02112 0.581185,
2.02007 0.58125,
2.01902 0.581318,
2.01828 0.581188,
2.01702 0.581213,
2.01576 0.581239,
2.01485 0.581152,
2.01303 0.58116,
2.01126 0.581183,
2.01015 0.581172,
2.0093 0.581303,
2.00844 0.581572,
2.00743 0.582184,
2.00639 0.582797,
2.00572 0.58312,
2.00456 0.583794,
2.00341 0.584468,
2.00226 0.584716,
2.00154 0.584998,
1.99987 0.585834,
1.99882 0.586472,
1.99816 0.587051,
1.99708 0.588147,
1.99598 0.589244,
1.99504 0.590333,
1.9946 0.591094,
1.99427 0.591937,
1.99394 0.592949,
1.9936 0.593959,
1.99326 0.595231,
1.99319 0.595991,
1.99322 0.597603,
1.99324 0.599523,
1.99322 0.600763,
1.99319 0.602003,
1.99322 0.603679,
1.99321 0.604771,
1.99345 0.606087,
1.99406 0.607658,
1.99401 0.608527,
1.99413 0.60957,
1.99449 0.610718,
1.99486 0.611866,
1.99483 0.612714,
1.99495 0.613668,
1.99516 0.614498,
1.9955 0.615289,
1.99604 0.616317,
1.99657 0.617345,
1.99683 0.618272,
1.99731 0.619279,
1.99816 0.620691,
1.99841 0.621763,
1.99893 0.622947,
2.00003 0.624479,
2.00028 0.625116,
2.00077 0.625977,
2.00178 0.627512,
2.00211 0.628233,
2.00274 0.629156,
2.00336 0.630081,
2.00375 0.630951,
2.00433 0.63183,
2.00529 0.632989,
2.00561 0.633832,
2.00616 0.634834,
2.00733 0.636204,
2.00774 0.637293,
2.00859 0.638787,
2.00884 0.63948,
2.00979 0.641124,
2.01021 0.64226,
2.01084 0.643247,
2.01164 0.644095,
2.01243 0.644905,
2.01321 0.645716,
2.01366 0.646673,
2.01408 0.6473,
2.01541 0.648709,
2.01653 0.649604,
2.01805 0.650522,
2.01887 0.65117,
2.01981 0.651651,
2.02074 0.652131,
2.02148 0.6525,
2.02246 0.652809,
2.02361 0.653061,
2.02545 0.653643,
2.02614 0.654022,
2.02711 0.65438,
2.0283 0.654578,
2.02981 0.654568,
2.03147 0.655018,
2.03252 0.655313,
2.03358 0.655346,
2.03463 0.655378,
2.03647 0.655395,
2.03832 0.655323,
2.03904 0.655403,
2.04088 0.655339,
2.04216 0.6554,
2.04295 0.655296,
2.04449 0.654906,
2.04564 0.654724,
2.04679 0.65454,
2.04761 0.65459,
2.04867 0.654481,
2.04992 0.654094,
2.05067 0.653706,
2.0519 0.652887,
2.05318 0.652449,
2.05446 0.652013,
2.05531 0.651774,
2.05623 0.651349,
2.0573 0.650577,
2.05817 0.649702,
2.05895 0.648915,
2.05977 0.6481,
2.06068 0.647208,
2.06156 0.646316,
2.06235 0.645366,
2.06291 0.644292,
2.06346 0.643219,
2.06401 0.642045,
2.06453 0.640871,
2.06512 0.640292,
2.06568 0.639544,
2.06625 0.63846,
2.06681 0.637378,
2.06742 0.636085,
2.06802 0.634793,
2.06865 0.633637,
2.06891 0.632827,
2.06953 0.63102,
2.06984 0.629804,
2.06991 0.62895,
2.06988 0.627061,
2.06989 0.625809,
2.06989 0.624765,
2.06989 0.623718,
2.06989 0.622703,
2.06989 0.621537,
2.06989 0.620371,
2.06989 0.618821,
2.06991 0.617667,
2.06991 0.61621,
2.06989 0.614849,
2.06988 0.61349,
2.06957 0.612182,
2.06894 0.610885,
2.0686 0.6097,
2.06827 0.608515,
2.06814 0.6072,
2.06794 0.606465,
2.06763 0.605762,
2.06755 0.604535,
2.06745 0.603307,
2.06733 0.602326,
2.06776 0.600912,
2.06838 0.599743,
2.06899 0.598574,
2.06976 0.597869,
2.07112 0.596745,
2.07201 0.596291,
2.07347 0.595582,
2.07435 0.594928,
2.07539 0.594275,
2.07642 0.593624,
2.07758 0.593078,
2.0788 0.592476,
2.08001 0.591874,
2.08154 0.591017,
2.08246 0.590116,
2.08339 0.5892,
2.08433 0.588283,
2.08541 0.587222,
2.08605 0.586453,
2.08659 0.585428,
2.0871 0.584407,
2.08761 0.583386,
2.08788 0.582262,
2.08792 0.580747,
2.08793 0.57961,
2.08793 0.578595,
2.08795 0.577582,
2.0879 0.575707,
2.08769 0.57473,
2.08731 0.57378,
2.08674 0.57286,
2.08601 0.572058,
2.08533 0.571512,
2.08375 0.570736,
2.083 0.570297,
2.08211 0.569938,
2.08116 0.569728,
2.08045 0.569657,
"/>
<Contour name="CristaeMembrane" hidden="false" closed="true" simplified="true" border="1 0 0" fill="1 0 0" mode="11"
points="2.11877 0.529745,
2.11909 0.529582,
2.1179 0.530096,
2.11691 0.530535,
2.11593 0.530976,
2.11491 0.531326,
2.11375 0.531847,
2.11258 0.53237,
2.1118 0.532752,
2.1103 0.53394,
2.1093 0.534424,
2.1083 0.534907,
2.1073 0.535462,
2.1064 0.536083,
2.1055 0.536705,
2.10484 0.537098,
2.10341 0.537887,
2.10241 0.538255,
2.10109 0.538935,
2.10018 0.539385,
2.09931 0.540018,
2.09845 0.540651,
2.09753 0.541152,
2.09674 0.541863,
2.09584 0.542717,
2.09495 0.543571,
2.09395 0.544582,
2.09303 0.545505,
2.0921 0.546437,
2.09116 0.547366,
2.09028 0.548331,
2.08967 0.549477,
2.08905 0.550623,
2.08854 0.551624,
2.08795 0.552639,
2.08723 0.553554,
2.08652 0.554471,
2.08578 0.555501,
2.08547 0.556769,
2.08528 0.558072,
2.08515 0.559419,
2.0851 0.560491,
2.08503 0.561564,
2.08503 0.563197,
2.0851 0.564191,
2.08533 0.565208,
2.08592 0.566464,
2.08667 0.567342,
2.08744 0.568217,
2.08811 0.568841,
2.08893 0.569387,
2.08987 0.569802,
2.09116 0.569964,
2.09221 0.570044,
2.09407 0.570126,
2.09582 0.570128,
2.09697 0.570126,
2.09802 0.570128,
2.09905 0.570128,
2.10054 0.570123,
2.102 0.570107,
2.10345 0.570092,
2.10425 0.570128,
2.10512 0.570044,
2.10661 0.569319,
2.10829 0.56906,
2.10958 0.568627,
2.11089 0.568196,
2.11183 0.567865,
2.11276 0.567533,
2.11404 0.567104,
2.11519 0.566543,
2.11634 0.565984,
2.11752 0.565713,
2.11908 0.564918,
2.12006 0.564449,
2.12106 0.56398,
2.12254 0.56345,
2.12355 0.563145,
2.12444 0.562704,
2.12534 0.562263,
2.12705 0.561413,
2.12874 0.560873,
2.12959 0.560557,
2.13039 0.560103,
2.13131 0.559468,
2.13223 0.558889,
2.13316 0.558312,
2.13405 0.557912,
2.13498 0.557136,
2.13602 0.556526,
2.13707 0.555917,
2.13841 0.555306,
2.13925 0.554686,
2.1401 0.554066,
2.14104 0.553449,
2.14199 0.552831,
2.14317 0.552508,
2.14407 0.552073,
2.14502 0.551396,
2.14607 0.550748,
2.14712 0.550102,
2.14786 0.549785,
2.14853 0.549375,
2.14947 0.548509,
2.1502 0.547799,
2.15179 0.546925,
2.15317 0.545671,
2.15432 0.544423,
2.15519 0.543663,
2.15598 0.542625,
2.15678 0.541013,
2.15729 0.539959,
2.15763 0.538907,
2.15796 0.537856,
2.15834 0.536721,
2.1584 0.535367,
2.15844 0.534312,
2.15844 0.533003,
2.15845 0.531695,
2.15793 0.530301,
2.15742 0.528907,
2.15685 0.527823,
2.15617 0.526886,
2.15548 0.52595,
2.15466 0.52512,
2.15381 0.524278,
2.15298 0.523436,
2.15191 0.522748,
2.15084 0.522335,
2.15011 0.522176,
2.14889 0.522143,
2.14774 0.522128,
2.1466 0.522124,
2.14492 0.522119,
2.14325 0.522115,
2.14199 0.522115,
2.14074 0.522117,
2.13966 0.522266,
2.13848 0.522789,
2.13728 0.523313,
2.13618 0.523839,
2.13497 0.524303,
2.13375 0.524767,
2.13189 0.525392,
2.13092 0.525489,
2.12998 0.525741,
2.12898 0.526224,
2.12801 0.526627,
2.12706 0.52703,
2.12603 0.527124,
2.12529 0.527304,
2.12459 0.527578,
2.12364 0.528047,
2.12257 0.528588,
2.1215 0.529128,
2.11998 0.529515,
2.11873 0.529763,
"/>
</Transform>

</Section>
