<?xml version="1.0"?>
<!DOCTYPE Section SYSTEM "section.dtd">

<Section index="680" thickness="0.00164" alignLocked="true">
<Transform dim="0"
 xcoef=" 0 1 0 0 0 0"
 ycoef=" 0 0 1 0 0 0">
<Contour name="OuterMembrane" hidden="false" closed="true" simplified="true" border="1 0 0" fill="1 0 0" mode="11"
points="2.16575 0.494881,
2.1645 0.488071,
2.1667 0.476279,
2.16864 0.469363,
2.17057 0.462446,
2.17184 0.4546,
2.17169 0.445396,
2.1719 0.440778,
2.17161 0.436165,
2.1698 0.429559,
2.168 0.422953,
2.16457 0.416986,
2.16062 0.41091,
2.15647 0.405106,
2.15191 0.399666,
2.14733 0.394226,
2.14358 0.391237,
2.13758 0.387975,
2.13156 0.384713,
2.1241 0.382023,
2.11662 0.379332,
2.10381 0.376564,
2.09499 0.375609,
2.08733 0.374958,
2.07967 0.374307,
2.07219 0.373963,
2.06671 0.374583,
2.0613 0.375957,
2.05399 0.378035,
2.04667 0.380114,
2.0388 0.382599,
2.03086 0.384829,
2.02289 0.386843,
2.01654 0.389556,
2.0102 0.392268,
2.00526 0.395107,
1.99883 0.400959,
1.9955 0.403794,
1.99048 0.409662,
1.98545 0.415532,
1.98284 0.419471,
1.98069 0.423702,
1.97689 0.433575,
1.97407 0.446816,
1.97367 0.454434,
1.9734 0.461711,
1.97317 0.468858,
1.97307 0.476819,
1.97297 0.484781,
1.97423 0.494542,
1.97497 0.499173,
1.97625 0.503718,
1.97966 0.512523,
1.98114 0.517149,
1.98499 0.525041,
1.98783 0.531363,
1.99117 0.540816,
1.99476 0.548037,
2.00087 0.559952,
2.00403 0.564403,
2.00775 0.568393,
2.00975 0.570016,
2.0081 0.568709,
2.0143 0.575763,
2.01936 0.582202,
2.0256 0.587507,
2.02911 0.589678,
2.03283 0.591486,
2.04457 0.595522,
2.05187 0.596468,
2.05918 0.597414,
2.06807 0.597636,
2.07696 0.597857,
2.08247 0.596935,
2.09133 0.593785,
2.09895 0.59011,
2.10586 0.585654,
2.11294 0.581498,
2.12021 0.576275,
2.13003 0.56823,
2.13326 0.5656,
2.13923 0.558807,
2.14574 0.552646,
2.15234 0.54655,
2.1555 0.542643,
2.15852 0.537738,
2.16195 0.528533,
2.1636 0.520324,
2.16528 0.512115,
2.16629 0.505865,
2.16634 0.499533,
"/>
<Contour name="InnerMembrane" hidden="false" closed="true" simplified="true" border="1 0 0" fill="1 0 0" mode="11"
points="2.0336 0.559138,
2.03391 0.559289,
2.03931 0.560329,
2.0447 0.561369,
2.04989 0.561925,
2.05507 0.562481,
2.06038 0.563133,
2.06561 0.563402,
2.07084 0.56367,
2.07586 0.563256,
2.08098 0.562717,
2.08621 0.56203,
2.09148 0.561062,
2.09646 0.560014,
2.10133 0.558743,
2.10602 0.556875,
2.1107 0.555006,
2.11521 0.552785,
2.11973 0.550564,
2.12429 0.547445,
2.12883 0.544324,
2.13177 0.540003,
2.13462 0.535809,
2.13753 0.531248,
2.14056 0.526568,
2.14359 0.521887,
2.14578 0.516769,
2.14796 0.511652,
2.1492 0.506152,
2.15066 0.500484,
2.15211 0.495052,
2.15347 0.489891,
2.15493 0.484738,
2.15622 0.4792,
2.15683 0.47414,
2.15745 0.469079,
2.1576 0.462759,
2.15772 0.456692,
2.15776 0.450693,
2.15781 0.444694,
2.15678 0.439187,
2.15445 0.434697,
2.15207 0.430241,
2.14956 0.4258,
2.14707 0.421357,
2.14156 0.414574,
2.138 0.411424,
2.13367 0.409259,
2.1291 0.407143,
2.12455 0.405393,
2.11924 0.403581,
2.11383 0.401944,
2.10838 0.400034,
2.1034 0.398335,
2.09769 0.396449,
2.092 0.394563,
2.08603 0.392798,
2.08008 0.391032,
2.07145 0.389828,
2.06506 0.390017,
2.05866 0.390204,
2.05195 0.392408,
2.04634 0.394841,
2.04121 0.396957,
2.03663 0.398971,
2.03227 0.400829,
2.02811 0.403142,
2.02389 0.40577,
2.01968 0.408399,
2.01608 0.4111,
2.01249 0.413803,
2.00861 0.419127,
2.00541 0.424053,
2.00254 0.428914,
1.9999 0.434103,
1.99768 0.439333,
1.9955 0.44415,
1.99332 0.448965,
1.99199 0.453695,
1.99106 0.458861,
1.99025 0.464525,
1.98947 0.47019,
1.98834 0.474729,
1.98914 0.480372,
1.98996 0.486016,
1.99062 0.491242,
1.99165 0.496307,
1.99268 0.501371,
1.99404 0.506301,
1.99611 0.511014,
1.99859 0.515491,
2.00114 0.520116,
2.00367 0.524656,
2.00646 0.529044,
2.00938 0.533435,
2.01231 0.53805,
2.01507 0.542714,
2.01813 0.547132,
2.02199 0.551073,
2.02661 0.554714,
2.02993 0.5572,
2.03358 0.559145,
"/>
</Transform>

</Section>
