<?xml version="1.0"?>
<!DOCTYPE Section SYSTEM "section.dtd">

<Section index="636" thickness="0.00164" alignLocked="true">
<Transform dim="0"
 xcoef=" 0 1 0 0 0 0"
 ycoef=" 0 0 1 0 0 0">
<Contour name="OuterMembrane" hidden="false" closed="true" simplified="true" border="1 0 0" fill="1 0 0" mode="11"
points="2.04503 0.622201,
2.05018 0.624391,
2.05608 0.626049,
2.06202 0.627689,
2.06812 0.628751,
2.07421 0.62945,
2.07991 0.629867,
2.08541 0.630127,
2.09084 0.630326,
2.09631 0.630424,
2.10223 0.629927,
2.10811 0.62947,
2.1134 0.628664,
2.1184 0.627682,
2.12339 0.626701,
2.12826 0.625365,
2.13331 0.623879,
2.13859 0.622473,
2.14384 0.620422,
2.14945 0.618378,
2.15527 0.615648,
2.16127 0.61298,
2.16728 0.61031,
2.17408 0.60636,
2.18197 0.601865,
2.18804 0.597091,
2.19452 0.592853,
2.19855 0.588947,
2.20283 0.584757,
2.20711 0.580445,
2.21141 0.576132,
2.21534 0.570154,
2.21851 0.56425,
2.22112 0.558697,
2.2234 0.553403,
2.22543 0.547853,
2.22755 0.542031,
2.22927 0.535914,
2.23125 0.530007,
2.23299 0.524387,
2.23483 0.518721,
2.23665 0.513053,
2.23824 0.508259,
2.24021 0.501773,
2.24203 0.49607,
2.24345 0.490211,
2.24432 0.48398,
2.24477 0.477506,
2.24505 0.470962,
2.24519 0.465068,
2.24529 0.459464,
2.24534 0.454428,
2.24527 0.449045,
2.24532 0.443385,
2.24527 0.433737,
2.24439 0.42889,
2.24291 0.423505,
2.24142 0.418264,
2.23999 0.413334,
2.23857 0.408406,
2.23745 0.403361,
2.23521 0.398477,
2.23286 0.393661,
2.22997 0.388273,
2.22686 0.38291,
2.22327 0.377722,
2.21922 0.372721,
2.21518 0.367719,
2.21243 0.365233,
2.20714 0.361289,
2.2025 0.357663,
2.19786 0.354035,
2.19257 0.350799,
2.18724 0.348136,
2.18232 0.345748,
2.17725 0.343511,
2.17218 0.341274,
2.16639 0.339569,
2.16072 0.338296,
2.15504 0.337025,
2.14948 0.33659,
2.14348 0.335865,
2.13748 0.335139,
2.13216 0.334468,
2.12698 0.33416,
2.12134 0.333989,
2.11547 0.333894,
2.11043 0.333845,
2.10417 0.33382,
2.09886 0.333807,
2.09379 0.333827,
2.08872 0.333845,
2.08469 0.33437,
2.07755 0.336047,
2.06865 0.337581,
2.06401 0.339165,
2.0594 0.340917,
2.05458 0.342983,
2.04946 0.344959,
2.04451 0.34708,
2.03955 0.3492,
2.0346 0.351995,
2.02948 0.354721,
2.02478 0.357697,
2.02035 0.360544,
2.01594 0.363426,
2.01153 0.366307,
2.00721 0.370292,
2.00267 0.374587,
1.99827 0.378568,
1.99386 0.382753,
1.98939 0.386974,
1.98491 0.391197,
1.98189 0.395448,
1.97866 0.400429,
1.97543 0.40541,
1.97151 0.413146,
1.96839 0.419907,
1.9662 0.422967,
1.9639 0.429603,
1.9616 0.436238,
1.95975 0.441852,
1.95839 0.447333,
1.95747 0.452927,
1.95698 0.458208,
1.95665 0.463311,
1.95655 0.470085,
1.95647 0.476743,
1.95641 0.483492,
1.95634 0.490239,
1.95749 0.49754,
1.95875 0.50275,
1.96001 0.50796,
1.96192 0.513546,
1.96387 0.518835,
1.96595 0.524254,
1.96836 0.530004,
1.97077 0.535752,
1.97322 0.540862,
1.97592 0.546008,
1.97915 0.551161,
1.98212 0.556521,
1.98509 0.56188,
1.98789 0.566167,
1.99078 0.570423,
1.99396 0.574912,
1.99713 0.579402,
1.99975 0.583337,
2.00403 0.587391,
2.00754 0.592266,
2.0112 0.596971,
2.01504 0.601272,
2.01927 0.604306,
2.02353 0.607381,
2.02789 0.610474,
2.03224 0.613565,
2.0366 0.616337,
2.04082 0.619269,
"/>
<Contour name="InnerMembrane" hidden="false" closed="true" simplified="true" border="1 0 0" fill="1 0 0" mode="11"
points="2.02105 0.575622,
2.01923 0.574044,
2.01782 0.572801,
2.01625 0.571578,
2.01454 0.57054,
2.01564 0.571592,
2.01672 0.572644,
2.01782 0.573697,
2.01892 0.574749,
2.02002 0.575801,
2.02112 0.576854,
2.02222 0.577905,
2.0233 0.578958,
2.02456 0.579909,
2.02584 0.58086,
2.02711 0.58181,
2.02837 0.582761,
2.02963 0.583712,
2.03089 0.584663,
2.03216 0.585614,
2.03342 0.586564,
2.03534 0.587737,
2.03726 0.588908,
2.03918 0.590079,
2.04109 0.591251,
2.04262 0.591997,
2.04415 0.592745,
2.04567 0.593491,
2.0472 0.594239,
2.04861 0.594931,
2.05 0.595625,
2.05141 0.596317,
2.0528 0.597011,
2.05835 0.600083,
2.06433 0.60311,
2.0703 0.606137,
2.07604 0.607897,
2.08191 0.608804,
2.08759 0.609391,
2.09318 0.609865,
2.09879 0.610339,
2.10502 0.609478,
2.11127 0.608615,
2.11512 0.607981,
2.11886 0.606862,
2.12521 0.604161,
2.13085 0.601411,
2.1362 0.598351,
2.14156 0.595471,
2.14692 0.592455,
2.15216 0.589659,
2.1574 0.586864,
2.16301 0.583061,
2.16862 0.579258,
2.17331 0.574909,
2.17743 0.570413,
2.18156 0.56582,
2.18568 0.561226,
2.18881 0.556452,
2.19194 0.551676,
2.19404 0.548009,
2.19658 0.541271,
2.19903 0.535047,
2.20136 0.528487,
2.2028 0.522014,
2.20413 0.515537,
2.20498 0.509614,
2.20651 0.503231,
2.20833 0.496753,
2.21001 0.49005,
2.21152 0.483892,
2.21264 0.478178,
2.21328 0.472417,
2.2137 0.466275,
2.21392 0.460335,
2.2141 0.454506,
2.21428 0.448678,
2.21405 0.442802,
2.21218 0.437129,
2.21013 0.431869,
2.20634 0.422861,
2.20427 0.419259,
2.20127 0.413096,
2.19827 0.406935,
2.19606 0.401498,
2.19327 0.396955,
2.19047 0.392414,
2.18573 0.387976,
2.18099 0.38367,
2.17623 0.379362,
2.17123 0.375965,
2.16603 0.372824,
2.16086 0.370435,
2.15478 0.369116,
2.14868 0.367798,
2.14182 0.366563,
2.13541 0.366758,
2.1291 0.367253,
2.12316 0.367854,
2.11752 0.368805,
2.11234 0.369804,
2.10729 0.371007,
2.10212 0.372262,
2.09658 0.372934,
2.09026 0.372631,
2.08441 0.370597,
2.07845 0.370155,
2.07244 0.369828,
2.06571 0.369748,
2.05941 0.369699,
2.05318 0.369595,
2.04651 0.369771,
2.04113 0.370343,
2.03491 0.372113,
2.02873 0.374638,
2.02284 0.377804,
2.01743 0.381846,
2.01202 0.385889,
2.00761 0.390361,
2.00401 0.394825,
2.00044 0.399288,
1.99755 0.403707,
1.99283 0.412317,
1.99085 0.417175,
1.98883 0.422398,
1.9866 0.427653,
1.98488 0.433026,
1.98297 0.438305,
1.98142 0.443592,
1.97991 0.448975,
1.97864 0.454944,
1.97782 0.460612,
1.97727 0.466142,
1.97697 0.473506,
1.97684 0.480077,
1.97789 0.486486,
1.97968 0.492663,
1.98178 0.498817,
1.98348 0.505168,
1.98548 0.51138,
1.98778 0.517499,
1.99016 0.523311,
1.99239 0.529098,
1.99475 0.534891,
1.99585 0.537636,
1.99693 0.54038,
1.9979 0.543022,
1.99886 0.545664,
1.99983 0.548306,
2.0008 0.550948,
2.00205 0.553495,
2.00328 0.55604,
2.00451 0.558586,
2.00574 0.561131,
2.00695 0.562315,
2.00818 0.563501,
2.00939 0.564685,
2.01061 0.565869,
2.01182 0.567055,
2.01303 0.568239,
2.01425 0.569423,
2.01546 0.570608,
2.01769 0.572281,
2.01897 0.573592,
2.02005 0.574677,
"/>
<Contour name="CristaeMembrane" hidden="false" closed="true" simplified="true" border="1 0 0" fill="1 0 0" mode="11"
points="2.0582 0.531368,
2.05784 0.530292,
2.05748 0.529217,
2.05725 0.528344,
2.05715 0.527483,
2.05663 0.525827,
2.05589 0.524415,
2.05558 0.523275,
2.05518 0.522069,
2.05477 0.520866,
2.05469 0.519657,
2.05423 0.518657,
2.05376 0.517655,
2.05333 0.516739,
2.05312 0.515836,
2.05274 0.513974,
2.0522 0.512995,
2.05184 0.512272,
2.05107 0.510717,
2.05079 0.509937,
2.05059 0.508595,
2.05046 0.507423,
2.05031 0.506252,
2.05002 0.505194,
2.0498 0.504162,
2.04925 0.502261,
2.04859 0.501463,
2.04784 0.500689,
2.04724 0.499838,
2.04682 0.498863,
2.04656 0.497853,
2.04649 0.496923,
2.04651 0.495903,
2.04651 0.494881,
2.04654 0.49376,
2.04657 0.492661,
2.04652 0.491124,
2.04649 0.489586,
2.04606 0.488559,
2.04547 0.487513,
2.04487 0.486467,
2.04452 0.485771,
2.04408 0.485097,
2.04334 0.484381,
2.0426 0.483666,
2.04185 0.482857,
2.04083 0.481714,
2.0405 0.480992,
2.04009 0.480322,
2.03962 0.479741,
2.03839 0.478588,
2.03763 0.47776,
2.03663 0.47702,
2.03593 0.476663,
2.03517 0.476402,
2.03419 0.476258,
2.03321 0.476112,
2.03224 0.47569,
2.03099 0.475408,
2.02976 0.47539,
2.02868 0.475377,
2.02758 0.475364,
2.0262 0.475005,
2.02489 0.474778,
2.02366 0.474668,
2.02255 0.474629,
2.02145 0.474588,
2.02045 0.47479,
2.01946 0.475252,
2.01848 0.475715,
2.01761 0.476102,
2.01682 0.476623,
2.0162 0.477171,
2.01566 0.477809,
2.01517 0.478606,
2.01467 0.479595,
2.0142 0.480584,
2.01381 0.481848,
2.01374 0.482946,
2.01338 0.484653,
2.0131 0.485448,
2.01256 0.486831,
2.01202 0.488212,
2.01157 0.489169,
2.01121 0.490288,
2.01084 0.491406,
2.01048 0.49273,
2.01044 0.49403,
2.01023 0.49518,
2.01002 0.496328,
2.00979 0.497043,
2.00964 0.497781,
2.00962 0.498855,
2.00959 0.499929,
2.00959 0.501191,
2.00959 0.502337,
2.00959 0.504277,
2.00959 0.50585,
2.00962 0.506621,
2.00982 0.507564,
2.01018 0.508541,
2.01067 0.510132,
2.01095 0.511117,
2.01125 0.512101,
2.01133 0.513563,
2.01157 0.514483,
2.01207 0.515516,
2.01264 0.516662,
2.01323 0.51781,
2.01362 0.518678,
2.01415 0.519596,
2.01469 0.520516,
2.0151 0.521635,
2.01571 0.522652,
2.01651 0.523495,
2.01717 0.524467,
2.01782 0.525441,
2.01809 0.526635,
2.01894 0.528411,
2.01927 0.529164,
2.02027 0.530871,
2.02041 0.531934,
2.02069 0.532785,
2.02114 0.533697,
2.02166 0.534681,
2.02219 0.535665,
2.02274 0.536854,
2.0233 0.538045,
2.02386 0.538866,
2.02443 0.539686,
2.02473 0.54081,
2.02525 0.541918,
2.02579 0.543027,
2.02647 0.54409,
2.02729 0.545059,
2.02812 0.54603,
2.02863 0.546979,
2.02929 0.547906,
2.02993 0.548834,
2.03043 0.549654,
2.03155 0.551278,
2.03196 0.551967,
2.03278 0.552777,
2.03358 0.553587,
2.03404 0.554176,
2.03531 0.55535,
2.03568 0.556258,
2.03649 0.557428,
2.03734 0.558733,
2.0378 0.559476,
2.03836 0.560144,
2.03947 0.561247,
2.04044 0.562207,
2.04142 0.563196,
2.04239 0.564175,
2.04341 0.565182,
2.04442 0.566189,
2.04506 0.566672,
2.04662 0.567443,
2.0477 0.568173,
2.04879 0.568905,
2.04956 0.569646,
2.05066 0.570341,
2.05198 0.571281,
2.05279 0.572063,
2.05394 0.572801,
2.05526 0.573472,
2.05659 0.574141,
2.05743 0.57505,
2.05833 0.57597,
2.05923 0.57689,
2.05994 0.577416,
2.06084 0.577987,
2.06173 0.578558,
2.06276 0.579138,
2.06381 0.579717,
2.06478 0.580268,
2.06574 0.580544,
2.06671 0.580821,
2.06748 0.581191,
2.06845 0.581485,
2.06952 0.581903,
2.07058 0.582323,
2.07134 0.582723,
2.07217 0.583031,
2.07301 0.5832,
2.07429 0.583402,
2.07557 0.583602,
2.07673 0.58396,
2.07847 0.584589,
2.07968 0.584854,
2.08132 0.584854,
2.08236 0.58487,
2.08354 0.584876,
2.08454 0.58488,
2.08598 0.584881,
2.08733 0.584865,
2.08867 0.58485,
2.09026 0.584844,
2.09136 0.58485,
2.09238 0.58487,
2.09339 0.58489,
2.09446 0.584804,
2.09581 0.584411,
2.09733 0.584065,
2.09845 0.584004,
2.09972 0.583661,
2.10127 0.582881,
2.10228 0.582656,
2.1033 0.58243,
2.1041 0.582375,
2.10491 0.582208,
2.10594 0.581733,
2.10696 0.581257,
2.10768 0.580944,
2.10893 0.580293,
2.11017 0.57964,
2.11116 0.579197,
2.11202 0.578548,
2.11293 0.57801,
2.11383 0.57747,
2.11481 0.57727,
2.11581 0.576799,
2.11683 0.576327,
2.11804 0.575722,
2.1187 0.575225,
2.12001 0.574464,
2.12132 0.573703,
2.12277 0.572968,
2.12372 0.572481,
2.12539 0.571553,
2.12636 0.571099,
2.12733 0.570643,
2.12803 0.570361,
2.1287 0.569974,
2.12956 0.569221,
2.13066 0.568644,
2.13174 0.568068,
2.13267 0.567602,
2.13375 0.566869,
2.13482 0.566138,
2.13564 0.565503,
2.13644 0.56487,
2.13817 0.564017,
2.13895 0.563666,
2.13992 0.56311,
2.14089 0.562554,
2.14199 0.562154,
2.14304 0.561411,
2.14409 0.560668,
2.14489 0.560272,
2.14568 0.559716,
2.14642 0.559005,
2.14714 0.558295,
2.14794 0.557941,
2.14868 0.557474,
2.15019 0.556408,
2.15086 0.556024,
2.15163 0.55534,
2.15261 0.554614,
2.1535 0.554017,
2.1544 0.55342,
2.15545 0.552918,
2.15652 0.552416,
2.15758 0.551817,
2.15854 0.55095,
2.15949 0.550082,
2.16031 0.549705,
2.16106 0.549206,
2.16182 0.548483,
2.16285 0.547476,
2.1638 0.54666,
2.16475 0.545843,
2.16542 0.54549,
2.16605 0.545054,
2.16701 0.544373,
2.16797 0.543691,
2.16906 0.543286,
2.17005 0.542573,
2.17103 0.541859,
2.17218 0.541264,
2.17284 0.54077,
2.17361 0.539975,
2.17439 0.53918,
2.17561 0.537889,
2.17649 0.537067,
2.17738 0.536244,
2.17792 0.535572,
2.17879 0.534351,
2.17971 0.533269,
2.18043 0.532452,
2.18115 0.531637,
2.18248 0.530284,
2.1832 0.529239,
2.18396 0.528201,
2.18471 0.527163,
2.18546 0.526514,
2.18599 0.525912,
2.18642 0.525248,
2.18701 0.524367,
2.1876 0.523488,
2.18804 0.522827,
2.18838 0.522094,
2.18915 0.520316,
2.18981 0.519291,
2.19014 0.518525,
2.19063 0.517136,
2.19112 0.515747,
2.19166 0.514722,
2.19202 0.5136,
2.19247 0.512507,
2.19291 0.511413,
2.19327 0.510696,
2.19357 0.509763,
2.19365 0.508641,
2.19376 0.507446,
2.19386 0.506248,
2.19419 0.505171,
2.19437 0.504085,
2.19445 0.502995,
2.1945 0.501458,
2.19452 0.500143,
2.19453 0.49886,
2.19453 0.49756,
2.19455 0.496495,
2.19457 0.494985,
2.19511 0.493733,
2.19529 0.492958,
2.19532 0.49116,
2.19532 0.489947,
2.19534 0.488938,
2.19535 0.487446,
2.19535 0.48603,
2.19537 0.484894,
2.19537 0.483864,
2.19537 0.482762,
2.19537 0.481512,
2.19535 0.480417,
2.19537 0.479287,
2.19537 0.478157,
2.19527 0.476951,
2.19506 0.476171,
2.19471 0.475138,
2.19435 0.474104,
2.19399 0.473074,
2.19363 0.472046,
2.1934 0.471179,
2.19288 0.469266,
2.1926 0.467964,
2.19235 0.466893,
2.19209 0.465821,
2.19197 0.464558,
2.19161 0.463395,
2.19143 0.462385,
2.19125 0.46051,
2.19125 0.459223,
2.19125 0.457937,
2.19125 0.456786,
2.19125 0.455633,
2.19125 0.45396,
2.19125 0.452745,
2.19125 0.4517,
2.19127 0.450013,
2.19127 0.448732,
2.19125 0.447615,
2.19135 0.446546,
2.19145 0.445476,
2.19181 0.444593,
2.19194 0.443445,
2.19201 0.442142,
2.19211 0.441009,
2.1922 0.439876,
2.19266 0.438749,
2.19279 0.437545,
2.19284 0.436397,
2.19288 0.435253,
2.19289 0.434006,
2.19288 0.433009,
2.19288 0.432012,
2.19291 0.430485,
2.19284 0.429664,
2.19263 0.428717,
2.19178 0.426964,
2.19153 0.425439,
2.1914 0.424243,
2.19134 0.423187,
2.19127 0.422133,
2.19111 0.42088,
2.19056 0.419499,
2.19006 0.418695,
2.18932 0.41792,
2.18848 0.417108,
2.18765 0.416294,
2.18696 0.415517,
2.18605 0.414807,
2.18509 0.414312,
2.18412 0.413815,
2.18271 0.413126,
2.18191 0.412713,
2.18094 0.412429,
2.17997 0.412145,
2.17879 0.411655,
2.17767 0.411537,
2.17654 0.411417,
2.17535 0.411417,
2.17413 0.411419,
2.17328 0.411435,
2.17203 0.411683,
2.17098 0.412043,
2.16993 0.412404,
2.16888 0.412768,
2.16778 0.413533,
2.16669 0.414297,
2.1659 0.414684,
2.16516 0.415186,
2.16434 0.415991,
2.16352 0.416798,
2.16306 0.417424,
2.16232 0.418943,
2.16091 0.420261,
2.16022 0.421401,
2.15993 0.42212,
2.15975 0.422867,
2.15911 0.424596,
2.15878 0.425618,
2.15844 0.426638,
2.15809 0.427887,
2.15794 0.429127,
2.15758 0.430313,
2.15724 0.431499,
2.1569 0.432166,
2.15658 0.433024,
2.15649 0.434031,
2.15639 0.435038,
2.15637 0.436561,
2.1564 0.437993,
2.15639 0.43913,
2.1564 0.440151,
2.15642 0.441175,
2.1564 0.442346,
2.15639 0.443349,
2.15642 0.445271,
2.1564 0.4465,
2.15612 0.448455,
2.15571 0.449442,
2.15532 0.450428,
2.15466 0.451371,
2.15384 0.452446,
2.15312 0.453286,
2.15242 0.454126,
2.15189 0.454708,
2.15145 0.455371,
2.15053 0.456907,
2.14974 0.457655,
2.14896 0.458416,
2.14804 0.459079,
2.1471 0.459741,
2.14615 0.460546,
2.1452 0.461352,
2.14414 0.462419,
2.14307 0.463485,
2.14232 0.464571,
2.14109 0.465457,
2.1402 0.46635,
2.1393 0.467244,
2.13807 0.468771,
2.13718 0.469386,
2.13633 0.470268,
2.13559 0.47139,
2.13495 0.472215,
2.13431 0.47304,
2.13372 0.473734,
2.1332 0.474726,
2.13267 0.475718,
2.13218 0.476686,
2.13166 0.477683,
2.13098 0.478595,
2.13031 0.479505,
2.12977 0.480097,
2.12931 0.480774,
2.1288 0.481793,
2.12795 0.483511,
2.12746 0.48403,
2.12685 0.484871,
2.12631 0.485966,
2.1258 0.486886,
2.12464 0.488459,
2.12375 0.489517,
2.12298 0.491083,
2.12239 0.492207,
2.1218 0.49333,
2.12144 0.494142,
2.12113 0.495147,
2.1208 0.496152,
2.12041 0.497394,
2.12008 0.499201,
2.11968 0.500251,
2.11959 0.501305,
2.11947 0.502358,
2.11896 0.504047,
2.1187 0.505233,
2.11868 0.506534,
2.11854 0.507605,
2.11796 0.508672,
2.11739 0.509738,
2.11685 0.510586,
2.11642 0.511687,
2.11591 0.513017,
2.1154 0.514347,
2.11476 0.515304,
2.11412 0.516262,
2.11362 0.517144,
2.11311 0.518025,
2.1126 0.518576,
2.11206 0.519577,
2.11152 0.520577,
2.11104 0.521404,
2.11076 0.522374,
2.1105 0.523347,
2.10948 0.524944,
2.10881 0.525892,
2.1083 0.527001,
2.10797 0.528009,
2.10751 0.529107,
2.10702 0.530227,
2.10651 0.531347,
2.10597 0.532393,
2.10543 0.53344,
2.10479 0.534794,
2.10414 0.536147,
2.10348 0.536898,
2.10281 0.537651,
2.1015 0.537338,
2.10018 0.537025,
2.09928 0.536123,
2.09838 0.535222,
2.09745 0.534291,
2.09641 0.533453,
2.09538 0.532616,
2.09433 0.532193,
2.09328 0.531985,
2.09225 0.531604,
2.09121 0.531222,
2.09 0.531134,
2.08803 0.531139,
2.08665 0.531163,
2.08526 0.531186,
2.08395 0.531526,
2.08285 0.531747,
2.08175 0.531968,
2.08062 0.531985,
2.07945 0.532016,
2.07867 0.532188,
2.07739 0.532733,
2.07604 0.533213,
2.0747 0.533692,
2.07363 0.534548,
2.07216 0.534906,
2.0707 0.535263,
2.06957 0.535314,
2.06843 0.535363,
2.06727 0.535739,
2.0663 0.536275,
2.06465 0.537113,
2.06402 0.537602,
2.06282 0.538058,
2.06163 0.538512,
2.06118 0.537587,
2.06074 0.53666,
2.0602 0.53559,
2.05971 0.534581,
2.05922 0.533571,
2.05871 0.53247,
"/>
<Contour name="CristaeMembrane" hidden="false" closed="true" simplified="true" border="1 0 0" fill="1 0 0" mode="11"
points="2.17403 0.503078,
2.17385 0.501945,
2.17359 0.501189,
2.1732 0.499646,
2.17308 0.498878,
2.17285 0.498119,
2.172 0.496374,
2.17146 0.49529,
2.17093 0.494206,
2.17023 0.493128,
2.1692 0.491559,
2.16875 0.490877,
2.16764 0.489684,
2.16672 0.488763,
2.16583 0.487869,
2.16487 0.486905,
2.1639 0.48594,
2.16273 0.485114,
2.16141 0.484587,
2.16021 0.484489,
2.15919 0.48444,
2.15809 0.484422,
2.15688 0.484407,
2.15568 0.484392,
2.15468 0.484492,
2.15358 0.484812,
2.15253 0.485324,
2.1515 0.485858,
2.1504 0.486454,
2.14932 0.48705,
2.14806 0.487551,
2.14697 0.488451,
2.14602 0.489305,
2.14509 0.49016,
2.14432 0.491057,
2.14374 0.492087,
2.14338 0.493205,
2.14302 0.494324,
2.14277 0.49548,
2.14246 0.496587,
2.14217 0.497692,
2.14176 0.498913,
2.14168 0.500382,
2.14164 0.501519,
2.14163 0.503029,
2.14163 0.504398,
2.14163 0.505761,
2.14163 0.507122,
2.14163 0.508862,
2.14177 0.509779,
2.1421 0.510919,
2.14245 0.512059,
2.14256 0.512944,
2.14284 0.513837,
2.14332 0.514812,
2.14381 0.515729,
2.14443 0.516816,
2.14504 0.517904,
2.14555 0.519086,
2.14615 0.520323,
2.14676 0.52161,
2.14735 0.522899,
2.14779 0.523557,
2.14861 0.524388,
2.15014 0.525748,
2.15191 0.526499,
2.15278 0.526645,
2.15375 0.526655,
2.15491 0.526342,
2.15442 0.526566,
2.15627 0.527234,
2.15744 0.527352,
2.1586 0.527421,
2.15985 0.527449,
2.16109 0.527476,
2.1626 0.52739,
2.16341 0.527185,
2.16416 0.526873,
2.165 0.526378,
2.16578 0.525645,
2.16657 0.524885,
2.16756 0.524164,
2.16854 0.523444,
2.1697 0.522594,
2.17038 0.521856,
2.17092 0.520931,
2.17166 0.520005,
2.17241 0.519076,
2.17318 0.518074,
2.17375 0.516825,
2.1739 0.515668,
2.17397 0.514432,
2.17402 0.513131,
2.17403 0.511746,
2.17403 0.510593,
2.17405 0.509545,
2.17405 0.508216,
2.17405 0.507118,
2.17405 0.50612,
2.17405 0.5046,
"/>
</Transform>

</Section>
