<?xml version="1.0"?>
<!DOCTYPE Section SYSTEM "section.dtd">

<Section index="695" thickness="0.00164" alignLocked="true">
<Transform dim="0"
 xcoef=" 0 1 0 0 0 0"
 ycoef=" 0 0 1 0 0 0">
<Contour name="OuterMembrane" hidden="false" closed="true" simplified="true" border="1 0 0" fill="1 0 0" mode="11"
points="2.1174 0.498388,
2.11686 0.494371,
2.11403 0.485468,
2.11158 0.481124,
2.10889 0.476538,
2.10609 0.471433,
2.1033 0.466572,
2.10053 0.461712,
2.0973 0.457945,
2.09407 0.454178,
2.09008 0.450636,
2.0861 0.447094,
2.08067 0.443751,
2.07488 0.440479,
2.06866 0.437459,
2.06245 0.434438,
2.05507 0.432307,
2.04823 0.430984,
2.04162 0.430252,
2.03501 0.429523,
2.03121 0.430018,
2.02743 0.43103,
2.02345 0.432732,
2.01968 0.435071,
2.01387 0.439545,
2.00908 0.443653,
2.0049 0.448084,
2.00073 0.452514,
1.99749 0.458009,
1.99424 0.463505,
1.9915 0.469721,
1.9906 0.473486,
1.99042 0.479826,
1.99032 0.48625,
1.99025 0.491323,
1.99022 0.497843,
1.99022 0.503346,
1.99021 0.508846,
1.99086 0.514083,
1.99321 0.519639,
1.99555 0.525195,
1.99745 0.530345,
2.0031 0.538184,
2.00693 0.542597,
2.01136 0.54735,
2.01582 0.551417,
2.02015 0.555389,
2.02432 0.558748,
2.0285 0.562105,
2.03276 0.564672,
2.04152 0.567255,
2.0396 0.567032,
2.0347 0.565536,
2.04316 0.569874,
2.04877 0.571242,
2.05438 0.572609,
2.0603 0.573121,
2.06637 0.571816,
2.0725 0.569936,
2.07865 0.568055,
2.08418 0.564575,
2.08969 0.561095,
2.09377 0.557974,
2.10053 0.552183,
2.10327 0.548142,
2.10584 0.543193,
2.10842 0.538243,
2.11065 0.532298,
2.11266 0.526612,
2.11444 0.520912,
2.1157 0.514857,
2.11658 0.508592,
2.11699 0.50349,
"/>
</Transform>

</Section>
