<?xml version="1.0"?>
<!DOCTYPE Section SYSTEM "section.dtd">

<Section index="607" thickness="0.00164" alignLocked="true">
<Transform dim="0"
 xcoef=" 0 1 0 0 0 0"
 ycoef=" 0 0 1 0 0 0">
<Contour name="OuterMembrane" hidden="false" closed="true" simplified="true" border="1 0 0" fill="1 0 0" mode="11"
points="2.05402 0.601201,
2.05823 0.602711,
2.06246 0.604224,
2.06656 0.605783,
2.07068 0.607344,
2.07473 0.608414,
2.07919 0.609353,
2.08342 0.610105,
2.08767 0.610856,
2.09364 0.61102,
2.0989 0.611054,
2.10419 0.61109,
2.10927 0.609929,
2.11388 0.608812,
2.11817 0.607453,
2.12247 0.606149,
2.12677 0.604845,
2.13049 0.603502,
2.1342 0.602159,
2.13795 0.600301,
2.14182 0.597757,
2.14571 0.595213,
2.1492 0.592927,
2.15261 0.590134,
2.15627 0.586956,
2.16014 0.583781,
2.16341 0.580858,
2.16665 0.578084,
2.17021 0.575222,
2.17379 0.572362,
2.17646 0.569351,
2.17918 0.566466,
2.18202 0.563507,
2.18486 0.56055,
2.18896 0.553967,
2.19091 0.549184,
2.19253 0.544737,
2.19384 0.540247,
2.19542 0.535717,
2.19706 0.530939,
2.19847 0.526402,
2.1999 0.521866,
2.2009 0.517573,
2.20188 0.513556,
2.20288 0.509538,
2.20406 0.503913,
2.20526 0.498288,
2.20596 0.494053,
2.2067 0.490101,
2.2071 0.485968,
2.20749 0.481834,
2.20841 0.477684,
2.20847 0.472927,
2.20852 0.46819,
2.20856 0.464031,
2.20846 0.460035,
2.20811 0.455935,
2.20795 0.451626,
2.20777 0.447318,
2.20711 0.442288,
2.20623 0.437919,
2.20531 0.433824,
2.20419 0.429572,
2.20301 0.425016,
2.20172 0.420252,
2.20042 0.415489,
2.19888 0.411899,
2.19722 0.408347,
2.19529 0.40476,
2.19279 0.401095,
2.19035 0.3977,
2.18791 0.394307,
2.18592 0.39115,
2.18182 0.386573,
2.17781 0.381923,
2.1728 0.378378,
2.16834 0.37524,
2.16401 0.372144,
2.1598 0.369279,
2.15565 0.366302,
2.1515 0.363327,
2.14763 0.361469,
2.14061 0.358368,
2.13626 0.357008,
2.13192 0.355649,
2.12711 0.355317,
2.12221 0.354804,
2.11755 0.354158,
2.11288 0.353512,
2.10796 0.352718,
2.10305 0.351924,
2.09805 0.351454,
2.09356 0.352572,
2.08905 0.353689,
2.0851 0.355222,
2.08114 0.356756,
2.07811 0.358017,
2.07483 0.360369,
2.07165 0.362893,
2.06853 0.365618,
2.06545 0.368437,
2.06255 0.371619,
2.05946 0.374835,
2.05594 0.38297,
2.0541 0.387442,
2.04918 0.39593,
2.0467 0.400578,
2.04392 0.405459,
2.04182 0.407617,
2.03781 0.412086,
2.03481 0.41469,
2.03171 0.417283,
2.02819 0.420358,
2.02466 0.423435,
2.02056 0.426482,
2.01648 0.429529,
2.01305 0.432527,
2.00964 0.435523,
2.00751 0.438318,
2.00315 0.443241,
1.9997 0.44773,
1.99663 0.451869,
1.99337 0.455915,
1.99025 0.459812,
1.98747 0.463005,
1.98466 0.466198,
1.98246 0.469411,
1.98022 0.473145,
1.97822 0.476756,
1.97627 0.48032,
1.97431 0.483882,
1.97295 0.487693,
1.97197 0.491647,
1.97098 0.495601,
1.97062 0.501154,
1.97038 0.506621,
1.97046 0.512118,
1.97082 0.516438,
1.9712 0.520759,
1.97187 0.523923,
1.97377 0.528549,
1.97546 0.532329,
1.97869 0.539204,
1.98171 0.544208,
1.9842 0.548472,
1.98656 0.552378,
1.98893 0.556285,
1.99288 0.562284,
1.99562 0.566302,
1.99836 0.570321,
2.00165 0.5733,
2.00544 0.575671,
2.00928 0.578021,
2.0132 0.580303,
2.01715 0.582546,
2.02096 0.585008,
2.02499 0.58724,
2.02919 0.58929,
2.0335 0.591435,
2.0377 0.593568,
2.04193 0.595432,
2.04608 0.597178,
2.05025 0.598926,
"/>
<Contour name="InnerMembrane" hidden="false" closed="true" simplified="true" border="1 0 0" fill="1 0 0" mode="11"
points="2.0386 0.441111,
2.03252 0.440033,
2.02909 0.442664,
2.02597 0.444799,
2.02294 0.447012,
2.01989 0.449222,
2.01745 0.451156,
2.01513 0.452804,
2.01282 0.454452,
2.01135 0.456094,
2.01008 0.457922,
2.00687 0.461899,
2.00575 0.464889,
2.00447 0.467892,
2.00337 0.471072,
2.00211 0.474113,
2.00085 0.477153,
2.00026 0.480509,
1.99993 0.483997,
1.99972 0.487408,
1.99949 0.490819,
1.99941 0.494004,
1.99908 0.497435,
1.99891 0.501236,
1.99882 0.504941,
1.99877 0.508656,
1.99878 0.512436,
1.99919 0.515978,
1.99962 0.519521,
2.00042 0.522952,
2.00195 0.525518,
2.00347 0.528083,
2.00592 0.530501,
2.00874 0.532603,
2.01187 0.534517,
2.01515 0.536296,
2.01881 0.53773,
2.02201 0.538811,
2.02519 0.539893,
2.02837 0.540621,
2.03139 0.54172,
2.03434 0.543257,
2.03711 0.544887,
2.03993 0.546538,
2.04262 0.548464,
2.04531 0.550389,
2.04839 0.551906,
2.05134 0.553899,
2.0543 0.555891,
2.05769 0.558212,
2.06018 0.560608,
2.06215 0.563396,
2.06415 0.566433,
2.06615 0.569469,
2.06842 0.572786,
2.07119 0.575176,
2.07365 0.577393,
2.07611 0.579612,
2.07913 0.581367,
2.08205 0.582749,
2.08498 0.584134,
2.08823 0.585387,
2.09162 0.585583,
2.09513 0.585706,
2.09851 0.58581,
2.10187 0.585834,
2.10525 0.585372,
2.10853 0.584737,
2.11181 0.58393,
2.11509 0.583125,
2.11814 0.581746,
2.12119 0.580366,
2.12419 0.57879,
2.12785 0.577126,
2.13151 0.57546,
2.13523 0.573005,
2.13846 0.57085,
2.14169 0.568693,
2.14414 0.566569,
2.1464 0.564058,
2.14851 0.561415,
2.15081 0.559176,
2.15311 0.556985,
2.15547 0.554991,
2.15798 0.552752,
2.16049 0.550381,
2.16301 0.548009,
2.16618 0.544713,
2.16931 0.542045,
2.17203 0.539147,
2.17428 0.536408,
2.17654 0.533667,
2.17925 0.528843,
2.18063 0.526007,
2.18202 0.523171,
2.18307 0.520295,
2.18396 0.517551,
2.18484 0.514807,
2.18538 0.511916,
2.18594 0.509023,
2.18622 0.505604,
2.18648 0.502407,
2.18674 0.499213,
2.18733 0.49629,
2.18743 0.49332,
2.18765 0.489916,
2.18791 0.486554,
2.18802 0.483247,
2.18814 0.4798,
2.18819 0.476217,
2.18822 0.473196,
2.1882 0.470213,
2.18824 0.467146,
2.18824 0.463623,
2.18824 0.460571,
2.18825 0.457617,
2.18825 0.452282,
2.18727 0.447917,
2.1864 0.444319,
2.1856 0.441132,
2.18481 0.437947,
2.18414 0.435113,
2.18307 0.432379,
2.18204 0.429464,
2.181 0.426548,
2.1794 0.423254,
2.17787 0.420006,
2.17631 0.416726,
2.17474 0.413201,
2.17305 0.409546,
2.17157 0.406435,
2.17031 0.403511,
2.16906 0.400586,
2.16792 0.398205,
2.16567 0.395668,
2.16332 0.393075,
2.16127 0.390907,
2.15922 0.388739,
2.15691 0.387045,
2.15447 0.385231,
2.15204 0.383417,
2.14838 0.381287,
2.14486 0.379511,
2.14133 0.377736,
2.13702 0.376106,
2.13405 0.375529,
2.13092 0.375038,
2.12775 0.37473,
2.12459 0.374422,
2.12111 0.373927,
2.11824 0.373677,
2.11426 0.373556,
2.11071 0.373492,
2.10715 0.37343,
2.10333 0.373925,
2.1005 0.374648,
2.09764 0.375373,
2.0942 0.37659,
2.09064 0.378023,
2.08708 0.379455,
2.08319 0.380678,
2.08057 0.3823,
2.07795 0.38426,
2.07345 0.387329,
2.07004 0.390732,
2.06832 0.393702,
2.06658 0.396672,
2.06484 0.399399,
2.0631 0.402128,
2.06178 0.404741,
2.06043 0.407355,
2.05902 0.410108,
2.05761 0.412862,
2.05608 0.416229,
2.05554 0.418357,
2.0543 0.42218,
2.05305 0.426003,
2.05205 0.428694,
2.05108 0.431468,
2.04895 0.433608,
2.04683 0.435748,
2.04265 0.43857,
"/>
<Contour name="CristaeMembrane" hidden="false" closed="true" simplified="true" border="1 0 0" fill="1 0 0" mode="11"
points="2.03071 0.490565,
2.02966 0.491485,
2.02873 0.492277,
2.02747 0.493028,
2.02668 0.493765,
2.02604 0.494629,
2.0255 0.495688,
2.02497 0.496779,
2.02443 0.497868,
2.02392 0.498888,
2.02374 0.500052,
2.02356 0.501215,
2.02305 0.502284,
2.02289 0.503549,
2.02269 0.504666,
2.0225 0.505783,
2.02214 0.506722,
2.02202 0.507795,
2.02197 0.509041,
2.02192 0.510309,
2.02191 0.511419,
2.02191 0.512502,
2.02189 0.513586,
2.02205 0.51468,
2.02238 0.51569,
2.02291 0.516648,
2.02366 0.518204,
2.0243 0.519093,
2.02492 0.519982,
2.02556 0.521028,
2.0264 0.521919,
2.02758 0.522602,
2.02878 0.523286,
2.03037 0.524082,
2.03125 0.524551,
2.03258 0.52478,
2.03393 0.524905,
2.03501 0.524967,
2.03647 0.524984,
2.03793 0.525002,
2.03908 0.525015,
2.04021 0.525016,
2.04132 0.524982,
2.04244 0.524946,
2.04369 0.525025,
2.04492 0.524846,
2.04569 0.52459,
2.04705 0.523875,
2.04784 0.523536,
2.04867 0.522888,
2.04951 0.522238,
2.05059 0.52172,
2.05171 0.521264,
2.05284 0.52081,
2.05371 0.520561,
2.05456 0.520172,
2.05564 0.519424,
2.05674 0.518758,
2.05782 0.518094,
2.05877 0.517628,
2.05974 0.517163,
2.06155 0.516582,
2.0626 0.516292,
2.06358 0.516149,
2.06555 0.51601,
2.0666 0.515924,
2.06771 0.515616,
2.06929 0.515398,
2.07088 0.515178,
2.0717 0.51507,
2.07273 0.51486,
2.07376 0.514652,
2.07473 0.515052,
2.0757 0.51545,
2.0768 0.516149,
2.0779 0.516848,
2.07873 0.517628,
2.07957 0.518411,
2.08041 0.519304,
2.08088 0.520187,
2.08136 0.521067,
2.08249 0.522145,
2.08344 0.523167,
2.08418 0.524167,
2.08492 0.525167,
2.0857 0.526112,
2.08647 0.527057,
2.08726 0.527814,
2.08838 0.528529,
2.08925 0.529215,
2.09007 0.529935,
2.09087 0.530696,
2.0918 0.532269,
2.09253 0.533044,
2.09339 0.533958,
2.09435 0.53492,
2.0951 0.535686,
2.09643 0.537015,
2.09753 0.537968,
2.0982 0.538353,
2.09963 0.53906,
2.10066 0.53958,
2.10171 0.540098,
2.10253 0.540395,
2.10355 0.540496,
2.10461 0.540682,
2.10569 0.540867,
2.10671 0.541138,
2.10774 0.54141,
2.10873 0.5414,
2.10981 0.541413,
2.11109 0.541421,
2.11214 0.541425,
2.1137 0.541418,
2.11527 0.54141,
2.11635 0.541216,
2.1174 0.540821,
2.11867 0.540157,
2.11991 0.539493,
2.12098 0.538993,
2.12205 0.538491,
2.12321 0.537695,
2.12439 0.536898,
2.12575 0.5364,
2.12678 0.536105,
2.12788 0.535535,
2.12885 0.534871,
2.12982 0.534205,
2.13095 0.533451,
2.13174 0.532646,
2.13254 0.531841,
2.13336 0.531019,
2.13405 0.529953,
2.13451 0.528734,
2.13459 0.527701,
2.13464 0.526614,
2.13466 0.525035,
2.13467 0.523618,
2.13466 0.522494,
2.13467 0.521377,
2.13467 0.520259,
2.13466 0.519232,
2.13444 0.518202,
2.13379 0.516406,
2.13351 0.515385,
2.13305 0.51442,
2.13257 0.513454,
2.13216 0.512654,
2.13151 0.511719,
2.13085 0.510648,
2.13021 0.509576,
2.12962 0.508621,
2.12905 0.507667,
2.12838 0.507045,
2.12728 0.506329,
2.12634 0.505596,
2.12554 0.504881,
2.12473 0.504167,
2.12393 0.503501,
2.12227 0.502667,
2.12129 0.50212,
2.12027 0.501774,
2.11926 0.501694,
2.11791 0.501653,
2.1168 0.501632,
2.1155 0.501624,
2.11447 0.50162,
2.11373 0.500689,
2.11412 0.499444,
2.11486 0.498591,
2.11562 0.497737,
2.11703 0.497437,
2.11834 0.497292,
2.11963 0.497214,
2.12093 0.497135,
2.12213 0.497097,
2.12301 0.496909,
2.12398 0.496615,
2.12519 0.496471,
2.12642 0.496328,
2.12782 0.496125,
2.12949 0.495459,
2.13054 0.495228,
2.13157 0.494781,
2.13252 0.494142,
2.13348 0.4932,
2.13444 0.492257,
2.13517 0.491441,
2.13577 0.490437,
2.13613 0.489396,
2.13623 0.488308,
2.13628 0.487087,
2.1363 0.485907,
2.13631 0.484797,
2.13631 0.483677,
2.13633 0.482503,
2.13626 0.481278,
2.13618 0.480053,
2.13592 0.479175,
2.13528 0.477852,
2.13464 0.47653,
2.13443 0.475502,
2.13415 0.474372,
2.134 0.47315,
2.13392 0.471946,
2.13389 0.470726,
2.13387 0.469409,
2.13387 0.468025,
2.13387 0.466926,
2.13389 0.465365,
2.1339 0.463805,
2.13444 0.462552,
2.13461 0.461785,
2.13466 0.460433,
2.13471 0.459202,
2.13477 0.45797,
2.13525 0.456824,
2.13543 0.455761,
2.13559 0.454698,
2.13605 0.453644,
2.13618 0.452469,
2.13625 0.451399,
2.13628 0.450292,
2.1363 0.449148,
2.13646 0.448015,
2.13662 0.446882,
2.13702 0.445645,
2.13708 0.444629,
2.13769 0.442984,
2.13782 0.441862,
2.13804 0.440686,
2.13856 0.439541,
2.13907 0.438395,
2.13981 0.437244,
2.14018 0.436089,
2.14056 0.434935,
2.14102 0.433764,
2.1415 0.432306,
2.14195 0.430848,
2.142 0.429646,
2.14204 0.42845,
2.14205 0.427361,
2.14205 0.426318,
2.14207 0.425196,
2.14207 0.424043,
2.14207 0.422904,
2.14207 0.421737,
2.14207 0.420629,
2.14205 0.41952,
2.14191 0.418433,
2.14146 0.417224,
2.14076 0.416106,
2.13976 0.415128,
2.13884 0.414576,
2.13735 0.413492,
2.13649 0.412678,
2.13553 0.412157,
2.13425 0.41151,
2.13298 0.410864,
2.13167 0.410162,
2.13067 0.410005,
2.12967 0.409847,
2.12774 0.409806,
2.12639 0.409795,
2.12518 0.409784,
2.12405 0.409777,
2.12293 0.40978,
2.12167 0.409775,
2.12063 0.409795,
2.11959 0.409813,
2.11873 0.409772,
2.11775 0.40988,
2.11667 0.410195,
2.11568 0.410674,
2.11471 0.411153,
2.11337 0.411743,
2.11202 0.412334,
2.11084 0.412688,
2.11014 0.413044,
2.10861 0.414241,
2.10773 0.414653,
2.10692 0.415204,
2.10589 0.416048,
2.10487 0.416893,
2.10394 0.417441,
2.10302 0.41829,
2.10212 0.419138,
2.10082 0.419781,
2.1 0.420521,
2.09915 0.421172,
2.0983 0.421821,
2.09731 0.422405,
2.0964 0.423243,
2.09571 0.424332,
2.09502 0.425421,
2.09449 0.42601,
2.09398 0.427012,
2.09346 0.428014,
2.0933 0.428794,
2.09289 0.430134,
2.09248 0.431474,
2.092 0.432434,
2.09167 0.433626,
2.09161 0.434697,
2.09154 0.435768,
2.09115 0.436596,
2.0909 0.437472,
2.09077 0.439435,
2.09066 0.440642,
2.09054 0.441849,
2.09011 0.443041,
2.09003 0.44412,
2.09 0.445481,
2.08997 0.446628,
2.08997 0.447982,
2.08995 0.449171,
2.08995 0.450349,
2.08997 0.451681,
2.08997 0.452809,
2.08997 0.453936,
2.08997 0.455087,
2.08998 0.457012,
2.08997 0.458537,
2.08995 0.460061,
2.08997 0.461391,
2.08985 0.462665,
2.08952 0.463892,
2.08913 0.465024,
2.08875 0.466154,
2.08862 0.467108,
2.08833 0.468028,
2.0879 0.468865,
2.08742 0.469535,
2.08687 0.470134,
2.0857 0.471639,
2.08508 0.472612,
2.08467 0.473701,
2.08416 0.474687,
2.08364 0.475672,
2.08306 0.476723,
2.08247 0.477775,
2.08182 0.47879,
2.08116 0.479803,
2.08044 0.480663,
2.07913 0.481917,
2.07842 0.482398,
2.07767 0.482773,
2.07644 0.483803,
2.07568 0.48452,
2.07473 0.48542,
2.07347 0.486091,
2.0726 0.486744,
2.07173 0.487397,
2.07104 0.48772,
2.07032 0.487951,
2.06879 0.488195,
2.06733 0.488686,
2.06589 0.488941,
2.06478 0.488943,
2.06368 0.488943,
2.06253 0.488936,
2.06117 0.488923,
2.05992 0.48894,
2.05859 0.488935,
2.05741 0.488938,
2.05623 0.488943,
2.0552 0.488938,
2.0542 0.488945,
2.05318 0.488945,
2.05215 0.488943,
2.05103 0.488935,
2.04997 0.488932,
2.04895 0.488915,
2.04765 0.488886,
2.04639 0.488827,
2.04523 0.488761,
2.04431 0.488438,
2.04344 0.487972,
2.04278 0.48746,
2.04139 0.486975,
2.04 0.486488,
2.03829 0.486396,
2.03736 0.486152,
2.03632 0.486347,
2.03529 0.486542,
2.03416 0.487405,
2.03303 0.488267,
2.03214 0.489133,
2.03127 0.489999,
"/>
</Transform>

</Section>
