<?xml version="1.0"?>
<!DOCTYPE Section SYSTEM "section.dtd">

<Section index="630" thickness="0.00164" alignLocked="true">
<Transform dim="0"
 xcoef=" 0 1 0 0 0 0"
 ycoef=" 0 0 1 0 0 0">
<Contour name="OuterMembrane" hidden="false" closed="true" simplified="true" border="1 0 0" fill="1 0 0" mode="11"
points="2.08897 0.632102,
2.09474 0.632341,
2.10032 0.632507,
2.10578 0.632546,
2.11124 0.632584,
2.11688 0.631761,
2.1225 0.630936,
2.12774 0.629384,
2.13303 0.627639,
2.13835 0.625893,
2.14392 0.624161,
2.14958 0.622205,
2.15519 0.619925,
2.16081 0.617644,
2.16565 0.61481,
2.17052 0.611759,
2.17505 0.608565,
2.17982 0.605306,
2.18469 0.601621,
2.18971 0.597823,
2.19507 0.593624,
2.19993 0.589301,
2.20449 0.58508,
2.20847 0.580383,
2.21179 0.57554,
2.21515 0.570804,
2.21825 0.565856,
2.22135 0.560906,
2.22477 0.554973,
2.22822 0.549038,
2.23114 0.542937,
2.23406 0.536838,
2.2356 0.533392,
2.23732 0.52615,
2.23867 0.522606,
2.23978 0.517361,
2.24045 0.512024,
2.24096 0.506524,
2.24119 0.500539,
2.24165 0.494918,
2.24193 0.489737,
2.24211 0.484244,
2.24224 0.47849,
2.24231 0.471439,
2.24237 0.464389,
2.24106 0.45777,
2.2398 0.451538,
2.23873 0.445877,
2.23762 0.440458,
2.23662 0.434636,
2.2353 0.428849,
2.23402 0.423025,
2.23275 0.417201,
2.23056 0.412199,
2.2283 0.407296,
2.22566 0.402271,
2.22304 0.397246,
2.21931 0.392534,
2.21567 0.388249,
2.21208 0.38436,
2.20837 0.380575,
2.20423 0.377354,
2.20004 0.373963,
2.19586 0.370573,
2.18784 0.365525,
2.18209 0.362648,
2.17694 0.360272,
2.17177 0.357897,
2.16657 0.355782,
2.16173 0.355176,
2.1544 0.354076,
2.14692 0.353533,
2.14043 0.353231,
2.13476 0.353081,
2.12944 0.353071,
2.12373 0.353021,
2.11783 0.352977,
2.11284 0.352954,
2.10578 0.353053,
2.09881 0.35299,
2.09333 0.353007,
2.08783 0.353021,
2.08059 0.354384,
2.07417 0.355611,
2.06865 0.356938,
2.06328 0.358525,
2.05777 0.360572,
2.05231 0.362783,
2.04744 0.365041,
2.0421 0.36776,
2.03654 0.370109,
2.03081 0.372679,
2.02509 0.37525,
2.0202 0.378063,
2.01554 0.381341,
2.01095 0.385182,
2.00672 0.388652,
2.00251 0.392121,
1.9954 0.397964,
1.99106 0.403515,
1.98671 0.408872,
1.98233 0.414408,
1.97797 0.419945,
1.97441 0.426508,
1.97259 0.429895,
1.97123 0.433491,
1.97038 0.43708,
1.96915 0.444063,
1.96848 0.450009,
1.96767 0.455326,
1.96698 0.460825,
1.96618 0.4665,
1.96562 0.472322,
1.96533 0.479128,
1.96523 0.48444,
1.96521 0.489994,
1.9652 0.496146,
1.96513 0.502325,
1.96552 0.508013,
1.96593 0.5137,
1.96767 0.519926,
1.96974 0.525379,
1.97158 0.531304,
1.97382 0.537064,
1.97612 0.542827,
1.97873 0.548211,
1.98194 0.553503,
1.98538 0.558901,
1.98857 0.563827,
1.99157 0.568183,
1.99445 0.572445,
1.99752 0.576819,
2.00093 0.581598,
2.00426 0.585831,
2.00736 0.5899,
2.01077 0.593874,
2.01422 0.597841,
2.01845 0.601914,
2.02266 0.605988,
2.0257 0.608655,
2.03088 0.611722,
2.03606 0.614787,
2.04108 0.617739,
2.04572 0.620322,
2.05036 0.622905,
2.05515 0.625655,
2.05994 0.628404,
2.07129 0.630826,
2.08301 0.631905,
"/>
<Contour name="InnerMembrane" hidden="false" closed="true" simplified="true" border="1 0 0" fill="1 0 0" mode="11"
points="2.04342 0.586963,
2.04903 0.589595,
2.05441 0.592425,
2.05932 0.594935,
2.06417 0.597388,
2.06902 0.599841,
2.07416 0.601654,
2.07909 0.603074,
2.08403 0.604493,
2.08926 0.605509,
2.09438 0.606531,
2.09971 0.607226,
2.10458 0.607953,
2.10927 0.608442,
2.11555 0.608684,
2.12108 0.608793,
2.12667 0.60886,
2.13228 0.608927,
2.1384 0.607449,
2.14419 0.605631,
2.14991 0.603745,
2.15544 0.6017,
2.16036 0.599177,
2.165 0.596629,
2.16964 0.594082,
2.17375 0.59123,
2.17781 0.588074,
2.18327 0.583113,
2.18628 0.579815,
2.18932 0.576027,
2.19196 0.57194,
2.1946 0.567735,
2.19732 0.563206,
2.19995 0.558599,
2.20257 0.553992,
2.20419 0.549266,
2.20587 0.544683,
2.20744 0.539909,
2.20859 0.534491,
2.20962 0.52962,
2.21085 0.524795,
2.21215 0.519885,
2.21341 0.514404,
2.21441 0.509164,
2.21541 0.503926,
2.21564 0.498978,
2.21587 0.493955,
2.21594 0.48822,
2.21603 0.482386,
2.21605 0.477617,
2.21567 0.47303,
2.21507 0.468238,
2.21444 0.463446,
2.21329 0.458641,
2.21195 0.454059,
2.21062 0.449476,
2.20893 0.445021,
2.20706 0.440071,
2.20503 0.435563,
2.20301 0.431138,
2.20099 0.426712,
2.19806 0.422167,
2.19494 0.417828,
2.19202 0.413392,
2.18876 0.40885,
2.18515 0.404235,
2.18156 0.399619,
2.17669 0.395871,
2.17177 0.392608,
2.16716 0.38999,
2.16216 0.388058,
2.15694 0.386046,
2.15201 0.38427,
2.14727 0.382628,
2.14251 0.380985,
2.13712 0.379448,
2.13195 0.378138,
2.12662 0.376965,
2.12085 0.375952,
2.11526 0.375243,
2.11011 0.374802,
2.10527 0.374604,
2.10046 0.374469,
2.09558 0.37436,
2.09064 0.374345,
2.08588 0.374296,
2.07713 0.374355,
2.07221 0.375632,
2.06729 0.37691,
2.06297 0.378494,
2.05859 0.380157,
2.05395 0.382212,
2.04902 0.383965,
2.044 0.386035,
2.03821 0.388296,
2.0335 0.390345,
2.02835 0.393159,
2.02325 0.396452,
2.01879 0.399601,
2.01433 0.402751,
2.01028 0.406945,
2.00629 0.410954,
2.00264 0.415064,
1.99898 0.419173,
1.99652 0.423013,
1.99237 0.430211,
1.99086 0.43401,
1.98919 0.439445,
1.98776 0.443958,
1.9864 0.448535,
1.98543 0.453232,
1.9845 0.457778,
1.98392 0.462501,
1.98324 0.467569,
1.98284 0.472461,
1.98256 0.477166,
1.98242 0.483811,
1.98281 0.489981,
1.9832 0.496149,
1.98438 0.501874,
1.98606 0.506888,
1.98775 0.511775,
1.98943 0.516662,
1.9924 0.521276,
1.9954 0.525404,
1.99886 0.529877,
2.00137 0.533641,
2.00387 0.537405,
2.00646 0.541731,
2.00892 0.546254,
2.01113 0.550479,
2.0134 0.554814,
2.01623 0.559356,
2.01907 0.563898,
2.02328 0.568165,
2.02742 0.572558,
2.03157 0.576952,
2.03575 0.580381,
2.03995 0.58381,
"/>
<Contour name="CristaeMembrane" hidden="false" closed="true" simplified="true" border="1 0 0" fill="1 0 0" mode="11"
points="2.12132 0.581879,
2.12219 0.581677,
2.12316 0.581262,
2.12401 0.580729,
2.12485 0.580196,
2.12575 0.579935,
2.1267 0.579464,
2.12726 0.579059,
2.12847 0.57819,
2.12926 0.577761,
2.13013 0.577062,
2.13102 0.576042,
2.13203 0.575076,
2.13293 0.5742,
2.1338 0.573398,
2.13467 0.572596,
2.13567 0.572116,
2.13649 0.571504,
2.1373 0.570892,
2.13813 0.570479,
2.13897 0.569857,
2.13981 0.569236,
2.1405 0.5689,
2.14112 0.56847,
2.14186 0.567757,
2.14258 0.567058,
2.14332 0.566328,
2.14453 0.565088,
2.14543 0.564299,
2.14632 0.563511,
2.14742 0.562925,
2.14845 0.561992,
2.14911 0.561733,
2.14971 0.561392,
2.15032 0.560942,
2.1515 0.559658,
2.15237 0.5588,
2.15324 0.557943,
2.15434 0.556905,
2.1553 0.556277,
2.15635 0.555957,
2.15742 0.555637,
2.15858 0.555324,
2.15947 0.554887,
2.16036 0.55445,
2.16126 0.55401,
2.16214 0.553571,
2.16323 0.553019,
2.16409 0.552567,
2.16495 0.552114,
2.16582 0.551734,
2.1667 0.551074,
2.16765 0.550504,
2.1686 0.549931,
2.16974 0.549703,
2.17039 0.549446,
2.17102 0.549105,
2.17174 0.548465,
2.17251 0.547732,
2.17328 0.546999,
2.17377 0.54652,
2.17421 0.545966,
2.17475 0.544938,
2.1753 0.54388,
2.17584 0.54282,
2.17669 0.541843,
2.1771 0.541154,
2.17741 0.54039,
2.17815 0.538806,
2.17884 0.537654,
2.17922 0.536433,
2.1794 0.535476,
2.17971 0.534538,
2.18 0.5336,
2.18054 0.532582,
2.18089 0.531299,
2.18127 0.52953,
2.18161 0.528515,
2.18192 0.527611,
2.18223 0.526706,
2.18245 0.526014,
2.18266 0.524252,
2.18307 0.523391,
2.18343 0.522301,
2.18373 0.521377,
2.18397 0.520431,
2.18422 0.519483,
2.18469 0.518501,
2.185 0.517208,
2.18509 0.516185,
2.18517 0.515163,
2.18553 0.514352,
2.18602 0.512634,
2.18645 0.511631,
2.18656 0.510642,
2.18668 0.509655,
2.18712 0.508758,
2.1873 0.507583,
2.18746 0.506409,
2.18825 0.504825,
2.1886 0.504231,
2.18888 0.5035,
2.18907 0.502734,
2.18932 0.501117,
2.18974 0.5001,
2.18984 0.499063,
2.18989 0.498094,
2.19002 0.497135,
2.19015 0.496175,
2.19053 0.495259,
2.19074 0.494178,
2.19076 0.49314,
2.19076 0.491966,
2.19094 0.491047,
2.19112 0.490127,
2.19142 0.489128,
2.19171 0.48813,
2.19217 0.48706,
2.1924 0.485768,
2.1924 0.484615,
2.1924 0.483618,
2.1924 0.482619,
2.1924 0.481512,
2.19242 0.480591,
2.19242 0.479267,
2.1924 0.478149,
2.1924 0.477007,
2.19242 0.475876,
2.1924 0.474719,
2.19238 0.473563,
2.19237 0.472407,
2.1922 0.471653,
2.19194 0.470898,
2.19163 0.469539,
2.19153 0.468146,
2.19125 0.467149,
2.19101 0.466234,
2.19089 0.46524,
2.19078 0.464245,
2.19066 0.463023,
2.1903 0.462068,
2.19011 0.460583,
2.19004 0.459175,
2.18999 0.457983,
2.18996 0.456809,
2.18996 0.455638,
2.18999 0.454718,
2.19001 0.453799,
2.19045 0.452932,
2.19088 0.452064,
2.19135 0.451125,
2.19183 0.450187,
2.19248 0.448857,
2.19335 0.44742,
2.19396 0.446647,
2.19463 0.445903,
2.19535 0.445273,
2.19607 0.444643,
2.19678 0.443961,
2.19758 0.443374,
2.19839 0.442787,
2.19934 0.442251,
2.20044 0.441983,
2.20136 0.441847,
2.20245 0.442128,
2.20354 0.442408,
2.20411 0.442752,
2.20505 0.443218,
2.20595 0.44364,
2.20683 0.444061,
2.2078 0.444678,
2.2086 0.445319,
2.20941 0.445959,
2.21031 0.446641,
2.21108 0.44712,
2.21187 0.447599,
2.21264 0.448204,
2.21354 0.448666,
2.21444 0.449129,
2.2153 0.449554,
2.21674 0.450359,
2.21754 0.450984,
2.21835 0.451608,
2.21892 0.452107,
2.21976 0.452535,
2.22061 0.452963,
2.22153 0.453439,
2.22236 0.453921,
2.22322 0.454403,
2.224 0.454946,
2.22481 0.45549,
2.22566 0.455923,
2.22651 0.456358,
2.22756 0.456799,
2.2286 0.457242,
2.22966 0.457657,
2.23073 0.458073,
2.2322 0.458788,
2.23325 0.459351,
2.23396 0.459585,
2.23539 0.459931,
2.23645 0.460207,
2.23753 0.460482,
2.23894 0.46097,
2.24035 0.461457,
2.24199 0.462001,
2.24316 0.462206,
2.24432 0.462201,
2.2455 0.462196,
2.24662 0.462193,
2.24755 0.462206,
2.24926 0.462203,
2.25036 0.462195,
2.25147 0.462188,
2.25224 0.462052,
2.25357 0.461612,
2.25492 0.461173,
2.25612 0.460653,
2.25743 0.459927,
2.25826 0.45959,
2.25926 0.459079,
2.26026 0.458565,
2.26097 0.458229,
2.26169 0.457747,
2.26253 0.456983,
2.26336 0.456217,
2.26404 0.455789,
2.26474 0.455074,
2.26543 0.45436,
2.26599 0.45408,
2.26712 0.453314,
2.26825 0.452548,
2.26901 0.452058,
2.26973 0.45138,
2.27019 0.450815,
2.27083 0.449821,
2.27147 0.448825,
2.27215 0.447787,
2.27247 0.447095,
2.27286 0.445465,
2.27312 0.444468,
2.27347 0.443353,
2.27376 0.442408,
2.27406 0.441465,
2.27432 0.440479,
2.27458 0.439494,
2.27489 0.43816,
2.27534 0.436409,
2.2756 0.435445,
2.27584 0.43448,
2.27601 0.433672,
2.27604 0.432455,
2.27602 0.43142,
2.27601 0.430385,
2.27601 0.429373,
2.27601 0.428361,
2.27606 0.427694,
2.27602 0.426105,
2.27604 0.424386,
2.27604 0.422813,
2.27599 0.421106,
2.27606 0.420425,
2.27606 0.419496,
2.27604 0.418566,
2.27598 0.417132,
2.27606 0.416245,
2.27604 0.414494,
2.27604 0.413731,
2.27583 0.412722,
2.27563 0.411712,
2.27565 0.411002,
2.27555 0.410238,
2.2754 0.409229,
2.27524 0.408221,
2.27516 0.407447,
2.27493 0.406458,
2.27468 0.40547,
2.27432 0.404062,
2.27384 0.402935,
2.27335 0.40181,
2.27294 0.400988,
2.27253 0.400168,
2.27217 0.399325,
2.27181 0.398482,
2.27161 0.397821,
2.27122 0.39686,
2.27083 0.395899,
2.27053 0.395196,
2.27012 0.394366,
2.26963 0.393415,
2.26914 0.392465,
2.26873 0.391648,
2.26832 0.390832,
2.26786 0.389887,
2.2674 0.388942,
2.26684 0.388032,
2.26628 0.387124,
2.26559 0.385969,
2.26494 0.3848,
2.26428 0.383632,
2.26392 0.382797,
2.26294 0.381297,
2.2622 0.380196,
2.26145 0.379096,
2.26064 0.377894,
2.26005 0.377118,
2.25946 0.376342,
2.25912 0.375758,
2.25815 0.374527,
2.25751 0.373569,
2.25695 0.372734,
2.25641 0.371898,
2.25582 0.371107,
2.25492 0.370125,
2.25451 0.369456,
2.25384 0.368665,
2.25316 0.367873,
2.25275 0.367271,
2.25216 0.366568,
2.25156 0.365864,
2.25082 0.36501,
2.2501 0.364157,
2.24956 0.363265,
2.2486 0.362045,
2.24792 0.361113,
2.24723 0.360183,
2.24659 0.359393,
2.24577 0.358791,
2.24496 0.358189,
2.24436 0.357658,
2.2435 0.357017,
2.24265 0.356375,
2.24149 0.355601,
2.24034 0.35485,
2.23919 0.354101,
2.2384 0.353554,
2.23745 0.352912,
2.23648 0.35227,
2.23524 0.351429,
2.23398 0.350586,
2.2326 0.349669,
2.23176 0.349248,
2.23092 0.348826,
2.22945 0.348121,
2.22855 0.347608,
2.22789 0.34736,
2.22641 0.346998,
2.2254 0.346735,
2.22371 0.34624,
2.22204 0.345687,
2.22112 0.345512,
2.22018 0.345336,
2.21848 0.345048,
2.21744 0.344753,
2.216 0.344633,
2.21516 0.344377,
2.21344 0.34418,
2.21277 0.343983,
2.21188 0.343852,
2.21097 0.343849,
2.21005 0.343844,
2.20828 0.343859,
2.20733 0.343867,
2.20639 0.343874,
2.20544 0.343864,
2.20429 0.343872,
2.20316 0.34388,
2.20218 0.343862,
2.20047 0.343857,
2.19908 0.343851,
2.19768 0.343842,
2.19691 0.343885,
2.19611 0.344047,
2.19512 0.34451,
2.19414 0.344972,
2.19322 0.345423,
2.19229 0.345874,
2.19145 0.346291,
2.19061 0.346709,
2.18956 0.34728,
2.18897 0.347754,
2.18801 0.348703,
2.18705 0.349655,
2.18633 0.350607,
2.18578 0.351867,
2.18535 0.352549,
2.18441 0.35373,
2.18348 0.354909,
2.18294 0.355418,
2.18245 0.356033,
2.18194 0.356956,
2.18145 0.357879,
2.18087 0.358312,
2.18038 0.358816,
2.17977 0.35965,
2.17931 0.360536,
2.17887 0.361422,
2.17853 0.362171,
2.17826 0.363178,
2.17779 0.364697,
2.17735 0.365333,
2.17697 0.36605,
2.17671 0.366999,
2.17643 0.367949,
2.176 0.368905,
2.1758 0.369733,
2.17576 0.370829,
2.17574 0.372626,
2.17513 0.374013,
2.17494 0.375012,
2.17492 0.375932,
2.17492 0.376851,
2.17492 0.378099,
2.1749 0.379327,
2.1749 0.380555,
2.17494 0.381767,
2.17495 0.382981,
2.17494 0.384801,
2.17492 0.386197,
2.1749 0.387593,
2.17492 0.389142,
2.17495 0.390181,
2.17523 0.391352,
2.17572 0.392801,
2.17582 0.393782,
2.17615 0.394905,
2.17658 0.396322,
2.17656 0.397301,
2.17679 0.398477,
2.17684 0.39967,
2.17648 0.400652,
2.17612 0.401634,
2.17525 0.402528,
2.17469 0.403391,
2.17434 0.404373,
2.17364 0.405403,
2.17293 0.406435,
2.17246 0.407333,
2.172 0.408232,
2.17146 0.409149,
2.17093 0.410064,
2.17026 0.410805,
2.1698 0.411702,
2.16933 0.412598,
2.16854 0.414195,
2.16801 0.415081,
2.16749 0.415965,
2.16628 0.417221,
2.16547 0.418018,
2.16477 0.419115,
2.16406 0.420214,
2.16355 0.420855,
2.16313 0.421592,
2.16252 0.422841,
2.16216 0.423591,
2.16185 0.424578,
2.16155 0.425565,
2.16109 0.426813,
2.16096 0.427745,
2.16081 0.428676,
2.1604 0.429631,
2.16011 0.430577,
2.15981 0.431525,
2.15955 0.432211,
2.15939 0.432924,
2.15888 0.434239,
2.1586 0.435169,
2.15835 0.436891,
2.15768 0.438265,
2.15719 0.439305,
2.15686 0.440332,
2.15653 0.44136,
2.15621 0.442277,
2.15608 0.442972,
2.15585 0.444369,
2.1555 0.445153,
2.15526 0.446303,
2.15512 0.447413,
2.15486 0.448427,
2.15462 0.44944,
2.15425 0.450006,
2.15396 0.450638,
2.1537 0.451517,
2.15324 0.452578,
2.15278 0.45364,
2.1522 0.454293,
2.15166 0.455205,
2.15112 0.456117,
2.15043 0.456925,
2.14974 0.457986,
2.14906 0.459046,
2.1481 0.459969,
2.14728 0.460796,
2.14645 0.461624,
2.14561 0.462465,
2.14482 0.463256,
2.14404 0.464046,
2.14296 0.465094,
2.14236 0.465768,
2.14176 0.466755,
2.14118 0.467518,
2.14059 0.468279,
2.14004 0.468889,
2.1394 0.469914,
2.13876 0.470939,
2.1382 0.47161,
2.13774 0.472389,
2.13735 0.473394,
2.13681 0.474229,
2.13626 0.475062,
2.13574 0.475693,
2.1353 0.476423,
2.13457 0.477901,
2.1343 0.478911,
2.13402 0.47992,
2.13357 0.480781,
2.13315 0.48164,
2.13262 0.482654,
2.1323 0.483692,
2.13193 0.484666,
2.13157 0.48564,
2.1311 0.486506,
2.13074 0.487577,
2.1307 0.488577,
2.13066 0.489681,
2.13061 0.490785,
2.13026 0.491433,
2.12998 0.492249,
2.12984 0.493102,
2.12969 0.494216,
2.12954 0.495329,
2.12911 0.496517,
2.12898 0.497691,
2.12898 0.498934,
2.12898 0.500074,
2.12902 0.500995,
2.12903 0.501917,
2.12898 0.502678,
2.12898 0.504146,
2.12898 0.505522,
2.129 0.506753,
2.12902 0.508028,
2.12903 0.5093,
2.12902 0.51044,
2.12898 0.51158,
2.12898 0.512797,
2.12898 0.514014,
2.12908 0.515208,
2.12929 0.51596,
2.12985 0.517541,
2.12982 0.518576,
2.12997 0.519555,
2.13036 0.520654,
2.13049 0.521817,
2.13056 0.522942,
2.13062 0.523908,
2.13067 0.524874,
2.13066 0.525851,
2.13066 0.527504,
2.13028 0.528661,
2.1299 0.529817,
2.12888 0.528508,
2.12839 0.527565,
2.128 0.527012,
2.12728 0.525917,
2.12657 0.524821,
2.12629 0.524096,
2.1259 0.523406,
2.12514 0.522497,
2.12418 0.521758,
2.12319 0.521102,
2.12221 0.520444,
2.12132 0.519895,
2.12026 0.5195,
2.11927 0.519352,
2.11829 0.519204,
2.11737 0.518794,
2.11631 0.518658,
2.11524 0.518522,
2.11412 0.51854,
2.11307 0.518935,
2.11206 0.519204,
2.11104 0.519473,
2.11006 0.519929,
2.10907 0.520385,
2.10824 0.520716,
2.1074 0.521235,
2.10668 0.52192,
2.10546 0.522522,
2.10425 0.523126,
2.10327 0.523731,
2.10214 0.524239,
2.10118 0.524652,
2.10023 0.524857,
2.09913 0.524966,
2.09804 0.525074,
2.09733 0.525164,
2.09663 0.525349,
2.09567 0.525682,
2.09472 0.526015,
2.0938 0.526361,
2.09284 0.526532,
2.09179 0.52662,
2.0907 0.526665,
2.08949 0.526686,
2.08829 0.526707,
2.08751 0.526801,
2.08674 0.527006,
2.08521 0.52779,
2.08426 0.52807,
2.08332 0.528351,
2.08254 0.528451,
2.08173 0.528677,
2.08042 0.528928,
2.07918 0.529044,
2.07798 0.529107,
2.07676 0.529156,
2.07557 0.529203,
2.07486 0.529338,
2.07417 0.529564,
2.07327 0.530035,
2.07244 0.530647,
2.0716 0.531257,
2.0708 0.531791,
2.06999 0.532326,
2.06938 0.5332,
2.06876 0.534073,
2.06814 0.535321,
2.06733 0.536916,
2.06689 0.538004,
2.06678 0.539165,
2.0666 0.540195,
2.0663 0.541244,
2.06602 0.542296,
2.06588 0.542997,
2.06586 0.544259,
2.06586 0.545331,
2.06586 0.546332,
2.06584 0.547398,
2.06586 0.548596,
2.06586 0.549794,
2.06584 0.551202,
2.06584 0.552609,
2.06599 0.55391,
2.06625 0.55476,
2.06688 0.556045,
2.06752 0.557331,
2.06771 0.558366,
2.06807 0.559353,
2.06842 0.56034,
2.06866 0.561187,
2.06916 0.562177,
2.06981 0.563117,
2.07032 0.564053,
2.07083 0.56499,
2.07107 0.565998,
2.07155 0.566955,
2.07201 0.567909,
2.07234 0.56858,
2.07276 0.569198,
2.07352 0.569975,
2.07411 0.570828,
2.0747 0.571679,
2.07535 0.572545,
2.07601 0.573413,
2.07644 0.574276,
2.07686 0.57514,
2.07719 0.57585,
2.07763 0.576504,
2.07819 0.577323,
2.07875 0.578141,
2.07941 0.579138,
2.08014 0.579914,
2.08073 0.580758,
2.08131 0.581603,
2.08239 0.582841,
2.08293 0.583522,
2.08398 0.584558,
2.0846 0.58507,
2.08618 0.585834,
2.08703 0.586341,
2.08829 0.586751,
2.08957 0.586784,
2.09087 0.586815,
2.09144 0.586733,
2.09172 0.586638,
2.09321 0.586753,
2.09428 0.586802,
2.09536 0.586826,
2.09631 0.586838,
2.09772 0.586848,
2.09899 0.586836,
2.10023 0.586825,
2.10155 0.586835,
2.10273 0.586844,
2.10369 0.586848,
2.1054 0.586846,
2.10635 0.586826,
2.10727 0.586648,
2.10817 0.58621,
2.10909 0.58577,
2.11004 0.58549,
2.11101 0.585208,
2.1117 0.585121,
2.1124 0.58494,
2.11401 0.584329,
2.11514 0.584017,
2.11647 0.583509,
2.11732 0.583297,
2.1189 0.582692,
2.11959 0.582539,
2.12045 0.58221,
"/>
<Contour name="CristaeMembrane" hidden="false" closed="true" simplified="true" border="1 0 0" fill="1 0 0" mode="11"
points="2.16449 0.512183,
2.16493 0.511349,
2.16524 0.51032,
2.16534 0.509638,
2.16549 0.508575,
2.16562 0.507513,
2.1659 0.506545,
2.16603 0.505576,
2.16611 0.504569,
2.16614 0.503487,
2.16618 0.502404,
2.16618 0.501345,
2.16618 0.500369,
2.16618 0.499408,
2.16618 0.498453,
2.16616 0.49736,
2.16614 0.496264,
2.16588 0.495155,
2.16562 0.494517,
2.16528 0.493917,
2.16459 0.493053,
2.16372 0.492348,
2.16283 0.491877,
2.1619 0.491574,
2.16118 0.491462,
2.15972 0.491444,
2.15863 0.4917,
2.15757 0.491956,
2.15627 0.49263,
2.15562 0.492936,
2.15499 0.493327,
2.15394 0.494332,
2.15291 0.495337,
2.15237 0.495906,
2.15191 0.496546,
2.15109 0.498114,
2.15029 0.498773,
2.14953 0.499695,
2.14901 0.500712,
2.14848 0.501728,
2.14817 0.502419,
2.14791 0.503314,
2.14765 0.504208,
2.1472 0.505371,
2.14712 0.506727,
2.14707 0.507939,
2.14702 0.509151,
2.14704 0.510304,
2.14706 0.511455,
2.1472 0.512274,
2.14788 0.514776,
2.14807 0.515695,
2.14794 0.517669,
2.14825 0.518696,
2.14876 0.519644,
2.14945 0.520474,
2.15027 0.521154,
2.15122 0.521661,
2.15225 0.521973,
2.15334 0.522022,
2.15442 0.522037,
2.1555 0.522051,
2.15637 0.521892,
2.15721 0.521592,
2.15808 0.52111,
2.15955 0.52039,
2.16031 0.519718,
2.16106 0.519045,
2.16196 0.518014,
2.16245 0.517069,
2.16295 0.516123,
2.16337 0.515278,
2.1638 0.514435,
2.16413 0.513774,
"/>
</Transform>

</Section>
