<?xml version="1.0"?>
<!DOCTYPE Section SYSTEM "section.dtd">

<Section index="690" thickness="0.00164" alignLocked="true">
<Transform dim="0"
 xcoef=" 0 1 0 0 0 0"
 ycoef=" 0 0 1 0 0 0">
<Contour name="OuterMembrane" hidden="false" closed="true" simplified="true" border="1 0 0" fill="1 0 0" mode="11"
points="2.00008 0.54276,
1.99964 0.542415,
2.00167 0.54451,
2.00613 0.547929,
2.01041 0.551837,
2.01471 0.555747,
2.01902 0.560178,
2.02402 0.562576,
2.02843 0.564667,
2.03663 0.568788,
2.04169 0.570586,
2.04674 0.572383,
2.05335 0.572745,
2.05869 0.572936,
2.06594 0.573016,
2.07225 0.573057,
2.07865 0.573091,
2.08378 0.573105,
2.09305 0.573123,
2.0979 0.572647,
2.1036 0.570892,
2.10824 0.569411,
2.11288 0.567929,
2.11873 0.564644,
2.12377 0.561134,
2.1288 0.557623,
2.13279 0.552749,
2.13676 0.547875,
2.13954 0.542487,
2.14195 0.537764,
2.14432 0.533084,
2.14669 0.528403,
2.14835 0.52285,
2.1505 0.517354,
2.15265 0.511859,
2.15381 0.506745,
2.15499 0.501632,
2.15589 0.495524,
2.15634 0.489363,
2.15658 0.484412,
2.15681 0.47559,
2.15637 0.471093,
2.15516 0.466099,
2.15339 0.460519,
2.1516 0.454938,
2.14947 0.449868,
2.14732 0.444799,
2.14251 0.436563,
2.13869 0.431779,
2.13548 0.427988,
2.12944 0.421368,
2.12328 0.416913,
2.11717 0.412409,
2.11283 0.408611,
2.10966 0.406658,
2.10378 0.404481,
2.09833 0.402615,
2.09253 0.401493,
2.0867 0.400372,
2.08172 0.400181,
2.07449 0.400112,
2.06725 0.400042,
2.0623 0.401092,
2.0559 0.402463,
2.04952 0.403834,
2.04482 0.405546,
2.04011 0.40726,
2.03432 0.40971,
2.02958 0.411914,
2.02484 0.414118,
2.01923 0.418628,
2.01463 0.423248,
2.01002 0.427869,
2.00647 0.433158,
2.00288 0.438482,
1.99931 0.443807,
1.9967 0.449362,
1.99429 0.454354,
1.99007 0.462587,
1.98724 0.469174,
1.98438 0.475761,
1.98347 0.48207,
1.98302 0.487369,
1.98278 0.492289,
1.98268 0.497387,
1.98273 0.502896,
1.98348 0.508841,
1.98422 0.514785,
1.98522 0.518438,
1.98865 0.525838,
1.99114 0.530123,
1.99413 0.534601,
1.99711 0.539079,
"/>
</Transform>

</Section>
