<?xml version="1.0"?>
<!DOCTYPE Section SYSTEM "section.dtd">

<Section index="674" thickness="0.00164" alignLocked="true">
<Transform dim="0"
 xcoef=" 0 1 0 0 0 0"
 ycoef=" 0 0 1 0 0 0">
<Contour name="OuterMembrane" hidden="false" closed="true" simplified="true" border="1 0 0" fill="1 0 0" mode="11"
points="1.9948 0.556131,
1.99468 0.556012,
2.00141 0.565826,
2.00351 0.569395,
2.0059 0.572773,
2.01148 0.578892,
2.01677 0.583384,
2.02266 0.587077,
2.03048 0.591815,
2.03931 0.59655,
2.04806 0.601409,
2.05343 0.603512,
2.06409 0.606395,
2.06942 0.606957,
2.07898 0.606877,
2.09462 0.606265,
2.10056 0.604822,
2.11498 0.598334,
2.12131 0.594443,
2.13292 0.583702,
2.13956 0.576631,
2.14499 0.569036,
2.15101 0.560026,
2.15444 0.555712,
2.16047 0.546607,
2.166 0.537116,
2.1692 0.529276,
2.17464 0.516923,
2.1784 0.502278,
2.18049 0.49252,
2.18373 0.477133,
2.18487 0.466841,
2.18525 0.456906,
2.1843 0.446895,
2.18094 0.433416,
2.17974 0.428793,
2.1781 0.424307,
2.17598 0.419919,
2.17118 0.411489,
2.16895 0.407934,
2.16636 0.404517,
2.16085 0.397082,
2.15055 0.385897,
2.14497 0.379739,
2.13915 0.373764,
2.13397 0.369541,
2.12826 0.366066,
2.12041 0.362689,
2.10779 0.358271,
2.09831 0.357823,
2.08916 0.35764,
2.07941 0.357571,
2.06481 0.357448,
2.05979 0.358099,
2.05061 0.36059,
2.04592 0.361853,
2.03677 0.36509,
2.02752 0.368021,
2.019 0.370822,
2.01038 0.374087,
2.00436 0.377503,
1.99271 0.386719,
1.98996 0.38988,
1.98747 0.393282,
1.97994 0.405756,
1.97454 0.414394,
1.97174 0.418677,
1.96938 0.423233,
1.9658 0.434382,
1.96436 0.442625,
1.96331 0.453145,
1.96308 0.461676,
1.96379 0.473043,
1.96465 0.481827,
1.96552 0.490611,
1.96772 0.501617,
1.9693 0.506545,
1.97305 0.514822,
1.97645 0.522417,
1.9805 0.531276,
1.98255 0.535786,
1.98758 0.544664,
1.98975 0.548219,
"/>
<Contour name="InnerMembrane" hidden="false" closed="true" simplified="true" border="1 0 0" fill="1 0 0" mode="11"
points="2.04938 0.571146,
2.04918 0.571148,
2.04969 0.57121,
2.06117 0.5709,
2.06445 0.570184,
2.06955 0.568162,
2.07401 0.566151,
2.07819 0.56394,
2.08257 0.561605,
2.08747 0.559643,
2.09261 0.558208,
2.09812 0.556985,
2.10355 0.555765,
2.10907 0.554505,
2.1146 0.553244,
2.12034 0.550935,
2.12608 0.548624,
2.12915 0.546804,
2.13374 0.543035,
2.13738 0.539829,
2.14174 0.534773,
2.1465 0.53005,
2.14881 0.525536,
2.15129 0.521244,
2.15365 0.51682,
2.15565 0.51228,
2.15753 0.507808,
2.15917 0.502999,
2.1606 0.497712,
2.16203 0.492425,
2.16282 0.48677,
2.16364 0.481002,
2.16401 0.4755,
2.16429 0.469968,
2.16446 0.464322,
2.1646 0.458677,
2.16459 0.452948,
2.16264 0.447356,
2.1604 0.441932,
2.15819 0.437437,
2.15596 0.43294,
2.15412 0.428827,
2.15217 0.42473,
2.14935 0.419909,
2.14615 0.4151,
2.14243 0.410407,
2.13871 0.405713,
2.1342 0.402681,
2.12993 0.399652,
2.12559 0.396675,
2.12127 0.394064,
2.1169 0.391647,
2.11253 0.389047,
2.10815 0.386448,
2.10304 0.384229,
2.09782 0.382448,
2.09262 0.380667,
2.08726 0.380329,
2.08275 0.38016,
2.07711 0.380073,
2.07147 0.379988,
2.0677 0.380236,
2.06022 0.381185,
2.05295 0.382906,
2.04569 0.384495,
2.04236 0.385044,
2.03672 0.387271,
2.03107 0.389498,
2.02606 0.391635,
2.02032 0.395245,
2.01638 0.397857,
2.01231 0.400936,
2.0078 0.403711,
2.00331 0.406485,
2.00031 0.408098,
1.99755 0.410075,
1.99232 0.415168,
1.99019 0.417898,
1.98843 0.420881,
1.98656 0.426302,
1.9847 0.431723,
1.98248 0.436711,
1.98156 0.441542,
1.98063 0.446375,
1.98012 0.450866,
1.98033 0.455677,
1.98055 0.460487,
1.98086 0.465402,
1.98142 0.470283,
1.9815 0.475293,
1.98115 0.480663,
1.98142 0.486021,
1.9822 0.491533,
1.98335 0.49701,
1.98496 0.50226,
1.98676 0.508831,
1.98857 0.515404,
1.99021 0.521184,
1.99185 0.526963,
1.99472 0.531942,
1.99754 0.536141,
2.00082 0.540665,
2.00408 0.545188,
2.00784 0.549641,
2.01157 0.554092,
2.01686 0.557106,
2.02212 0.560121,
2.02686 0.562748,
2.03144 0.565172,
2.03603 0.567596,
2.04078 0.569766,
2.04567 0.570943,
"/>
</Transform>

</Section>
