<?xml version="1.0"?>
<!DOCTYPE Section SYSTEM "section.dtd">

<Section index="657" thickness="0.00164" alignLocked="true">
<Transform dim="0"
 xcoef=" 0 1 0 0 0 0"
 ycoef=" 0 0 1 0 0 0">
<Contour name="OuterMembrane" hidden="false" closed="true" simplified="true" border="1 0 0" fill="1 0 0" mode="11"
points="2.21115 0.429703,
2.20933 0.423373,
2.20767 0.41715,
2.2058 0.410943,
2.20393 0.404734,
2.20122 0.398333,
2.19798 0.391983,
2.19447 0.385989,
2.19035 0.3804,
2.18628 0.375629,
2.18209 0.37158,
2.17795 0.367552,
2.17344 0.363662,
2.16869 0.359265,
2.16444 0.355109,
2.16013 0.350848,
2.15629 0.347034,
2.14904 0.33981,
2.14374 0.336202,
2.13795 0.332799,
2.1321 0.32985,
2.12623 0.326903,
2.1196 0.325689,
2.1136 0.324789,
2.10789 0.324208,
2.10053 0.32392,
2.0943 0.323849,
2.08783 0.323808,
2.08121 0.32372,
2.07504 0.32422,
2.06888 0.324722,
2.0632 0.32563,
2.05748 0.326959,
2.05205 0.328487,
2.04683 0.330417,
2.04195 0.332581,
2.03667 0.335326,
2.03129 0.338609,
2.02629 0.341735,
2.0213 0.344861,
2.01451 0.350478,
2.00926 0.354711,
2.005 0.358466,
2.00075 0.36222,
1.99618 0.366223,
1.99162 0.370228,
1.98827 0.374701,
1.98466 0.379639,
1.98056 0.384711,
1.97641 0.390138,
1.97226 0.395565,
1.96698 0.403465,
1.96428 0.409237,
1.96155 0.41501,
1.96008 0.418872,
1.95913 0.422982,
1.95685 0.431179,
1.95549 0.437946,
1.95458 0.444087,
1.95358 0.449875,
1.95296 0.455858,
1.95258 0.461975,
1.95298 0.468835,
1.95337 0.475695,
1.95413 0.480212,
1.95544 0.488153,
1.95588 0.492394,
1.95711 0.497455,
1.95855 0.50274,
1.96021 0.508138,
1.96236 0.513748,
1.96428 0.519591,
1.96684 0.526453,
1.96907 0.532301,
1.9713 0.53815,
1.97436 0.543099,
1.97777 0.548878,
1.98035 0.553523,
1.98306 0.558143,
1.98596 0.562973,
1.98884 0.567802,
1.99191 0.57307,
1.99652 0.57994,
2.0005 0.585701,
2.00449 0.591464,
2.00749 0.596402,
2.01212 0.600645,
2.01672 0.604388,
2.02135 0.608128,
2.02588 0.610692,
2.03276 0.614085,
2.03945 0.617599,
2.04469 0.620302,
2.04936 0.622662,
2.05349 0.624742,
2.05336 0.624714,
2.05915 0.626416,
2.07124 0.628264,
2.07739 0.628645,
2.09008 0.626952,
2.09626 0.624282,
2.10246 0.621612,
2.10833 0.619074,
2.11421 0.616535,
2.11952 0.613934,
2.12501 0.610885,
2.13234 0.607243,
2.13845 0.604494,
2.14456 0.601744,
2.15186 0.597134,
2.15916 0.592522,
2.16528 0.588475,
2.17203 0.580757,
2.17533 0.575811,
2.17864 0.570864,
2.18259 0.565598,
2.18653 0.560331,
2.18951 0.554897,
2.19245 0.548708,
2.1954 0.542519,
2.19726 0.53608,
2.19913 0.529643,
2.20104 0.523075,
2.20295 0.516507,
2.204 0.510363,
2.20505 0.504221,
2.20593 0.497663,
2.20667 0.491024,
2.20724 0.484131,
2.2076 0.477068,
2.20793 0.471452,
2.20841 0.465699,
2.20924 0.459326,
2.21006 0.453198,
2.21062 0.447235,
2.21087 0.44139,
2.21111 0.435545,
"/>
<Contour name="InnerMembrane" hidden="false" closed="true" simplified="true" border="1 0 0" fill="1 0 0" mode="11"
points="2.07293 0.601975,
2.07294 0.601969,
2.07783 0.602441,
2.0827 0.602915,
2.08764 0.601821,
2.09262 0.601276,
2.09761 0.600732,
2.10238 0.599927,
2.10702 0.598839,
2.11168 0.597752,
2.11632 0.595782,
2.12127 0.593486,
2.12623 0.591189,
2.13236 0.588009,
2.1369 0.584393,
2.14113 0.580749,
2.14515 0.576893,
2.14892 0.572255,
2.15268 0.567619,
2.15608 0.562679,
2.15904 0.557648,
2.16203 0.552728,
2.16482 0.547484,
2.16762 0.54224,
2.17051 0.536852,
2.17218 0.532403,
2.17407 0.527655,
2.17623 0.52265,
2.1784 0.517643,
2.18004 0.511906,
2.18166 0.506168,
2.18312 0.500431,
2.18497 0.495244,
2.18663 0.490199,
2.18825 0.485064,
2.18974 0.479839,
2.19065 0.474309,
2.19134 0.468833,
2.19168 0.463275,
2.19183 0.457919,
2.19196 0.452691,
2.19197 0.447856,
2.19201 0.443021,
2.19097 0.438669,
2.18968 0.434131,
2.18799 0.429534,
2.18563 0.424798,
2.18328 0.420061,
2.18072 0.415492,
2.17753 0.411245,
2.17385 0.406705,
2.17054 0.402487,
2.16677 0.398277,
2.1626 0.394354,
2.15813 0.390659,
2.15365 0.386966,
2.1486 0.383768,
2.14261 0.381703,
2.13767 0.380339,
2.13274 0.378976,
2.12824 0.378389,
2.12221 0.377833,
2.11632 0.37698,
2.11081 0.376346,
2.10569 0.375986,
2.10076 0.375804,
2.09582 0.375719,
2.09067 0.375678,
2.08518 0.375676,
2.07965 0.375649,
2.07416 0.375435,
2.06827 0.37507,
2.06297 0.374797,
2.05768 0.374527,
2.05112 0.374596,
2.04474 0.374566,
2.03936 0.374597,
2.03396 0.374627,
2.02948 0.375688,
2.02501 0.376749,
2.02061 0.3779,
2.01622 0.379763,
2.0118 0.381626,
2.00756 0.384391,
2.00351 0.387516,
1.99959 0.39092,
1.99606 0.394728,
1.99253 0.398538,
1.98989 0.403061,
1.98724 0.407584,
1.98491 0.411912,
1.98314 0.416383,
1.98142 0.420794,
1.97971 0.425303,
1.97814 0.430142,
1.97658 0.435323,
1.97505 0.440174,
1.97392 0.444784,
1.97279 0.449396,
1.97172 0.453532,
1.97161 0.45992,
1.97148 0.466186,
1.97148 0.471215,
1.97146 0.476538,
1.97144 0.482027,
1.97141 0.487518,
1.97276 0.492761,
1.97474 0.497579,
1.97709 0.502206,
1.97969 0.506831,
1.98222 0.511575,
1.98479 0.516618,
1.9876 0.521054,
1.9904 0.525492,
1.99334 0.529725,
1.99606 0.534319,
1.99827 0.538781,
2.00024 0.543401,
2.00252 0.548577,
2.00474 0.553753,
2.00693 0.558928,
2.00948 0.563811,
2.01202 0.568691,
2.01531 0.573064,
2.01863 0.577434,
2.0226 0.580975,
2.02611 0.5853,
2.02981 0.58998,
2.03427 0.594367,
2.03872 0.598756,
2.04169 0.600945,
2.04493 0.602703,
2.052 0.604802,
2.05736 0.604903,
2.06274 0.605003,
2.0664 0.604419,
2.06976 0.603407,
"/>
<Contour name="CristaeMembrane" hidden="false" closed="true" simplified="true" border="1 0 0" fill="1 0 0" mode="11"
points="2.07134 0.569021,
2.07027 0.56846,
2.06914 0.568271,
2.06806 0.568165,
2.06697 0.568057,
2.0651 0.56804,
2.06381 0.568037,
2.06278 0.568037,
2.06109 0.568042,
2.05941 0.568044,
2.05813 0.56804,
2.05697 0.568035,
2.05579 0.568037,
2.05467 0.568037,
2.05331 0.568037,
2.05218 0.568037,
2.05105 0.568035,
2.05015 0.568068,
2.04903 0.568303,
2.04784 0.568859,
2.04664 0.569415,
2.04597 0.569785,
2.04536 0.570238,
2.04431 0.571084,
2.04326 0.571929,
2.04198 0.573,
2.04108 0.573644,
2.04019 0.574289,
2.03893 0.575041,
2.0378 0.576143,
2.03677 0.576944,
2.03573 0.577744,
2.03475 0.57854,
2.03388 0.579333,
2.03294 0.579938,
2.03203 0.580544,
2.03088 0.58099,
2.02932 0.581974,
2.02832 0.582088,
2.02696 0.582539,
2.02607 0.583077,
2.02428 0.583633,
2.0232 0.58365,
2.02212 0.583666,
2.02133 0.583829,
2.01953 0.58447,
2.0185 0.584501,
2.01748 0.584532,
2.01656 0.584434,
2.01458 0.584466,
2.01354 0.584496,
2.01251 0.584524,
2.01176 0.584437,
2.01074 0.584434,
2.00974 0.58443,
2.00823 0.584494,
2.0071 0.584509,
2.00595 0.584524,
2.00513 0.584435,
2.00413 0.584453,
2.00313 0.58447,
2.00187 0.584466,
2.00062 0.584465,
1.99936 0.584463,
1.99847 0.584626,
1.99745 0.585091,
1.99645 0.585559,
1.9954 0.586051,
1.99444 0.58653,
1.99347 0.587007,
1.99226 0.587464,
1.99103 0.587922,
1.99016 0.588237,
1.98911 0.58886,
1.98806 0.589483,
1.98734 0.589882,
1.98648 0.590395,
1.9855 0.591028,
1.98451 0.591661,
1.98294 0.592676,
1.98191 0.593477,
1.98137 0.594077,
1.98051 0.595346,
1.97966 0.596617,
1.97892 0.597869,
1.97864 0.598684,
1.97805 0.60045,
1.97773 0.601509,
1.97769 0.602569,
1.97766 0.60363,
1.97751 0.604921,
1.9773 0.606164,
1.97709 0.607405,
1.97691 0.60813,
1.97681 0.608901,
1.97679 0.609923,
1.97679 0.611112,
1.97679 0.612302,
1.97689 0.61396,
1.97679 0.61502,
1.97694 0.616297,
1.97717 0.617096,
1.97763 0.618762,
1.97782 0.619889,
1.97809 0.620622,
1.97861 0.622211,
1.97896 0.623195,
1.97966 0.624376,
1.98019 0.624971,
1.98114 0.62594,
1.98209 0.626911,
1.98273 0.62802,
1.98337 0.629129,
1.98437 0.630623,
1.98524 0.63158,
1.98612 0.63254,
1.98745 0.633873,
1.9885 0.634657,
1.98942 0.635288,
1.99034 0.63592,
1.99116 0.63651,
1.99235 0.637112,
1.99335 0.637607,
1.99426 0.638113,
1.99521 0.638693,
1.99616 0.639272,
1.99678 0.639716,
1.99839 0.640518,
1.99955 0.641142,
2.00072 0.641763,
2.00154 0.642331,
2.00236 0.642898,
2.00301 0.643283,
2.00375 0.643593,
2.00474 0.643785,
2.00572 0.643977,
2.00675 0.644185,
2.00779 0.644395,
2.00951 0.644832,
2.01079 0.645155,
2.01189 0.645435,
2.01299 0.645716,
2.0142 0.646014,
2.01522 0.646309,
2.01622 0.646604,
2.01733 0.646957,
2.01846 0.647308,
2.01925 0.647664,
2.02033 0.647956,
2.02143 0.648248,
2.02287 0.648628,
2.02432 0.64901,
2.02501 0.649314,
2.02681 0.64985,
2.02801 0.650301,
2.02893 0.650462,
2.03007 0.650475,
2.03183 0.650719,
2.03353 0.65157,
2.03473 0.651921,
2.03593 0.652272,
2.03773 0.652731,
2.03908 0.653041,
2.04042 0.653351,
2.04114 0.653583,
2.0419 0.653727,
2.04292 0.653743,
2.04408 0.653738,
2.04526 0.653735,
2.04687 0.65373,
2.04798 0.65375,
2.04911 0.65377,
2.05041 0.653745,
2.05169 0.65372,
2.05284 0.653758,
2.05438 0.653745,
2.05543 0.653747,
2.05648 0.653748,
2.05805 0.653691,
2.05915 0.653668,
2.06027 0.653645,
2.06104 0.653753,
2.06205 0.653761,
2.06325 0.653761,
2.06445 0.653761,
2.06555 0.653763,
2.06663 0.653765,
2.06742 0.653683,
2.06822 0.653484,
2.06912 0.653046,
2.07002 0.652608,
2.07099 0.652141,
2.07198 0.651672,
2.07363 0.65127,
2.07485 0.651003,
2.0756 0.650695,
2.07631 0.650285,
2.07711 0.649627,
2.07786 0.648776,
2.07883 0.648071,
2.0798 0.647365,
2.08057 0.64689,
2.08136 0.646196,
2.08195 0.645379,
2.08254 0.644563,
2.08346 0.643211,
2.08392 0.642313,
2.08439 0.641414,
2.08528 0.639685,
2.08565 0.639051,
2.08633 0.637666,
2.087 0.636282,
2.08762 0.634969,
2.08777 0.633908,
2.08792 0.632845,
2.08834 0.631976,
2.08862 0.631051,
2.08877 0.629232,
2.08875 0.628087,
2.08872 0.626777,
2.08869 0.625468,
2.08846 0.624586,
2.08793 0.622682,
2.08769 0.621476,
2.08744 0.620771,
2.08669 0.619302,
2.08626 0.618464,
2.08544 0.617527,
2.08475 0.616778,
2.08405 0.616028,
2.08301 0.615059,
2.08198 0.61409,
2.08126 0.613286,
2.08052 0.612483,
2.07993 0.611946,
2.07927 0.611494,
2.07768 0.61071,
2.0768 0.610128,
2.0759 0.609545,
2.07486 0.608863,
2.07348 0.608365,
2.0728 0.607513,
2.07209 0.606662,
2.07183 0.605358,
2.07176 0.604165,
2.07171 0.602969,
2.07276 0.601434,
2.07334 0.600479,
2.07414 0.599481,
2.07494 0.598589,
2.07581 0.597654,
2.0767 0.596721,
2.07717 0.596074,
2.07811 0.594508,
2.0788 0.593624,
2.07941 0.592445,
2.0799 0.591528,
2.08037 0.59061,
2.08105 0.589837,
2.08157 0.588991,
2.08195 0.588068,
2.08216 0.587031,
2.08218 0.585544,
2.08219 0.584099,
2.08219 0.582654,
2.08221 0.581298,
2.08221 0.580007,
2.08221 0.578717,
2.08211 0.577828,
2.08178 0.576719,
2.08123 0.575642,
2.08078 0.575038,
2.07996 0.574225,
2.07914 0.573411,
2.0785 0.572767,
2.07778 0.572226,
2.07686 0.571755,
2.0756 0.571535,
2.07435 0.571315,
2.0733 0.570832,
2.07203 0.570533,
2.07012 0.570156,
2.06912 0.569503,
2.06799 0.569067,
2.07037 0.569339,
"/>
<Contour name="CristaeMembrane" hidden="false" closed="true" simplified="true" border="1 0 0" fill="1 0 0" mode="11"
points="2.14179 0.523062,
2.14105 0.52223,
2.14031 0.521399,
2.13935 0.520752,
2.13838 0.520105,
2.13725 0.519906,
2.1361 0.519708,
2.13495 0.51968,
2.1338 0.519485,
2.13266 0.519291,
2.13125 0.518896,
2.13036 0.51883,
2.12928 0.518834,
2.12801 0.518844,
2.12677 0.518852,
2.12482 0.518917,
2.12354 0.518835,
2.12275 0.518924,
2.12191 0.519137,
2.12078 0.519513,
2.11967 0.51989,
2.11888 0.520183,
2.11811 0.520595,
2.11722 0.52123,
2.11632 0.521864,
2.11527 0.522502,
2.11406 0.523416,
2.11324 0.523844,
2.11227 0.524351,
2.1113 0.524859,
2.11055 0.525159,
2.10981 0.525586,
2.10899 0.52633,
2.10796 0.527063,
2.10694 0.527796,
2.10617 0.528301,
2.10533 0.529133,
2.10432 0.53012,
2.1034 0.530891,
2.10238 0.531581,
2.10136 0.532272,
2.1005 0.532647,
2.09971 0.533157,
2.09882 0.534025,
2.09794 0.534894,
2.09679 0.535806,
2.09564 0.536716,
2.09495 0.53713,
2.09343 0.538237,
2.09241 0.538835,
2.09177 0.53937,
2.09118 0.540036,
2.09061 0.540972,
2.08995 0.541826,
2.08928 0.542679,
2.08846 0.54369,
2.08792 0.544718,
2.08742 0.545759,
2.08693 0.546801,
2.08639 0.547737,
2.08605 0.548824,
2.0857 0.549913,
2.08529 0.55095,
2.08516 0.552031,
2.0851 0.553162,
2.08506 0.554369,
2.08505 0.555578,
2.08508 0.556667,
2.08533 0.55779,
2.08564 0.558576,
2.08615 0.559424,
2.08738 0.56076,
2.08795 0.56132,
2.08916 0.562018,
2.09038 0.562715,
2.09143 0.563214,
2.09269 0.563388,
2.09372 0.563473,
2.09507 0.563517,
2.09641 0.563561,
2.09741 0.563565,
2.09851 0.56356,
2.09974 0.563545,
2.10097 0.563529,
2.10268 0.563537,
2.10391 0.563552,
2.10491 0.56356,
2.10671 0.56353,
2.10779 0.563548,
2.10966 0.563566,
2.11122 0.56356,
2.1124 0.563558,
2.11345 0.563561,
2.11453 0.563565,
2.11576 0.563565,
2.11686 0.563566,
2.11795 0.563568,
2.11899 0.563496,
2.12034 0.563117,
2.1217 0.562738,
2.12272 0.562591,
2.12382 0.562215,
2.12506 0.561447,
2.12621 0.560818,
2.12736 0.560188,
2.12852 0.559844,
2.12997 0.559099,
2.13092 0.558653,
2.1319 0.5578,
2.1329 0.556947,
2.13346 0.556303,
2.13453 0.555266,
2.13571 0.554432,
2.13687 0.553597,
2.13769 0.55287,
2.13861 0.552008,
2.13951 0.551145,
2.1401 0.550459,
2.14066 0.549546,
2.14133 0.548698,
2.14199 0.54785,
2.14273 0.546932,
2.14327 0.54591,
2.14384 0.544752,
2.14441 0.543593,
2.14482 0.542812,
2.14515 0.541769,
2.14546 0.540724,
2.14587 0.539763,
2.14612 0.538745,
2.14628 0.537508,
2.14646 0.536272,
2.14686 0.535094,
2.14692 0.533746,
2.14699 0.532398,
2.14691 0.531176,
2.1465 0.52982,
2.14599 0.528774,
2.14543 0.52767,
2.14487 0.526568,
2.14455 0.525896,
2.14343 0.524675,
2.14235 0.52348,
2.14296 0.524042,
2.14241 0.523514,
"/>
</Transform>

</Section>
