<?xml version="1.0"?>
<!DOCTYPE Section SYSTEM "section.dtd">

<Section index="610" thickness="0.00164" alignLocked="true">
<Transform dim="0"
 xcoef=" 0 1 0 0 0 0"
 ycoef=" 0 0 1 0 0 0">
<Contour name="OuterMembrane" hidden="false" closed="true" simplified="true" border="1 0 0" fill="1 0 0" mode="11"
points="2.08726 0.608765,
2.0913 0.608766,
2.09535 0.608766,
2.0995 0.608351,
2.10551 0.606146,
2.11109 0.604202,
2.11667 0.60226,
2.12106 0.599894,
2.12521 0.597718,
2.12936 0.595543,
2.13341 0.593672,
2.13754 0.591733,
2.14256 0.589529,
2.14683 0.587345,
2.15086 0.58517,
2.15504 0.583317,
2.15922 0.581464,
2.16413 0.578225,
2.16874 0.574954,
2.17272 0.571648,
2.17651 0.568421,
2.17959 0.565561,
2.18266 0.562699,
2.1855 0.559112,
2.1892 0.554448,
2.19143 0.552406,
2.19417 0.547301,
2.19689 0.542194,
2.19827 0.537256,
2.19942 0.53207,
2.20016 0.527511,
2.20081 0.523127,
2.20147 0.518745,
2.20241 0.513927,
2.2029 0.509227,
2.20377 0.504639,
2.20462 0.499831,
2.20546 0.495347,
2.20605 0.491055,
2.20678 0.486811,
2.20739 0.482342,
2.20798 0.477871,
2.2088 0.473665,
2.20877 0.469253,
2.20875 0.464842,
2.20862 0.4604,
2.20847 0.455959,
2.20819 0.451625,
2.20764 0.447466,
2.20714 0.443305,
2.20659 0.439089,
2.20601 0.434872,
2.20539 0.430347,
2.20449 0.425893,
2.20242 0.421716,
2.20054 0.417944,
2.19822 0.414144,
2.19609 0.410277,
2.19396 0.40641,
2.1917 0.402682,
2.18869 0.397967,
2.18573 0.393469,
2.18274 0.3889,
2.17976 0.385008,
2.17692 0.381285,
2.17408 0.377564,
2.17062 0.372826,
2.16769 0.369184,
2.16488 0.366033,
2.15981 0.360647,
2.15478 0.357069,
2.15011 0.35423,
2.1456 0.35169,
2.14094 0.349648,
2.13603 0.348146,
2.13157 0.347113,
2.12682 0.346458,
2.12206 0.345804,
2.11788 0.34535,
2.11268 0.34513,
2.10747 0.344908,
2.10271 0.345215,
2.09851 0.346745,
2.09436 0.348746,
2.09038 0.351114,
2.08659 0.353607,
2.08264 0.356083,
2.07847 0.358893,
2.07453 0.361959,
2.07065 0.365174,
2.06707 0.368175,
2.06371 0.371143,
2.06079 0.373869,
2.05807 0.376895,
2.05535 0.379922,
2.05018 0.385206,
2.04631 0.389282,
2.04242 0.393357,
2.03952 0.395742,
2.03688 0.398914,
2.03404 0.401662,
2.03121 0.404411,
2.02663 0.408153,
2.02186 0.411573,
2.01835 0.41397,
2.01484 0.416368,
2.0098 0.419235,
2.00621 0.422257,
2.0027 0.425088,
1.99921 0.427919,
1.99622 0.430456,
1.99198 0.434469,
1.9883 0.438046,
1.98515 0.441639,
1.98199 0.445232,
1.97994 0.448824,
1.97789 0.452417,
1.97638 0.456942,
1.97487 0.461466,
1.97369 0.466418,
1.97253 0.47137,
1.97197 0.474252,
1.97172 0.480322,
1.97108 0.484223,
1.97067 0.488605,
1.97049 0.493305,
1.97031 0.498043,
1.97023 0.502079,
1.97026 0.50791,
1.97031 0.513741,
1.97182 0.518125,
1.97361 0.522225,
1.9754 0.526324,
1.97792 0.53042,
1.98058 0.534369,
1.98296 0.538366,
1.98556 0.542458,
1.98793 0.546253,
1.99029 0.550048,
1.99327 0.555063,
1.99678 0.559506,
2.00013 0.563493,
2.00329 0.56745,
2.00674 0.571381,
2.00977 0.574664,
2.01276 0.577756,
2.01613 0.580795,
2.01969 0.583766,
2.02325 0.586736,
2.02784 0.590487,
2.0317 0.593011,
2.03565 0.595522,
2.03985 0.597728,
2.04426 0.59983,
2.0492 0.601375,
2.05367 0.603149,
2.05815 0.604925,
2.06281 0.606534,
2.06707 0.607295,
2.07134 0.608056,
2.07727 0.608766,
2.08228 0.608766,
"/>
<Contour name="InnerMembrane" hidden="false" closed="true" simplified="true" border="1 0 0" fill="1 0 0" mode="11"
points="1.99511 0.490947,
1.99577 0.494662,
1.99716 0.498199,
1.99818 0.505661,
1.99834 0.509569,
1.99896 0.514004,
2.00057 0.517679,
2.00254 0.521417,
2.00449 0.525154,
2.00647 0.528247,
2.00908 0.53097,
2.01387 0.533958,
2.01692 0.53513,
2.02005 0.536057,
2.02319 0.536982,
2.02656 0.53841,
2.02996 0.540388,
2.03349 0.542548,
2.03699 0.544708,
2.04057 0.546865,
2.04377 0.548741,
2.04703 0.551304,
2.0501 0.554202,
2.05276 0.557039,
2.05513 0.559688,
2.05753 0.562338,
2.05954 0.565064,
2.06209 0.568191,
2.06463 0.571317,
2.06733 0.573869,
2.07001 0.576467,
2.07266 0.579064,
2.07581 0.581195,
2.07913 0.582917,
2.08262 0.584501,
2.08629 0.585734,
2.08998 0.586636,
2.09369 0.587537,
2.09759 0.587328,
2.1015 0.58712,
2.10514 0.586799,
2.10824 0.585652,
2.11155 0.584138,
2.11511 0.582461,
2.11867 0.580783,
2.12218 0.578805,
2.12544 0.577296,
2.12857 0.575807,
2.13172 0.574272,
2.13494 0.572275,
2.13794 0.570374,
2.14092 0.568613,
2.14423 0.566389,
2.14742 0.564165,
2.1506 0.561943,
2.15368 0.559711,
2.15668 0.557315,
2.15947 0.554395,
2.16224 0.551478,
2.16465 0.548513,
2.16687 0.54581,
2.1692 0.54322,
2.17154 0.540631,
2.17352 0.537728,
2.17553 0.534824,
2.17708 0.531704,
2.17866 0.528538,
2.18002 0.525023,
2.18136 0.52151,
2.18292 0.517723,
2.18377 0.511869,
2.1843 0.507091,
2.18494 0.50469,
2.18512 0.50154,
2.1852 0.49735,
2.1856 0.493407,
2.18582 0.489735,
2.18623 0.485599,
2.18687 0.481725,
2.18727 0.477947,
2.18751 0.474193,
2.18763 0.470198,
2.18769 0.466982,
2.18801 0.462628,
2.18832 0.458273,
2.18856 0.454318,
2.18856 0.450459,
2.18858 0.447115,
2.18858 0.441165,
2.18766 0.435146,
2.18676 0.431213,
2.18587 0.427512,
2.18499 0.423809,
2.18373 0.420393,
2.18248 0.416977,
2.18128 0.413598,
2.18015 0.410317,
2.179 0.407035,
2.17708 0.403953,
2.17516 0.400872,
2.17351 0.398113,
2.17041 0.394841,
2.16729 0.391571,
2.16413 0.389305,
2.16073 0.387138,
2.15734 0.384972,
2.15381 0.382602,
2.1505 0.38152,
2.14451 0.379806,
2.13961 0.378861,
2.13544 0.378228,
2.13128 0.377594,
2.12765 0.377062,
2.12401 0.376323,
2.12036 0.375583,
2.1178 0.374984,
2.11309 0.374893,
2.10906 0.375225,
2.10502 0.37556,
2.10158 0.375862,
2.09902 0.376513,
2.0961 0.378081,
2.09285 0.379568,
2.08962 0.381056,
2.08674 0.382674,
2.08121 0.385615,
2.07842 0.38726,
2.07568 0.389817,
2.07122 0.39412,
2.06966 0.396104,
2.0676 0.399581,
2.06553 0.403056,
2.06343 0.406002,
2.06146 0.408778,
2.0595 0.411555,
2.05733 0.41452,
2.05469 0.417644,
2.05197 0.420075,
2.04926 0.421974,
2.04647 0.423837,
2.04364 0.425278,
2.0408 0.42672,
2.03596 0.429964,
2.03352 0.431399,
2.03012 0.434183,
2.02734 0.436673,
2.02489 0.439008,
2.02245 0.441337,
2.01991 0.443822,
2.01736 0.446162,
2.0144 0.448606,
2.01139 0.450893,
2.00839 0.453181,
2.00544 0.455554,
2.00293 0.458203,
2.00044 0.46085,
1.99834 0.463823,
1.99709 0.466462,
1.9966 0.470004,
1.99609 0.473548,
1.99603 0.477834,
1.99575 0.481314,
1.99547 0.484795,
"/>
<Contour name="CristaeMembrane" hidden="false" closed="true" simplified="true" border="1 0 0" fill="1 0 0" mode="11"
points="2.03706 0.519326,
2.03752 0.519493,
2.03831 0.519813,
2.03913 0.520019,
2.03993 0.520105,
2.04191 0.520034,
2.04311 0.519965,
2.04447 0.519481,
2.04588 0.519372,
2.04731 0.519262,
2.04815 0.519116,
2.04897 0.51885,
2.05013 0.518465,
2.05131 0.518078,
2.0522 0.517648,
2.05335 0.517289,
2.05448 0.51693,
2.05564 0.516831,
2.05682 0.516731,
2.05772 0.51649,
2.05879 0.515993,
2.06035 0.515224,
2.06133 0.515086,
2.06233 0.514949,
2.0635 0.514473,
2.06463 0.514112,
2.06578 0.51375,
2.06714 0.513887,
2.0685 0.514027,
2.06932 0.51425,
2.0706 0.514803,
2.07188 0.515354,
2.07258 0.515655,
2.0735 0.516224,
2.07442 0.516792,
2.07529 0.517399,
2.07621 0.517925,
2.07711 0.518566,
2.07801 0.519209,
2.07883 0.519888,
2.07967 0.520569,
2.08027 0.521512,
2.08075 0.522429,
2.08123 0.523347,
2.08198 0.524495,
2.08275 0.525641,
2.08342 0.526486,
2.08429 0.527475,
2.08515 0.528465,
2.0858 0.529367,
2.08634 0.530184,
2.08736 0.531157,
2.08836 0.532131,
2.08905 0.532864,
2.08974 0.533597,
2.09026 0.534138,
2.09102 0.534889,
2.09175 0.535642,
2.09241 0.536188,
2.09331 0.537315,
2.09421 0.538442,
2.09512 0.539675,
2.09587 0.541228,
2.09653 0.54262,
2.09704 0.543573,
2.09753 0.544526,
2.0982 0.545352,
2.09981 0.546215,
2.10143 0.547076,
2.10222 0.547165,
2.1035 0.547084,
2.10474 0.546809,
2.10599 0.546533,
2.10709 0.546182,
2.10819 0.545831,
2.1092 0.545512,
2.1102 0.54519,
2.11114 0.544762,
2.11196 0.544219,
2.11257 0.543658,
2.11339 0.542801,
2.11422 0.541945,
2.11508 0.541052,
2.11598 0.540047,
2.11676 0.539086,
2.11722 0.538163,
2.1177 0.537239,
2.11804 0.536331,
2.1184 0.535244,
2.11877 0.534156,
2.11908 0.532825,
2.11908 0.531581,
2.11906 0.530343,
2.11906 0.529103,
2.11901 0.527867,
2.11893 0.526647,
2.11857 0.525579,
2.11819 0.524438,
2.11781 0.523296,
2.11729 0.522301,
2.11693 0.521171,
2.11658 0.520041,
2.11586 0.519085,
2.11512 0.51813,
2.11432 0.517112,
2.11391 0.516439,
2.11306 0.515462,
2.11262 0.514414,
2.11219 0.513368,
2.11193 0.512139,
2.11175 0.510724,
2.11176 0.50964,
2.1118 0.508362,
2.11186 0.507073,
2.11199 0.505694,
2.11225 0.50463,
2.11276 0.50326,
2.1137 0.502701,
2.11475 0.50237,
2.11562 0.501901,
2.11627 0.501392,
2.11737 0.500682,
2.11847 0.499972,
2.11926 0.499226,
2.1206 0.497829,
2.12132 0.497035,
2.1219 0.496018,
2.12259 0.49516,
2.12329 0.494304,
2.12416 0.493355,
2.12508 0.492553,
2.1258 0.491862,
2.12641 0.49106,
2.12677 0.490375,
2.12723 0.489463,
2.12767 0.488551,
2.12811 0.486667,
2.12839 0.485704,
2.12869 0.484743,
2.12893 0.483297,
2.12908 0.482147,
2.12921 0.480996,
2.12947 0.47993,
2.12969 0.479028,
2.12977 0.47826,
2.12974 0.477516,
2.12977 0.476412,
2.12979 0.475308,
2.1298 0.474175,
2.12985 0.472873,
2.12993 0.471726,
2.13008 0.47047,
2.13041 0.468845,
2.13056 0.468076,
2.13059 0.467308,
2.13074 0.465801,
2.13087 0.464294,
2.13118 0.463308,
2.13134 0.462564,
2.13185 0.461463,
2.13234 0.460363,
2.13274 0.45948,
2.13297 0.458551,
2.13374 0.456748,
2.13425 0.455697,
2.13459 0.454516,
2.13469 0.453501,
2.13526 0.452223,
2.13582 0.450944,
2.13608 0.450237,
2.13631 0.448975,
2.13679 0.447292,
2.1373 0.446141,
2.13781 0.444989,
2.13795 0.443978,
2.13833 0.442946,
2.13869 0.441913,
2.1392 0.440884,
2.13949 0.439828,
2.13961 0.438969,
2.13994 0.437093,
2.14027 0.436001,
2.1404 0.435182,
2.14068 0.434182,
2.14095 0.433183,
2.14118 0.432168,
2.14125 0.431228,
2.14123 0.429969,
2.14122 0.428709,
2.14123 0.427648,
2.14113 0.426846,
2.14117 0.425805,
2.1412 0.424763,
2.14115 0.423719,
2.14112 0.422672,
2.14077 0.421593,
2.14058 0.420452,
2.1404 0.419309,
2.14035 0.418056,
2.14005 0.416944,
2.13964 0.416045,
2.13889 0.41453,
2.1382 0.413155,
2.13782 0.412491,
2.137 0.411486,
2.13613 0.410705,
2.13526 0.409923,
2.13453 0.409513,
2.13374 0.409211,
2.13295 0.409026,
2.13213 0.408952,
2.13107 0.408977,
2.13 0.409001,
2.12892 0.409052,
2.12777 0.409146,
2.12672 0.409296,
2.12583 0.409695,
2.12444 0.410167,
2.12305 0.410638,
2.12221 0.410807,
2.12088 0.411351,
2.12 0.411953,
2.11862 0.412886,
2.11798 0.413267,
2.11701 0.413787,
2.11604 0.414307,
2.1154 0.414869,
2.11491 0.415448,
2.11391 0.416048,
2.11291 0.41665,
2.11227 0.417193,
2.11173 0.417785,
2.11088 0.418643,
2.11004 0.419501,
2.10953 0.420288,
2.10878 0.42126,
2.10802 0.422231,
2.1073 0.423,
2.10658 0.423755,
2.10584 0.424553,
2.10507 0.425296,
2.10432 0.426038,
2.10356 0.427312,
2.10266 0.428543,
2.10158 0.429703,
2.101 0.430835,
2.10035 0.431717,
2.09968 0.432599,
2.09936 0.43328,
2.09854 0.434921,
2.09794 0.435714,
2.09733 0.436506,
2.09699 0.437188,
2.09613 0.438889,
2.09528 0.440619,
2.09503 0.441395,
2.09466 0.442505,
2.09428 0.443615,
2.09376 0.445273,
2.09348 0.446042,
2.09325 0.4472,
2.09325 0.449021,
2.09326 0.450826,
2.09326 0.452496,
2.09323 0.454301,
2.09325 0.45532,
2.09325 0.456338,
2.09326 0.457386,
2.09326 0.458931,
2.09313 0.459972,
2.093 0.461014,
2.09279 0.462029,
2.09233 0.462985,
2.09189 0.463887,
2.09118 0.465252,
2.09046 0.466616,
2.09018 0.467411,
2.08959 0.468299,
2.08898 0.469186,
2.08844 0.469914,
2.08783 0.471144,
2.08759 0.472084,
2.0869 0.473296,
2.08619 0.474509,
2.08506 0.475554,
2.08439 0.476402,
2.08362 0.477179,
2.08285 0.477957,
2.08173 0.478891,
2.08073 0.479402,
2.07973 0.479913,
2.07793 0.480509,
2.07658 0.481058,
2.07572 0.481663,
2.07481 0.482273,
2.07393 0.482882,
2.07296 0.483283,
2.07222 0.48368,
2.07058 0.484499,
2.06979 0.485097,
2.06838 0.485599,
2.06766 0.485924,
2.06617 0.486035,
2.06491 0.486221,
2.06389 0.486586,
2.06322 0.48695,
2.0622 0.487213,
2.06118 0.487475,
2.05982 0.48767,
2.05907 0.48772,
2.05789 0.487703,
2.05672 0.487687,
2.05554 0.487695,
2.05421 0.487711,
2.05246 0.487726,
2.05082 0.487726,
2.04918 0.487726,
2.04765 0.487672,
2.04633 0.487682,
2.04501 0.487692,
2.04355 0.487708,
2.04255 0.487739,
2.04137 0.487802,
2.04052 0.488049,
2.0398 0.488379,
2.03841 0.48853,
2.03703 0.488682,
2.03604 0.489028,
2.0344 0.489545,
2.03363 0.489822,
2.03263 0.490393,
2.03106 0.491205,
2.03032 0.491478,
2.02966 0.491829,
2.02847 0.492512,
2.02727 0.493196,
2.0264 0.494101,
2.02553 0.495006,
2.02474 0.49578,
2.02396 0.496554,
2.02327 0.497674,
2.02246 0.498872,
2.02166 0.500069,
2.02119 0.501456,
2.02107 0.50276,
2.02109 0.503828,
2.0211 0.504894,
2.02114 0.505953,
2.02112 0.507045,
2.02112 0.508136,
2.02114 0.509272,
2.02119 0.510366,
2.02145 0.511316,
2.02186 0.512177,
2.02232 0.512867,
2.02287 0.513489,
2.02383 0.514248,
2.02481 0.51476,
2.02633 0.515918,
2.02756 0.516508,
2.0286 0.516762,
2.03039 0.51744,
2.03226 0.518063,
2.03299 0.518297,
2.03376 0.518434,
2.0349 0.518743,
2.03726 0.51936,
"/>
</Transform>

</Section>
