<?xml version="1.0"?>
<!DOCTYPE Section SYSTEM "section.dtd">

<Section index="635" thickness="0.00164" alignLocked="true">
<Transform dim="0"
 xcoef=" 0 1 0 0 0 0"
 ycoef=" 0 0 1 0 0 0">
<Contour name="OuterMembrane" hidden="false" closed="true" simplified="true" border="1 0 0" fill="1 0 0" mode="11"
points="2.13018 0.629065,
2.13544 0.627239,
2.14071 0.625414,
2.1462 0.623221,
2.1517 0.621029,
2.15676 0.618856,
2.16167 0.616671,
2.16649 0.614336,
2.17095 0.611825,
2.17533 0.60929,
2.17971 0.606754,
2.18423 0.603443,
2.18694 0.600681,
2.18927 0.597586,
2.19319 0.593555,
2.19711 0.589524,
2.1997 0.586682,
2.20262 0.582738,
2.20578 0.577967,
2.20893 0.573198,
2.21231 0.568278,
2.21454 0.563215,
2.21685 0.557958,
2.21935 0.552464,
2.22184 0.54697,
2.22405 0.541467,
2.226 0.535862,
2.22799 0.530078,
2.22953 0.524971,
2.23122 0.520008,
2.23276 0.514973,
2.23432 0.50994,
2.23576 0.505609,
2.23662 0.497281,
2.23607 0.490237,
2.23552 0.483193,
2.23461 0.477042,
2.23453 0.470634,
2.23443 0.465278,
2.23434 0.459922,
2.23363 0.455628,
2.23133 0.44863,
2.22904 0.442239,
2.22776 0.436009,
2.22648 0.429778,
2.22482 0.423505,
2.22246 0.417685,
2.2201 0.411865,
2.21767 0.406207,
2.2152 0.400691,
2.21257 0.395352,
2.21003 0.390025,
2.20664 0.385315,
2.20324 0.380605,
2.19942 0.37626,
2.1948 0.37287,
2.19017 0.369482,
2.18551 0.365886,
2.17964 0.362975,
2.17377 0.360062,
2.16806 0.35775,
2.16236 0.355436,
2.1567 0.353115,
2.15088 0.351076,
2.14502 0.349118,
2.1392 0.348574,
2.13336 0.348029,
2.12751 0.348046,
2.12165 0.348072,
2.1157 0.348052,
2.10956 0.34799,
2.10358 0.347885,
2.0972 0.347268,
2.0908 0.346653,
2.08716 0.346004,
2.07996 0.345996,
2.07278 0.345986,
2.06668 0.346563,
2.06091 0.347286,
2.0553 0.348057,
2.04969 0.348828,
2.04442 0.350035,
2.03916 0.351244,
2.03404 0.352679,
2.02911 0.354519,
2.02425 0.356415,
2.01815 0.360267,
2.01203 0.364119,
2.00788 0.368321,
2.00374 0.372523,
1.99911 0.377252,
1.99521 0.382456,
1.99148 0.387739,
1.98784 0.393047,
1.98507 0.397242,
1.9824 0.401603,
1.97961 0.405752,
1.97753 0.412526,
1.97517 0.418549,
1.97281 0.424575,
1.97002 0.429965,
1.96713 0.435243,
1.96569 0.440807,
1.96423 0.446374,
1.96319 0.45203,
1.96228 0.457606,
1.9616 0.463103,
1.96126 0.468564,
1.96103 0.474065,
1.96092 0.479946,
1.96087 0.485594,
1.96077 0.491103,
1.96095 0.496272,
1.96178 0.502014,
1.96306 0.508082,
1.96433 0.514148,
1.96731 0.523135,
1.96984 0.529272,
1.972 0.534319,
1.97402 0.539529,
1.97658 0.544769,
1.97996 0.549972,
1.98325 0.555455,
1.98691 0.560691,
1.99057 0.565756,
1.99421 0.570891,
1.99826 0.575804,
2.00296 0.580363,
2.00739 0.584752,
2.01143 0.588791,
2.01504 0.592657,
2.01845 0.596438,
2.02212 0.600273,
2.02596 0.604214,
2.03055 0.608196,
2.03567 0.611994,
2.0406 0.615579,
2.04552 0.619164,
2.05041 0.622149,
2.0561 0.624171,
2.06173 0.626306,
2.06745 0.628807,
2.07317 0.631308,
2.07878 0.632786,
2.08515 0.63358,
2.09149 0.634372,
2.09789 0.634885,
2.10355 0.633785,
2.10929 0.633043,
2.11503 0.6323,
2.12252 0.630498,
"/>
<Contour name="InnerMembrane" hidden="false" closed="true" simplified="true" border="1 0 0" fill="1 0 0" mode="11"
points="2.0912 0.376073,
2.08472 0.376004,
2.07901 0.375253,
2.07296 0.374515,
2.06691 0.373779,
2.0602 0.372774,
2.05421 0.3733,
2.04821 0.373825,
2.04247 0.37446,
2.03677 0.375398,
2.03178 0.378187,
2.02686 0.381106,
2.01945 0.390505,
2.01477 0.394492,
2.01103 0.39923,
2.00356 0.408478,
1.99977 0.413175,
1.99621 0.418018,
1.99322 0.423109,
1.99062 0.428442,
1.98842 0.434503,
1.9862 0.440563,
1.98466 0.446147,
1.9831 0.451731,
1.98148 0.457918,
1.97987 0.463776,
1.97843 0.469073,
1.97814 0.475087,
1.97786 0.481101,
1.97818 0.486778,
1.97861 0.492435,
1.97948 0.498122,
1.98091 0.504177,
1.98286 0.51032,
1.98497 0.516598,
1.98719 0.522673,
1.99011 0.528498,
1.99352 0.534663,
1.99659 0.540439,
1.99955 0.546035,
2.00272 0.551396,
2.00587 0.556519,
2.00884 0.561405,
2.01195 0.566074,
2.01512 0.570125,
2.01828 0.574175,
2.02281 0.577964,
2.02732 0.581541,
2.03185 0.585119,
2.03634 0.588437,
2.04077 0.591745,
2.0456 0.594716,
2.05043 0.59769,
2.05628 0.600475,
2.06214 0.603261,
2.0683 0.605629,
2.07452 0.607764,
2.08055 0.608693,
2.08657 0.609622,
2.09226 0.609778,
2.09805 0.60862,
2.10384 0.607463,
2.10938 0.605847,
2.11512 0.604473,
2.12113 0.602936,
2.12683 0.601249,
2.13262 0.599453,
2.13905 0.597764,
2.14284 0.596942,
2.14932 0.594269,
2.15486 0.590903,
2.1604 0.587538,
2.16541 0.583968,
2.16998 0.580519,
2.17387 0.577057,
2.18051 0.569492,
2.18409 0.564906,
2.1876 0.559922,
2.19096 0.55414,
2.1933 0.548662,
2.19563 0.543186,
2.19796 0.537779,
2.20045 0.532195,
2.20293 0.526597,
2.20436 0.521,
2.20578 0.515401,
2.20669 0.509804,
2.20755 0.504467,
2.20849 0.499401,
2.20915 0.492192,
2.20982 0.484982,
2.2101 0.478053,
2.20997 0.471767,
2.20988 0.465522,
2.20964 0.459448,
2.20913 0.453037,
2.20846 0.446301,
2.20746 0.44021,
2.20628 0.43345,
2.20519 0.426959,
2.20409 0.42161,
2.20298 0.416319,
2.2004 0.410093,
2.19785 0.403868,
2.19509 0.400281,
2.18773 0.394074,
2.18425 0.390181,
2.17874 0.386056,
2.17323 0.381931,
2.1677 0.378656,
2.16273 0.376009,
2.15665 0.373469,
2.1506 0.371303,
2.14468 0.369559,
2.13887 0.369848,
2.13308 0.370138,
2.12708 0.370658,
2.12072 0.371396,
2.11489 0.372257,
2.10937 0.373467,
2.10391 0.374468,
2.09745 0.375557,
"/>
<Contour name="CristaeMembrane" hidden="false" closed="true" simplified="true" border="1 0 0" fill="1 0 0" mode="11"
points="2.15637 0.545308,
2.15834 0.54579,
2.15895 0.545736,
2.15955 0.545602,
2.16026 0.545282,
2.16098 0.544964,
2.16175 0.544852,
2.16268 0.544408,
2.16364 0.543965,
2.16421 0.543757,
2.16529 0.543138,
2.16592 0.542907,
2.16647 0.542592,
2.1671 0.542132,
2.1677 0.541671,
2.16875 0.541444,
2.16928 0.541225,
2.16979 0.540938,
2.17044 0.540387,
2.17111 0.539834,
2.17205 0.539385,
2.17298 0.538934,
2.17387 0.538484,
2.17462 0.537805,
2.17539 0.537069,
2.17617 0.53639,
2.17694 0.535709,
2.17779 0.535319,
2.17846 0.534725,
2.17915 0.53413,
2.17976 0.533541,
2.18045 0.532856,
2.18115 0.532172,
2.18197 0.531344,
2.18279 0.530525,
2.18351 0.5298,
2.18422 0.529074,
2.18487 0.528375,
2.18528 0.527736,
2.18569 0.527052,
2.18612 0.526368,
2.18678 0.525533,
2.18742 0.524165,
2.18781 0.523498,
2.18828 0.522499,
2.18869 0.521656,
2.1891 0.520812,
2.18948 0.520036,
2.18986 0.51926,
2.19032 0.518448,
2.19061 0.517454,
2.19091 0.516461,
2.1913 0.515664,
2.1917 0.514867,
2.19207 0.514097,
2.19245 0.513328,
2.19281 0.512631,
2.19302 0.511219,
2.19309 0.51043,
2.19329 0.50965,
2.19348 0.508869,
2.19373 0.508282,
2.19389 0.507665,
2.19399 0.507032,
2.19399 0.506155,
2.19399 0.50532,
2.19398 0.503823,
2.19398 0.502557,
2.19398 0.501489,
2.19399 0.500421,
2.19393 0.499388,
2.19368 0.498535,
2.19342 0.497765,
2.1933 0.496968,
2.19324 0.496156,
2.19317 0.495344,
2.19311 0.494465,
2.19273 0.49352,
2.19235 0.492574,
2.19216 0.491513,
2.19168 0.490485,
2.1912 0.489456,
2.19089 0.488533,
2.19061 0.487706,
2.19033 0.48688,
2.18966 0.485647,
2.18942 0.485032,
2.18874 0.483721,
2.18832 0.482911,
2.18727 0.481788,
2.18691 0.480858,
2.18637 0.48003,
2.18576 0.479416,
2.18523 0.478793,
2.18471 0.47817,
2.18443 0.477304,
2.18428 0.476382,
2.18422 0.475374,
2.18435 0.47448,
2.18446 0.473584,
2.18484 0.472605,
2.18491 0.471782,
2.18514 0.470565,
2.18537 0.46935,
2.18558 0.468789,
2.18566 0.467995,
2.18581 0.467233,
2.18597 0.466468,
2.18633 0.465685,
2.18666 0.46485,
2.18714 0.464107,
2.18774 0.463366,
2.18827 0.462772,
2.1893 0.461685,
2.18979 0.461134,
2.19032 0.46023,
2.19093 0.459426,
2.19153 0.458623,
2.19214 0.458011,
2.19268 0.457175,
2.19302 0.456241,
2.19337 0.454946,
2.19371 0.454236,
2.19391 0.453478,
2.19396 0.452648,
2.19398 0.451733,
2.19411 0.450841,
2.19424 0.449949,
2.19463 0.448968,
2.19478 0.448276,
2.1948 0.447295,
2.1948 0.446459,
2.19496 0.445677,
2.19512 0.444894,
2.19547 0.444019,
2.19557 0.442795,
2.1956 0.441864,
2.19562 0.441098,
2.19562 0.440317,
2.19563 0.43953,
2.19563 0.438761,
2.19563 0.437944,
2.19563 0.437083,
2.19563 0.436125,
2.19562 0.435179,
2.19562 0.434165,
2.19562 0.433365,
2.19563 0.432293,
2.19563 0.431372,
2.19563 0.430541,
2.19563 0.429751,
2.19562 0.428686,
2.19562 0.427766,
2.19562 0.426846,
2.19562 0.425928,
2.19563 0.425003,
2.19563 0.424076,
2.1956 0.423428,
2.19548 0.42279,
2.19514 0.422049,
2.19481 0.421308,
2.19473 0.420588,
2.19453 0.419889,
2.19421 0.41893,
2.19388 0.417969,
2.19353 0.417003,
2.1932 0.416439,
2.19263 0.4153,
2.19229 0.414126,
2.19196 0.413045,
2.19166 0.412501,
2.1913 0.411999,
2.19058 0.411273,
2.19009 0.410664,
2.18961 0.410056,
2.18929 0.409346,
2.18896 0.408854,
2.18845 0.407679,
2.18784 0.406986,
2.18724 0.406294,
2.18684 0.405864,
2.18637 0.405475,
2.18578 0.405101,
2.18459 0.40445,
2.18409 0.403965,
2.18341 0.403517,
2.18256 0.403155,
2.18164 0.402864,
2.18072 0.402528,
2.17981 0.402192,
2.17892 0.401738,
2.17815 0.401323,
2.17738 0.400909,
2.17656 0.400619,
2.17539 0.400552,
2.17436 0.400526,
2.17339 0.400511,
2.17243 0.400495,
2.17182 0.400503,
2.17102 0.400637,
2.17023 0.400977,
2.16944 0.401316,
2.16867 0.401428,
2.16734 0.401975,
2.16687 0.402305,
2.16601 0.403148,
2.16514 0.404007,
2.16434 0.404813,
2.16357 0.405593,
2.1628 0.406374,
2.16227 0.406854,
2.16168 0.407629,
2.16127 0.408509,
2.16113 0.409085,
2.16104 0.409677,
2.16104 0.41079,
2.16103 0.411917,
2.16103 0.412911,
2.16103 0.413875,
2.16103 0.414702,
2.16104 0.415837,
2.16104 0.416747,
2.16106 0.417557,
2.16104 0.418369,
2.16103 0.419182,
2.16103 0.419948,
2.16103 0.420732,
2.16103 0.421516,
2.16113 0.422387,
2.16149 0.423335,
2.16167 0.424127,
2.16177 0.425241,
2.16182 0.426369,
2.16173 0.427274,
2.16165 0.428181,
2.16122 0.429152,
2.16108 0.429859,
2.16103 0.430949,
2.161 0.43204,
2.16055 0.432871,
2.16039 0.433985,
2.16006 0.435049,
2.1598 0.435894,
2.15954 0.436739,
2.1594 0.437444,
2.15922 0.438292,
2.15904 0.439141,
2.15868 0.440165,
2.15827 0.44148,
2.15804 0.442221,
2.15776 0.443048,
2.15749 0.443874,
2.15708 0.444916,
2.15673 0.446057,
2.15639 0.4472,
2.15589 0.447914,
2.15534 0.449139,
2.15489 0.449957,
2.15434 0.450721,
2.15376 0.451484,
2.1533 0.451897,
2.15289 0.452386,
2.1525 0.453035,
2.15204 0.45374,
2.15153 0.454378,
2.15101 0.455018,
2.15017 0.455854,
2.14933 0.456691,
2.14863 0.457417,
2.14791 0.458144,
2.14725 0.458828,
2.14627 0.459869,
2.14591 0.460473,
2.14533 0.461527,
2.14445 0.462406,
2.14397 0.462913,
2.14346 0.463718,
2.14289 0.464566,
2.1423 0.465414,
2.14168 0.466022,
2.14104 0.466632,
2.14048 0.467316,
2.14002 0.468127,
2.13946 0.468861,
2.13884 0.469599,
2.1382 0.470337,
2.13754 0.470972,
2.13689 0.471607,
2.13643 0.472304,
2.13597 0.473002,
2.13543 0.473732,
2.13489 0.474463,
2.13438 0.474934,
2.13384 0.475633,
2.13338 0.476415,
2.1328 0.477166,
2.13221 0.477917,
2.13134 0.478793,
2.13061 0.479541,
2.12987 0.480289,
2.1292 0.480956,
2.12852 0.481624,
2.12793 0.482499,
2.12744 0.483598,
2.12706 0.484228,
2.12667 0.485002,
2.12629 0.485775,
2.12605 0.486316,
2.12588 0.486882,
2.12564 0.487628,
2.12536 0.48842,
2.12506 0.489214,
2.12462 0.48993,
2.12426 0.490878,
2.12403 0.491652,
2.12373 0.492479,
2.12344 0.493307,
2.12298 0.494032,
2.12247 0.495072,
2.12196 0.496113,
2.12172 0.497046,
2.1217 0.498075,
2.12168 0.499036,
2.12168 0.499803,
2.1215 0.500618,
2.12132 0.501433,
2.12101 0.502239,
2.12086 0.503037,
2.12086 0.503819,
2.12086 0.504953,
2.12086 0.50604,
2.12085 0.50689,
2.12085 0.508051,
2.12085 0.509108,
2.12085 0.509914,
2.12083 0.510719,
2.12036 0.511628,
2.12016 0.512224,
2.12009 0.513038,
2.12006 0.51395,
2.12004 0.514827,
2.12004 0.515718,
2.11978 0.516941,
2.11954 0.518165,
2.11936 0.519377,
2.11918 0.520588,
2.11878 0.521299,
2.1186 0.522135,
2.1184 0.522971,
2.11804 0.523737,
2.11767 0.524503,
2.11724 0.525351,
2.11649 0.526627,
2.11575 0.527268,
2.11503 0.527909,
2.11444 0.528544,
2.11362 0.529367,
2.11278 0.530191,
2.11217 0.530775,
2.11157 0.531358,
2.11088 0.532213,
2.11058 0.532765,
2.11002 0.533925,
2.1094 0.535247,
2.10901 0.536187,
2.10881 0.537044,
2.10871 0.537904,
2.10861 0.538763,
2.10858 0.539696,
2.10858 0.540662,
2.10856 0.54164,
2.10856 0.542658,
2.10856 0.543734,
2.10855 0.544588,
2.1085 0.545361,
2.10843 0.546133,
2.10771 0.546532,
2.10699 0.54693,
2.10597 0.546564,
2.10478 0.546141,
2.10358 0.545718,
2.10279 0.545325,
2.10199 0.544931,
2.10107 0.544454,
2.10017 0.543977,
2.09964 0.54367,
2.09864 0.543296,
2.09782 0.543029,
2.097 0.54276,
2.09635 0.542522,
2.09512 0.542253,
2.09451 0.541923,
2.09385 0.541689,
2.09287 0.541533,
2.09198 0.541531,
2.09095 0.5414,
2.08992 0.541269,
2.08925 0.540969,
2.08844 0.540765,
2.08764 0.540664,
2.08683 0.540562,
2.0861 0.540198,
2.08526 0.539962,
2.08428 0.539939,
2.08328 0.539919,
2.08229 0.539898,
2.08134 0.539893,
2.08054 0.539893,
2.07973 0.539893,
2.07893 0.539895,
2.07808 0.539893,
2.07716 0.53989,
2.07624 0.53989,
2.07527 0.539893,
2.07437 0.539896,
2.07347 0.539899,
2.0725 0.54007,
2.07193 0.540278,
2.07078 0.540916,
2.07006 0.541211,
2.06919 0.541643,
2.06834 0.542074,
2.06727 0.542632,
2.06638 0.543073,
2.06724 0.543375,
2.06806 0.543657,
2.06834 0.543447,
2.06783 0.543957,
2.06707 0.544137,
2.06633 0.544319,
2.06574 0.543678,
2.06517 0.543037,
2.06468 0.542248,
2.0643 0.541689,
2.06387 0.541207,
2.06301 0.540341,
2.06235 0.53914,
2.06207 0.538341,
2.06174 0.537323,
2.0614 0.536518,
2.06071 0.535148,
2.06014 0.534225,
2.05986 0.533376,
2.05956 0.532524,
2.05935 0.531763,
2.05891 0.530707,
2.05861 0.529704,
2.05831 0.5287,
2.05805 0.527959,
2.05779 0.527217,
2.05764 0.526634,
2.05722 0.525705,
2.05667 0.524746,
2.05613 0.523786,
2.05574 0.522719,
2.05503 0.521415,
2.05466 0.520638,
2.05402 0.519862,
2.05326 0.518586,
2.05284 0.51793,
2.05256 0.517095,
2.05166 0.515736,
2.05126 0.515285,
2.05093 0.514785,
2.05056 0.513925,
2.04972 0.512239,
2.04934 0.511503,
2.04895 0.510768,
2.04875 0.509969,
2.04869 0.509195,
2.04836 0.50817,
2.04803 0.507145,
2.04787 0.50636,
2.0477 0.505574,
2.04751 0.504648,
2.04726 0.504051,
2.04711 0.503416,
2.04705 0.502781,
2.04708 0.501364,
2.04718 0.500726,
2.04736 0.500166,
2.04762 0.499631,
2.04747 0.498691,
2.04733 0.49775,
2.04721 0.496976,
2.04713 0.495928,
2.04705 0.494881,
2.04747 0.493986,
2.0479 0.493092,
2.04802 0.492384,
2.04802 0.491685,
2.04836 0.490809,
2.04869 0.489932,
2.04907 0.48925,
2.04943 0.488566,
2.05 0.487898,
2.05057 0.487231,
2.05116 0.486624,
2.05157 0.485986,
2.05195 0.485097,
2.05251 0.4845,
2.05308 0.483903,
2.05367 0.483282,
2.05412 0.482549,
2.0544 0.481852,
2.05503 0.48071,
2.05523 0.480169,
2.05563 0.479411,
2.056 0.478655,
2.05615 0.478065,
2.05623 0.477128,
2.05623 0.475643,
2.05623 0.474773,
2.05623 0.473903,
2.05623 0.473027,
2.05623 0.472123,
2.05622 0.471205,
2.0562 0.470247,
2.0562 0.469316,
2.05617 0.468281,
2.05613 0.467267,
2.05587 0.466446,
2.05525 0.465375,
2.05492 0.464515,
2.05451 0.463843,
2.054 0.462693,
2.05367 0.462195,
2.05328 0.461724,
2.05284 0.461325,
2.05218 0.460683,
2.05153 0.460041,
2.05093 0.459502,
2.05039 0.45918,
2.04957 0.458775,
2.04877 0.45837,
2.04792 0.458047,
2.04713 0.457906,
2.04639 0.457899,
2.04536 0.457895,
2.04433 0.457891,
2.04354 0.457893,
2.04255 0.457891,
2.04175 0.457895,
2.04088 0.457901,
2.03972 0.457909,
2.03872 0.45815,
2.03772 0.458391,
2.03677 0.458642,
2.03576 0.458718,
2.03493 0.458767,
2.03408 0.458816,
2.03304 0.458923,
2.03222 0.459264,
2.03139 0.459415,
2.03055 0.459566,
2.02957 0.459658,
2.0286 0.459748,
2.02771 0.459892,
2.02704 0.460245,
2.02624 0.460642,
2.02543 0.46104,
2.0246 0.461466,
2.02374 0.461893,
2.02289 0.462319,
2.02205 0.462747,
2.02117 0.463202,
2.02028 0.463658,
2.01953 0.464325,
2.01836 0.464966,
2.01786 0.465276,
2.01718 0.46584,
2.01666 0.466501,
2.01636 0.467011,
2.01613 0.467554,
2.01549 0.468384,
2.01485 0.469212,
2.01446 0.470144,
2.01385 0.471224,
2.01336 0.471933,
2.01287 0.472641,
2.01244 0.473243,
2.01218 0.473757,
2.01198 0.47457,
2.01179 0.475384,
2.01161 0.476248,
2.01141 0.477112,
2.01103 0.478078,
2.01102 0.479543,
2.011 0.480381,
2.01097 0.481219,
2.01097 0.482071,
2.01097 0.48309,
2.01095 0.484067,
2.01094 0.485035,
2.0109 0.48613,
2.01084 0.486919,
2.01071 0.487854,
2.01044 0.488727,
2.01021 0.489551,
2.01015 0.490929,
2.01016 0.491784,
2.01016 0.492638,
2.01015 0.493537,
2.01015 0.494531,
2.01016 0.495569,
2.01015 0.497012,
2.01015 0.497876,
2.01016 0.498901,
2.01015 0.500328,
2.01015 0.501143,
2.01016 0.502181,
2.01021 0.502955,
2.01028 0.503729,
2.01046 0.504341,
2.01074 0.504918,
2.01107 0.505407,
2.01135 0.50625,
2.01162 0.507093,
2.0118 0.507878,
2.01182 0.508671,
2.01185 0.509528,
2.0119 0.510427,
2.012 0.511442,
2.01225 0.512188,
2.01249 0.512935,
2.01277 0.513883,
2.01292 0.514981,
2.01341 0.515911,
2.01384 0.516753,
2.01426 0.517594,
2.0149 0.518337,
2.0153 0.519142,
2.01571 0.519947,
2.016 0.520756,
2.01625 0.521671,
2.01672 0.522515,
2.01725 0.523145,
2.01791 0.523934,
2.01854 0.524721,
2.01892 0.525395,
2.01945 0.526132,
2.01997 0.526658,
2.02032 0.527349,
2.02068 0.528039,
2.0213 0.52882,
2.02192 0.529602,
2.02251 0.530324,
2.02301 0.531086,
2.02345 0.531763,
2.02401 0.532351,
2.0245 0.533215,
2.02497 0.534077,
2.02543 0.534604,
2.02596 0.535057,
2.0265 0.535629,
2.02702 0.536201,
2.02747 0.536913,
2.02791 0.537625,
2.0284 0.538358,
2.02906 0.539017,
2.02973 0.539739,
2.0304 0.540462,
2.03101 0.541151,
2.0316 0.541882,
2.03207 0.54266,
2.03248 0.543263,
2.03296 0.543773,
2.03347 0.544636,
2.03396 0.545498,
2.03462 0.54624,
2.03529 0.546751,
2.03621 0.547837,
2.03683 0.548462,
2.03747 0.549087,
2.03803 0.549644,
2.03857 0.550033,
2.03936 0.550418,
2.03996 0.55103,
2.04055 0.551644,
2.04106 0.552431,
2.0415 0.55332,
2.04195 0.554208,
2.04241 0.554848,
2.04293 0.555358,
2.04362 0.555978,
2.04431 0.556596,
2.04508 0.557206,
2.04601 0.55783,
2.04731 0.55851,
2.04806 0.559055,
2.04884 0.559599,
2.04962 0.560393,
2.05038 0.560867,
2.05112 0.561341,
2.0519 0.561828,
2.05253 0.562343,
2.05351 0.562791,
2.05444 0.563643,
2.05536 0.564496,
2.05604 0.565269,
2.05669 0.566039,
2.05727 0.567255,
2.05782 0.567765,
2.05828 0.568413,
2.05876 0.56906,
2.05918 0.569802,
2.05956 0.570341,
2.05999 0.571263,
2.06041 0.572183,
2.06079 0.573037,
2.0612 0.573618,
2.06166 0.57411,
2.06228 0.574713,
2.06289 0.575315,
2.06364 0.576057,
2.06445 0.576844,
2.06543 0.577411,
2.06625 0.578033,
2.06706 0.578656,
2.06796 0.579579,
2.06888 0.580407,
2.06981 0.581236,
2.07063 0.581752,
2.07145 0.582269,
2.07191 0.582644,
2.07242 0.582958,
2.07355 0.583463,
2.0743 0.583906,
2.07522 0.584143,
2.07616 0.584381,
2.07681 0.58475,
2.07783 0.585052,
2.0786 0.585331,
2.07937 0.58561,
2.07995 0.58581,
2.08055 0.585931,
2.08168 0.585952,
2.0826 0.585983,
2.08339 0.586177,
2.08416 0.586372,
2.085 0.586664,
2.08606 0.586708,
2.08701 0.586746,
2.08798 0.586761,
2.08893 0.586776,
2.08993 0.586448,
2.09084 0.58618,
2.09172 0.585913,
2.09257 0.585693,
2.09344 0.585423,
2.09431 0.585152,
2.09507 0.58487,
2.09581 0.584589,
2.09666 0.58446,
2.09749 0.584396,
2.09835 0.584332,
2.0992 0.584258,
2.10005 0.584015,
2.1014 0.583479,
2.1021 0.583337,
2.10309 0.582981,
2.10407 0.582626,
2.10489 0.582408,
2.10571 0.582,
2.10651 0.581592,
2.1074 0.581159,
2.10829 0.580726,
2.10901 0.580352,
2.10973 0.579976,
2.1105 0.579581,
2.11129 0.579186,
2.11217 0.578784,
2.11284 0.578203,
2.1135 0.577623,
2.11462 0.577109,
2.11573 0.576596,
2.11673 0.575989,
2.11734 0.575788,
2.11847 0.575143,
2.11937 0.574782,
2.12013 0.574221,
2.12095 0.573861,
2.12177 0.5735,
2.12268 0.573129,
2.12355 0.572558,
2.12428 0.572216,
2.125 0.571873,
2.12595 0.571425,
2.12678 0.571043,
2.12764 0.570607,
2.12847 0.57021,
2.12931 0.56987,
2.13016 0.569531,
2.13121 0.569137,
2.13226 0.568744,
2.13338 0.56854,
2.13433 0.568235,
2.13528 0.567932,
2.13623 0.567834,
2.13681 0.567673,
2.13735 0.567443,
2.13789 0.567119,
2.13935 0.567045,
2.13992 0.566905,
2.14066 0.56659,
2.1414 0.566276,
2.14241 0.566077,
2.14332 0.565639,
2.14422 0.5652,
2.14494 0.564923,
2.14637 0.564632,
2.1471 0.564499,
2.14783 0.564247,
2.1487 0.563817,
2.14955 0.563388,
2.15014 0.563051,
2.15122 0.562039,
2.15204 0.561233,
2.15273 0.560565,
2.15335 0.559948,
2.1537 0.55831,
2.15365 0.557669,
2.15368 0.557026,
2.15386 0.556213,
2.1544 0.555304,
2.15494 0.554395,
2.15521 0.553643,
2.15545 0.55289,
2.15545 0.552016,
2.15545 0.551137,
2.15545 0.550258,
2.15545 0.549315,
2.15545 0.548457,
2.15545 0.547632,
2.15565 0.54681,
"/>
<Contour name="CristaeMembrane" hidden="false" closed="true" simplified="true" border="1 0 0" fill="1 0 0" mode="11"
points="2.16405 0.524672,
2.16444 0.524195,
2.16475 0.52367,
2.16541 0.522474,
2.16608 0.521736,
2.16652 0.520907,
2.16698 0.520075,
2.16764 0.519411,
2.16831 0.518747,
2.16867 0.518261,
2.16901 0.517561,
2.16936 0.516861,
2.16995 0.516287,
2.17041 0.515619,
2.17077 0.514891,
2.17113 0.514163,
2.17151 0.513386,
2.17188 0.512607,
2.17243 0.511534,
2.17264 0.510724,
2.17285 0.509914,
2.17313 0.509376,
2.17333 0.508807,
2.17346 0.508103,
2.17348 0.507013,
2.17348 0.505991,
2.17348 0.504992,
2.17348 0.504003,
2.17348 0.503016,
2.17344 0.501953,
2.1733 0.501353,
2.17297 0.500426,
2.1727 0.499608,
2.17244 0.498791,
2.17215 0.498042,
2.17198 0.497235,
2.17184 0.49643,
2.17184 0.495757,
2.17151 0.494342,
2.17113 0.49364,
2.17079 0.492915,
2.17041 0.492207,
2.17002 0.491498,
2.16972 0.49075,
2.16923 0.489988,
2.16867 0.489396,
2.1681 0.488804,
2.16726 0.487966,
2.16647 0.487185,
2.1657 0.486406,
2.1649 0.485722,
2.16439 0.485432,
2.16387 0.485207,
2.16291 0.485087,
2.16191 0.48502,
2.16093 0.484953,
2.15988 0.484953,
2.15886 0.484959,
2.15786 0.484964,
2.15719 0.485071,
2.1565 0.485292,
2.15576 0.485666,
2.15504 0.48604,
2.15421 0.48644,
2.15345 0.487114,
2.15265 0.487792,
2.15186 0.488467,
2.15129 0.4887,
2.15029 0.489268,
2.1495 0.489597,
2.14871 0.490129,
2.14794 0.490965,
2.14751 0.491702,
2.14733 0.492528,
2.14715 0.493353,
2.14661 0.493858,
2.14617 0.494442,
2.14579 0.495177,
2.14564 0.496151,
2.1455 0.497125,
2.14532 0.498027,
2.14514 0.498929,
2.14476 0.499939,
2.14466 0.500535,
2.14464 0.501415,
2.14464 0.502316,
2.14464 0.503111,
2.14464 0.503952,
2.14463 0.504872,
2.14463 0.505861,
2.14463 0.506734,
2.14463 0.507605,
2.14469 0.508344,
2.14487 0.509054,
2.14546 0.51045,
2.14546 0.51128,
2.14564 0.51218,
2.14596 0.512994,
2.14628 0.513807,
2.14628 0.514422,
2.14635 0.515031,
2.14653 0.515685,
2.14712 0.517097,
2.14727 0.517868,
2.1476 0.518712,
2.14799 0.519332,
2.14838 0.520311,
2.14856 0.521184,
2.14865 0.52202,
2.1487 0.522993,
2.14873 0.523775,
2.14876 0.524557,
2.14891 0.525235,
2.14945 0.526456,
2.15025 0.527322,
2.15104 0.528188,
2.1517 0.528692,
2.15258 0.529118,
2.15352 0.529312,
2.15345 0.52934,
2.15417 0.529392,
2.15489 0.52933,
2.1566 0.529318,
2.15749 0.529392,
2.1584 0.529284,
2.15931 0.528989,
2.16055 0.528324,
2.16131 0.527983,
2.16203 0.527476,
2.16272 0.526753,
2.16311 0.525958,
2.16357 0.525315,
"/>
</Transform>

</Section>
