<?xml version="1.0"?>
<!DOCTYPE Section SYSTEM "section.dtd">

<Section index="689" thickness="0.00164" alignLocked="true">
<Transform dim="0"
 xcoef=" 0 1 0 0 0 0"
 ycoef=" 0 0 1 0 0 0">
<Contour name="OuterMembrane" hidden="false" closed="true" simplified="true" border="1 0 0" fill="1 0 0" mode="11"
points="2.137 0.534883,
2.13979 0.530209,
2.14264 0.523929,
2.14505 0.518283,
2.14748 0.512636,
2.14935 0.507403,
2.15063 0.500049,
2.15145 0.493543,
2.15189 0.487193,
2.15217 0.480674,
2.15229 0.475446,
2.15237 0.470186,
2.15186 0.464692,
2.15135 0.459198,
2.15065 0.453391,
2.14906 0.448679,
2.14747 0.443968,
2.14494 0.4384,
2.14205 0.433057,
2.13907 0.428358,
2.13608 0.423658,
2.13023 0.417997,
2.12447 0.412199,
2.11865 0.409205,
2.11243 0.406607,
2.10622 0.404007,
2.10266 0.402917,
2.09894 0.402285,
2.09251 0.401702,
2.0869 0.401502,
2.08139 0.401272,
2.0756 0.4012,
2.06965 0.401139,
2.06371 0.401078,
2.05982 0.401556,
2.0559 0.402592,
2.04905 0.404693,
2.04269 0.407023,
2.03713 0.409377,
2.03183 0.411812,
2.02653 0.414248,
2.02228 0.416916,
2.01761 0.420091,
2.01246 0.42333,
2.00731 0.426569,
2.0039 0.429573,
2.0005 0.434341,
1.99709 0.439108,
1.99355 0.446157,
1.99198 0.451358,
1.9906 0.456315,
1.98922 0.461271,
1.98817 0.468233,
1.9872 0.47522,
1.98673 0.48193,
1.98629 0.488477,
1.98583 0.495024,
1.98696 0.500858,
1.98809 0.506689,
1.98922 0.511505,
1.99065 0.516349,
1.99226 0.521609,
1.99408 0.527117,
1.99611 0.531785,
1.99847 0.536472,
2.00083 0.541198,
2.00318 0.545925,
2.00624 0.550833,
2.00933 0.55517,
2.01241 0.559507,
2.01851 0.565692,
2.03142 0.573187,
2.03494 0.574218,
2.03006 0.57308,
2.02691 0.571527,
2.02788 0.572188,
2.03312 0.575779,
2.03875 0.577459,
2.04457 0.578984,
2.05077 0.579876,
2.05745 0.580327,
2.06281 0.580549,
2.06817 0.58077,
2.07245 0.580355,
2.07721 0.578904,
2.08246 0.576898,
2.0878 0.574689,
2.09425 0.572217,
2.10068 0.569746,
2.10499 0.567327,
2.10966 0.564483,
2.11434 0.561641,
2.11808 0.558187,
2.12182 0.554733,
2.12811 0.548503,
2.13125 0.543952,
2.13413 0.539417,
"/>
</Transform>

</Section>
