<?xml version="1.0"?>
<!DOCTYPE Section SYSTEM "section.dtd">

<Section index="625" thickness="0.00164" alignLocked="true">
<Transform dim="0"
 xcoef=" 0 1 0 0 0 0"
 ycoef=" 0 0 1 0 0 0">
<Contour name="OuterMembrane" hidden="false" closed="true" simplified="true" border="1 0 0" fill="1 0 0" mode="11"
points="2.06146 0.623625,
2.0611 0.623667,
2.06888 0.627751,
2.07442 0.62946,
2.07986 0.630395,
2.08506 0.630942,
2.09015 0.631282,
2.09625 0.631433,
2.10233 0.631582,
2.10863 0.631226,
2.11486 0.630723,
2.12126 0.629888,
2.12701 0.628791,
2.13277 0.627692,
2.13841 0.626324,
2.14405 0.624955,
2.14922 0.623426,
2.15399 0.621658,
2.15867 0.619886,
2.16319 0.617977,
2.16769 0.615995,
2.17408 0.613052,
2.17954 0.609801,
2.18438 0.606616,
2.18924 0.603431,
2.1953 0.598684,
2.20049 0.594326,
2.2049 0.589856,
2.20872 0.585655,
2.21254 0.581454,
2.21541 0.577191,
2.21828 0.572929,
2.22076 0.567752,
2.22286 0.562623,
2.22494 0.557495,
2.22633 0.552359,
2.22733 0.546828,
2.22835 0.541041,
2.22935 0.535699,
2.23038 0.529431,
2.23142 0.523165,
2.23171 0.51949,
2.23171 0.512884,
2.23171 0.507695,
2.23171 0.502001,
2.23171 0.496307,
2.2316 0.488668,
2.23101 0.484828,
2.23006 0.47735,
2.22969 0.473419,
2.22797 0.465558,
2.22664 0.460656,
2.22523 0.455589,
2.22341 0.449652,
2.22184 0.443287,
2.22041 0.437718,
2.21907 0.432181,
2.21771 0.426643,
2.21569 0.421692,
2.21359 0.416877,
2.21133 0.411966,
2.20916 0.406792,
2.2068 0.401483,
2.20462 0.39699,
2.20242 0.392495,
2.19816 0.386154,
2.19437 0.382204,
2.19056 0.378255,
2.18627 0.374763,
2.18158 0.371257,
2.1769 0.367983,
2.17223 0.36471,
2.16713 0.361938,
2.16203 0.359168,
2.15612 0.357671,
2.15012 0.356387,
2.14381 0.355196,
2.13784 0.354557,
2.13213 0.354153,
2.12701 0.353992,
2.12167 0.353958,
2.11632 0.353922,
2.10996 0.354261,
2.1036 0.354599,
2.09772 0.355819,
2.09156 0.356508,
2.08544 0.357405,
2.08057 0.358114,
2.0757 0.358822,
2.06886 0.360485,
2.06204 0.362148,
2.05448 0.36519,
2.04813 0.367978,
2.04229 0.370412,
2.03636 0.373029,
2.03042 0.375645,
2.02437 0.378376,
2.01727 0.382674,
2.01146 0.386638,
2.00646 0.390279,
2.00231 0.393652,
1.99842 0.397028,
1.99421 0.401871,
1.98998 0.406715,
1.98661 0.41145,
1.98343 0.416432,
1.98025 0.421414,
1.97758 0.428252,
1.97571 0.434008,
1.97385 0.439764,
1.97202 0.446029,
1.97064 0.451018,
1.96949 0.456963,
1.96859 0.462977,
1.96813 0.468928,
1.96789 0.475006,
1.9677 0.481217,
1.96761 0.486242,
1.96756 0.493146,
1.96751 0.500051,
1.96861 0.50503,
1.96941 0.510255,
1.97069 0.516095,
1.97207 0.521791,
1.97344 0.527488,
1.97582 0.532474,
1.97802 0.536962,
1.98081 0.542195,
1.98388 0.547689,
1.98709 0.553398,
1.99057 0.559222,
1.99358 0.564678,
1.99631 0.569831,
1.99906 0.575007,
2.00208 0.579425,
2.00582 0.584343,
2.00956 0.589017,
2.01374 0.593429,
2.018 0.597873,
2.02286 0.602326,
2.02776 0.605873,
2.03291 0.609536,
2.03808 0.613198,
2.04729 0.61954,
2.05241 0.621965,
2.0579 0.623359,
"/>
<Contour name="InnerMembrane" hidden="false" closed="true" simplified="true" border="1 0 0" fill="1 0 0" mode="11"
points="2.05684 0.586817,
2.05172 0.583897,
2.05533 0.586797,
2.05895 0.589695,
2.06291 0.592235,
2.06647 0.593887,
2.0702 0.5957,
2.07394 0.597513,
2.0787 0.598974,
2.08347 0.600435,
2.08756 0.600999,
2.09143 0.601596,
2.0953 0.602193,
2.09933 0.602828,
2.10343 0.603443,
2.10761 0.60371,
2.11181 0.603941,
2.11727 0.603978,
2.12252 0.604042,
2.12777 0.604109,
2.13252 0.604094,
2.13707 0.604112,
2.14127 0.603691,
2.14545 0.603271,
2.14978 0.602131,
2.15442 0.600898,
2.15908 0.599664,
2.1619 0.598477,
2.16585 0.596065,
2.16982 0.593404,
2.17377 0.590426,
2.17771 0.58745,
2.1813 0.583706,
2.18405 0.579804,
2.18622 0.57634,
2.18812 0.572898,
2.18984 0.569293,
2.19156 0.565688,
2.19278 0.561279,
2.19399 0.556869,
2.19516 0.552147,
2.19616 0.547973,
2.19716 0.543798,
2.1985 0.539734,
2.19894 0.535437,
2.19931 0.531332,
2.19967 0.527227,
2.20036 0.521789,
2.20106 0.516351,
2.20129 0.512074,
2.20142 0.506412,
2.2014 0.501289,
2.20147 0.496084,
2.20144 0.491961,
2.20147 0.487757,
2.2015 0.48319,
2.20149 0.478667,
2.2015 0.47428,
2.20154 0.469893,
2.20091 0.466054,
2.20036 0.462045,
2.19981 0.458037,
2.1986 0.453478,
2.19703 0.44906,
2.19524 0.444766,
2.19363 0.440376,
2.19204 0.436448,
2.19007 0.432522,
2.18771 0.428632,
2.18551 0.42475,
2.1832 0.421109,
2.18087 0.417346,
2.17823 0.413373,
2.17521 0.409392,
2.17256 0.405718,
2.1699 0.402046,
2.16711 0.398966,
2.16247 0.395314,
2.15834 0.392127,
2.15421 0.388939,
2.14991 0.386883,
2.14597 0.385146,
2.14187 0.383611,
2.13751 0.381979,
2.13262 0.380838,
2.1282 0.380036,
2.12398 0.379521,
2.11873 0.379263,
2.11437 0.379134,
2.10984 0.378971,
2.10561 0.37863,
2.10138 0.378453,
2.09712 0.378356,
2.09285 0.378277,
2.08841 0.378386,
2.08426 0.378776,
2.08016 0.379324,
2.07599 0.379575,
2.07145 0.379701,
2.06691 0.379826,
2.06207 0.380414,
2.05822 0.381589,
2.05376 0.38294,
2.04969 0.384254,
2.04565 0.385703,
2.04131 0.387614,
2.03695 0.389523,
2.0325 0.391811,
2.02766 0.394802,
2.02337 0.397511,
2.01907 0.400222,
2.01602 0.403004,
2.01323 0.406057,
2.01038 0.409162,
2.00751 0.412266,
2.00556 0.415651,
2.00346 0.419742,
2.00116 0.423863,
1.99883 0.428143,
1.9967 0.432622,
1.9949 0.436353,
1.99276 0.441108,
1.99062 0.44586,
1.9896 0.448643,
1.98878 0.454401,
1.9883 0.458319,
1.98783 0.462239,
1.98714 0.466778,
1.98668 0.471005,
1.98615 0.475774,
1.98583 0.480617,
1.98561 0.48536,
1.98566 0.490212,
1.98597 0.494058,
1.98627 0.497906,
1.98676 0.501113,
1.98886 0.506507,
1.99063 0.511803,
1.99216 0.515752,
1.99368 0.519701,
1.99539 0.522504,
1.99809 0.527663,
2.00023 0.531544,
2.00236 0.535426,
2.00385 0.538092,
2.00739 0.544565,
2.00987 0.547521,
2.01235 0.550477,
2.01571 0.553856,
2.01902 0.556955,
2.02225 0.56047,
2.0255 0.563986,
2.02878 0.567063,
2.03206 0.570141,
2.03617 0.572609,
2.03988 0.575133,
2.04326 0.577818,
2.04675 0.580396,
2.05025 0.582976,
2.05372 0.584998,
"/>
<Contour name="CristaeMembrane" hidden="false" closed="true" simplified="true" border="1 0 0" fill="1 0 0" mode="11"
points="2.11932 0.527722,
2.11913 0.525158,
2.11888 0.523983,
2.11775 0.523229,
2.11658 0.522545,
2.11544 0.521923,
2.11427 0.521302,
2.11299 0.520702,
2.11152 0.520541,
2.11004 0.520428,
2.10865 0.520367,
2.1073 0.520351,
2.10596 0.520334,
2.10487 0.520518,
2.10384 0.520872,
2.10271 0.521433,
2.10158 0.521996,
2.10041 0.522593,
2.09927 0.523191,
2.09812 0.523801,
2.09585 0.524013,
2.09462 0.523685,
2.0931 0.523637,
2.09187 0.523618,
2.09026 0.523603,
2.08892 0.523595,
2.08756 0.523591,
2.0861 0.52359,
2.08478 0.52359,
2.08344 0.523588,
2.08208 0.523593,
2.08077 0.52359,
2.07949 0.523591,
2.07811 0.523593,
2.07673 0.523595,
2.07527 0.523821,
2.07375 0.524505,
2.07222 0.525189,
2.07116 0.525869,
2.06986 0.527089,
2.0692 0.527795,
2.06853 0.52898,
2.06786 0.530166,
2.06722 0.531493,
2.06697 0.532393,
2.06691 0.533699,
2.06686 0.534947,
2.06686 0.536175,
2.06684 0.537402,
2.06684 0.538635,
2.06683 0.539868,
2.06697 0.540957,
2.06732 0.542141,
2.06766 0.543327,
2.06794 0.544836,
2.06848 0.54604,
2.06904 0.547243,
2.06984 0.548447,
2.07061 0.549731,
2.07137 0.551014,
2.07193 0.552172,
2.07271 0.553097,
2.07342 0.554048,
2.07414 0.554999,
2.07467 0.555888,
2.07585 0.557131,
2.0769 0.55822,
2.07798 0.559306,
2.07883 0.560172,
2.07995 0.56129,
2.08106 0.562408,
2.08187 0.563137,
2.08306 0.563788,
2.08424 0.564458,
2.08534 0.56529,
2.08638 0.566189,
2.08738 0.567009,
2.08838 0.56783,
2.0892 0.568785,
2.0901 0.569754,
2.091 0.570722,
2.09169 0.571322,
2.09272 0.57197,
2.09367 0.572742,
2.09471 0.573652,
2.09574 0.574563,
2.09685 0.575273,
2.09828 0.575771,
2.09969 0.57627,
2.10118 0.576611,
2.10268 0.576952,
2.10384 0.577329,
2.10501 0.577706,
2.10635 0.578034,
2.10768 0.578238,
2.10901 0.578362,
2.11042 0.578423,
2.11166 0.578458,
2.11291 0.57849,
2.11429 0.578492,
2.11553 0.578485,
2.11685 0.578489,
2.11844 0.578487,
2.11973 0.578487,
2.12096 0.57849,
2.12221 0.578487,
2.12337 0.57849,
2.12464 0.578487,
2.12595 0.578489,
2.12816 0.578489,
2.12908 0.578394,
2.12998 0.578174,
2.13087 0.577828,
2.13175 0.577328,
2.13272 0.576449,
2.13371 0.575517,
2.13467 0.574585,
2.13567 0.573595,
2.13666 0.572603,
2.13748 0.571722,
2.13825 0.570551,
2.13902 0.56938,
2.13981 0.568189,
2.14061 0.566997,
2.14133 0.566282,
2.14195 0.565447,
2.14268 0.564436,
2.14338 0.563425,
2.14415 0.562551,
2.14484 0.561288,
2.14566 0.559986,
2.14648 0.558686,
2.1471 0.558046,
2.14765 0.557331,
2.1483 0.55605,
2.14925 0.554687,
2.15009 0.553449,
2.15107 0.552547,
2.15234 0.551857,
2.15358 0.551166,
2.15532 0.550883,
2.15696 0.550743,
2.15862 0.550673,
2.16027 0.550602,
2.16118 0.550494,
2.16204 0.550266,
2.16406 0.549577,
2.16523 0.54917,
2.16628 0.548421,
2.16734 0.547671,
2.16856 0.547052,
2.16951 0.546207,
2.17043 0.545356,
2.17133 0.544505,
2.17195 0.543796,
2.17256 0.542706,
2.17315 0.541613,
2.17372 0.540495,
2.17433 0.539304,
2.17492 0.538112,
2.17549 0.536995,
2.17643 0.535071,
2.17685 0.534291,
2.17717 0.533446,
2.1774 0.532565,
2.17758 0.531271,
2.17776 0.529979,
2.17815 0.528784,
2.17854 0.52759,
2.17897 0.526332,
2.1794 0.525076,
2.17977 0.523896,
2.17987 0.522187,
2.1799 0.520695,
2.17992 0.519137,
2.18007 0.517978,
2.18023 0.51682,
2.18053 0.515951,
2.18071 0.51505,
2.18074 0.513581,
2.18076 0.512346,
2.18076 0.511093,
2.18077 0.509756,
2.18138 0.507636,
2.18166 0.506416,
2.18194 0.505197,
2.18232 0.503783,
2.18236 0.50253,
2.18241 0.501277,
2.18241 0.499572,
2.18254 0.498381,
2.18268 0.497189,
2.18305 0.49602,
2.18322 0.494693,
2.18336 0.493368,
2.18379 0.492231,
2.18392 0.490886,
2.18405 0.489542,
2.18466 0.487969,
2.18482 0.487018,
2.18487 0.48536,
2.18492 0.4837,
2.1854 0.482516,
2.18551 0.481181,
2.18556 0.479741,
2.18563 0.478219,
2.18566 0.476876,
2.18568 0.475528,
2.18568 0.474139,
2.18568 0.472963,
2.18569 0.471303,
2.18569 0.469903,
2.18569 0.468558,
2.18566 0.467172,
2.18566 0.465652,
2.18568 0.464451,
2.18568 0.462951,
2.18568 0.461745,
2.18569 0.460571,
2.18569 0.459339,
2.18564 0.457862,
2.1856 0.456382,
2.18482 0.45425,
2.18456 0.453045,
2.18417 0.451882,
2.18377 0.450718,
2.18336 0.449617,
2.18274 0.448584,
2.18194 0.447707,
2.18112 0.446829,
2.18064 0.445845,
2.17979 0.444847,
2.17895 0.443848,
2.1783 0.443217,
2.17754 0.442667,
2.17576 0.441509,
2.17461 0.440766,
2.17366 0.440007,
2.1727 0.439249,
2.17182 0.438574,
2.17047 0.437895,
2.16941 0.437357,
2.16834 0.436821,
2.16739 0.436348,
2.16629 0.436009,
2.16508 0.435945,
2.16385 0.435899,
2.16252 0.435881,
2.16121 0.435864,
2.1599 0.435894,
2.1585 0.436206,
2.15716 0.436816,
2.15596 0.437711,
2.15517 0.43857,
2.15462 0.439599,
2.15406 0.440627,
2.1535 0.441706,
2.15293 0.442864,
2.15235 0.444022,
2.15176 0.445337,
2.15117 0.446652,
2.15048 0.447686,
2.14991 0.449088,
2.14961 0.4504,
2.14932 0.451712,
2.14894 0.452989,
2.14889 0.454221,
2.14886 0.455576,
2.14873 0.457768,
2.14833 0.458716,
2.14812 0.459894,
2.14789 0.461071,
2.14751 0.462218,
2.14715 0.463366,
2.14674 0.46461,
2.14624 0.465837,
2.14574 0.467065,
2.14515 0.468364,
2.14458 0.469665,
2.14407 0.470406,
2.14286 0.47223,
2.14222 0.473379,
2.14158 0.474586,
2.14092 0.475794,
2.13989 0.476753,
2.13912 0.477684,
2.13833 0.478616,
2.13725 0.479393,
2.13635 0.480363,
2.13479 0.481855,
2.13325 0.483406,
2.13251 0.484466,
2.13134 0.485909,
2.13016 0.487352,
2.12908 0.488397,
2.12803 0.489427,
2.12719 0.49027,
2.12593 0.491511,
2.1248 0.492648,
2.12388 0.493565,
2.12301 0.494427,
2.12201 0.495168,
2.121 0.495908,
2.12003 0.496579,
2.11908 0.49725,
2.11799 0.498091,
2.11696 0.498998,
2.11598 0.499949,
2.11499 0.5009,
2.11427 0.502056,
2.11371 0.503695,
2.11365 0.505081,
2.1136 0.506279,
2.11357 0.507478,
2.11365 0.508641,
2.11398 0.50994,
2.11457 0.511177,
2.11529 0.512162,
2.11619 0.51302,
2.11724 0.513712,
2.1186 0.514188,
2.11996 0.514663,
2.12082 0.515009,
2.12172 0.515239,
2.12316 0.51529,
2.12439 0.515529,
2.12564 0.515767,
2.12687 0.515591,
2.12818 0.515516,
2.12952 0.515455,
2.13085 0.515395,
2.13225 0.515468,
2.13361 0.515824,
2.13487 0.516447,
2.136 0.517325,
2.13671 0.518117,
2.13728 0.519008,
2.13772 0.519977,
2.138 0.521002,
2.13825 0.522199,
2.13849 0.523396,
2.13887 0.524533,
2.13895 0.52549,
2.13889 0.527334,
2.13872 0.52819,
2.13846 0.529018,
2.13808 0.529805,
2.13761 0.53054,
2.13674 0.531531,
2.13577 0.532365,
2.13479 0.533202,
2.13344 0.533677,
2.1321 0.534153,
2.13038 0.534504,
2.12867 0.534768,
2.12698 0.535034,
2.12533 0.534807,
2.12377 0.534194,
2.12124 0.532075,
2.11954 0.529038,
"/>
</Transform>

</Section>
