<?xml version="1.0"?>
<!DOCTYPE Section SYSTEM "section.dtd">

<Section index="600" thickness="0.00164" alignLocked="true">
<Transform dim="0"
 xcoef=" 0 1 0 0 0 0"
 ycoef=" 0 0 1 0 0 0">
<Contour name="OuterMembrane" hidden="false" closed="true" simplified="true" border="1 0 0" fill="1 0 0" mode="11"
points="2.00792 0.561149,
2.00639 0.560811,
2.00792 0.561446,
2.01259 0.562158,
2.01725 0.562871,
2.02151 0.563714,
2.0253 0.566033,
2.02912 0.568432,
2.03294 0.570832,
2.03696 0.573128,
2.04096 0.575422,
2.04541 0.577641,
2.05007 0.579747,
2.05466 0.581957,
2.05915 0.583743,
2.06345 0.585667,
2.06779 0.587519,
2.07186 0.589185,
2.07867 0.59223,
2.08287 0.593632,
2.08706 0.595036,
2.09226 0.596299,
2.09749 0.597042,
2.10235 0.597498,
2.10694 0.597741,
2.11137 0.597901,
2.11562 0.598005,
2.11981 0.597978,
2.12401 0.597954,
2.12834 0.596458,
2.1328 0.594828,
2.1371 0.593068,
2.1413 0.591236,
2.14568 0.589414,
2.15007 0.587053,
2.15412 0.584698,
2.15816 0.582341,
2.16175 0.579614,
2.16439 0.576157,
2.16723 0.572388,
2.17006 0.568619,
2.17277 0.564181,
2.17484 0.558689,
2.17718 0.554005,
2.17897 0.549375,
2.18022 0.545567,
2.1825 0.538578,
2.18351 0.533028,
2.18486 0.527909,
2.18591 0.523347,
2.18701 0.519299,
2.18812 0.515252,
2.1896 0.509579,
2.19096 0.505304,
2.19225 0.500576,
2.19406 0.496143,
2.19624 0.491895,
2.19942 0.488618,
2.20275 0.485481,
2.20632 0.482693,
2.21024 0.479967,
2.21369 0.477327,
2.21692 0.474744,
2.22031 0.472243,
2.22369 0.469506,
2.2292 0.46462,
2.23119 0.462244,
2.23301 0.459326,
2.23465 0.454318,
2.2363 0.449311,
2.23701 0.444506,
2.2375 0.439492,
2.23771 0.434823,
2.23793 0.430154,
2.23808 0.42598,
2.23763 0.422571,
2.2356 0.417205,
2.23334 0.412639,
2.23107 0.408071,
2.22824 0.403783,
2.22546 0.400019,
2.22271 0.396255,
2.21951 0.392495,
2.21633 0.388892,
2.21315 0.385464,
2.20964 0.382261,
2.20603 0.378978,
2.20196 0.376016,
2.19853 0.373833,
2.19509 0.371652,
2.19006 0.369141,
2.18541 0.36703,
2.18077 0.36492,
2.17669 0.363286,
2.17257 0.361636,
2.16838 0.35979,
2.16423 0.358396,
2.16018 0.356913,
2.15611 0.355432,
2.15166 0.354165,
2.14733 0.353361,
2.14302 0.352557,
2.1374 0.351757,
2.13251 0.351111,
2.12719 0.350619,
2.12188 0.350129,
2.11609 0.349896,
2.1116 0.351324,
2.10737 0.353,
2.10312 0.354676,
2.09617 0.357622,
2.09298 0.360198,
2.0898 0.363094,
2.0866 0.365989,
2.08342 0.369533,
2.08023 0.373077,
2.07821 0.375398,
2.07385 0.380275,
2.07122 0.383722,
2.0686 0.387168,
2.06578 0.391222,
2.06289 0.394723,
2.05989 0.398041,
2.05679 0.400883,
2.05317 0.404083,
2.04941 0.407504,
2.04598 0.410631,
2.04226 0.413601,
2.03854 0.41657,
2.03617 0.418789,
2.03294 0.422026,
2.03019 0.424768,
2.02599 0.427581,
2.02197 0.429769,
2.0181 0.431627,
2.01417 0.43336,
2.01025 0.435095,
2.00615 0.436637,
2.00264 0.438605,
1.99905 0.440907,
1.99547 0.44321,
1.99178 0.445829,
1.98809 0.448448,
1.98499 0.451728,
1.98171 0.455107,
1.97841 0.458487,
1.9752 0.462606,
1.97371 0.465481,
1.97197 0.470567,
1.97138 0.475611,
1.97077 0.480654,
1.97098 0.485465,
1.97118 0.490273,
1.97158 0.494963,
1.97233 0.499672,
1.97308 0.50438,
1.97384 0.509294,
1.97472 0.513805,
1.97587 0.518237,
1.97717 0.522743,
1.97874 0.527203,
1.98046 0.531611,
1.98253 0.535765,
1.9845 0.539881,
1.98671 0.543799,
1.98901 0.547427,
1.99132 0.551055,
1.99416 0.554222,
1.99773 0.556931,
2.002 0.559639,
"/>
<Contour name="InnerMembrane" hidden="false" closed="true" simplified="true" border="1 0 0" fill="1 0 0" mode="11"
points="2.01615 0.504585,
2.01607 0.504269,
2.01679 0.507293,
2.01835 0.513159,
2.01848 0.515393,
2.01902 0.518045,
2.02035 0.520933,
2.02178 0.523547,
2.02442 0.528465,
2.02556 0.530845,
2.02784 0.534092,
2.03032 0.537084,
2.03278 0.540077,
2.03524 0.54293,
2.03818 0.545116,
2.04054 0.546263,
2.04308 0.547035,
2.04639 0.548142,
2.04972 0.549249,
2.05194 0.550327,
2.0551 0.551102,
2.05828 0.551878,
2.06215 0.552509,
2.06604 0.553439,
2.06994 0.554369,
2.07285 0.554684,
2.07599 0.555406,
2.07929 0.556668,
2.08183 0.558236,
2.08437 0.559804,
2.08752 0.56148,
2.09067 0.563158,
2.09374 0.564486,
2.09664 0.565441,
2.09954 0.566395,
2.10255 0.567173,
2.10568 0.567853,
2.10889 0.568303,
2.11188 0.568519,
2.11475 0.568634,
2.11768 0.568693,
2.12075 0.568713,
2.12452 0.568729,
2.12772 0.568736,
2.13082 0.56869,
2.1339 0.568644,
2.13612 0.568242,
2.13986 0.566802,
2.14323 0.56529,
2.14661 0.56378,
2.1494 0.561618,
2.15088 0.560024,
2.15212 0.558256,
2.15393 0.553126,
2.15539 0.549707,
2.15716 0.546396,
2.15893 0.543084,
2.16108 0.538684,
2.16231 0.535485,
2.16354 0.532285,
2.16447 0.528762,
2.16541 0.525241,
2.16654 0.522004,
2.16767 0.518766,
2.16842 0.515795,
2.16918 0.512823,
2.17029 0.510066,
2.17129 0.506609,
2.17246 0.503218,
2.17389 0.499811,
2.17515 0.497022,
2.17641 0.494232,
2.17777 0.491487,
2.17877 0.488523,
2.17976 0.48556,
2.18072 0.482262,
2.18168 0.478964,
2.18377 0.474117,
2.18497 0.471321,
2.1861 0.468291,
2.18738 0.464963,
2.18866 0.461699,
2.18965 0.458342,
2.19001 0.455251,
2.19033 0.452246,
2.19053 0.449076,
2.19071 0.445906,
2.19068 0.442485,
2.19001 0.438451,
2.18901 0.433921,
2.18851 0.430587,
2.18801 0.427253,
2.1874 0.424376,
2.18645 0.421305,
2.18551 0.418233,
2.18437 0.414902,
2.18289 0.411338,
2.18054 0.408665,
2.17805 0.406528,
2.17587 0.404096,
2.17377 0.401839,
2.17169 0.399657,
2.16951 0.397485,
2.16733 0.395314,
2.1635 0.392747,
2.15975 0.390112,
2.15714 0.388414,
2.15453 0.386717,
2.1517 0.385139,
2.14866 0.383573,
2.14553 0.382189,
2.14241 0.380803,
2.1392 0.379647,
2.134 0.377764,
2.13177 0.376811,
2.12893 0.376429,
2.12562 0.376172,
2.12216 0.376045,
2.1187 0.375918,
2.11626 0.376241,
2.11232 0.377771,
2.10876 0.379206,
2.10522 0.380639,
2.10235 0.381936,
2.09866 0.383947,
2.09497 0.385959,
2.09243 0.38806,
2.0899 0.390163,
2.08774 0.392103,
2.08482 0.394894,
2.0819 0.397685,
2.07955 0.400044,
2.0768 0.402791,
2.07422 0.40497,
2.07178 0.407197,
2.06906 0.409811,
2.06633 0.412427,
2.06374 0.415838,
2.0615 0.418913,
2.0592 0.421636,
2.05718 0.424261,
2.05505 0.426707,
2.05292 0.429152,
2.05162 0.430823,
2.04898 0.434072,
2.04634 0.437321,
2.04406 0.440112,
2.04132 0.443018,
2.03857 0.445923,
2.03668 0.448305,
2.03417 0.452073,
2.0315 0.455717,
2.02993 0.458585,
2.02848 0.461501,
2.02697 0.464397,
2.02545 0.467293,
2.02443 0.470254,
2.02342 0.473271,
2.02237 0.476513,
2.02133 0.479585,
2.02033 0.482544,
2.01938 0.485593,
2.0182 0.488627,
2.01725 0.491757,
2.01663 0.494968,
2.01589 0.501615,
"/>
<Contour name="CristaeMembrane" hidden="false" closed="true" simplified="true" border="1 0 0" fill="1 0 0" mode="11"
points="2.08925 0.509179,
2.08865 0.507938,
2.08833 0.509571,
2.08851 0.510752,
2.08895 0.511918,
2.08954 0.512954,
2.09015 0.513991,
2.09051 0.515011,
2.09087 0.516029,
2.09111 0.516936,
2.09159 0.517963,
2.09208 0.518989,
2.09285 0.520264,
2.09354 0.520985,
2.09459 0.522061,
2.09566 0.523135,
2.09649 0.523975,
2.09733 0.524813,
2.09836 0.525676,
2.09951 0.526269,
2.10025 0.526501,
2.10132 0.526548,
2.10253 0.526602,
2.10366 0.526635,
2.10478 0.526652,
2.10584 0.526656,
2.10688 0.526729,
2.10789 0.526801,
2.10889 0.527214,
2.11019 0.527352,
2.11155 0.527375,
2.11293 0.527398,
2.11463 0.527711,
2.11558 0.528073,
2.1168 0.528192,
2.11796 0.528237,
2.11914 0.528272,
2.12031 0.528306,
2.12136 0.528251,
2.12239 0.528011,
2.12337 0.527586,
2.12405 0.527153,
2.12467 0.526629,
2.12523 0.526007,
2.1257 0.525313,
2.12623 0.524265,
2.12675 0.523216,
2.12716 0.522038,
2.12723 0.520841,
2.12728 0.519596,
2.12729 0.518511,
2.12731 0.517427,
2.12723 0.516429,
2.1268 0.515026,
2.12606 0.513571,
2.12567 0.512762,
2.12506 0.511957,
2.12444 0.511154,
2.124 0.510255,
2.12342 0.509443,
2.12273 0.508758,
2.12173 0.508159,
2.12073 0.50756,
2.12013 0.507001,
2.11939 0.506501,
2.11939 0.505412,
2.1198 0.504285,
2.12037 0.503177,
2.12085 0.502227,
2.12144 0.501397,
2.12203 0.500566,
2.12272 0.499834,
2.12337 0.498663,
2.12391 0.497533,
2.12447 0.496402,
2.1251 0.495357,
2.12547 0.494357,
2.12572 0.493166,
2.12596 0.491974,
2.12637 0.490665,
2.12644 0.489251,
2.12646 0.48793,
2.12647 0.486591,
2.12646 0.485514,
2.12646 0.484436,
2.12649 0.483585,
2.12634 0.482513,
2.12596 0.481342,
2.12519 0.480092,
2.12428 0.478787,
2.12344 0.477107,
2.12288 0.476172,
2.12214 0.475384,
2.12113 0.474357,
2.12011 0.47333,
2.11934 0.472587,
2.11827 0.471902,
2.11717 0.471566,
2.11609 0.471231,
2.11529 0.470847,
2.11442 0.47059,
2.11334 0.470454,
2.11186 0.470455,
2.1105 0.470454,
2.10912 0.470457,
2.10802 0.470459,
2.10691 0.47046,
2.10604 0.470475,
2.10497 0.470672,
2.10378 0.471215,
2.10258 0.471757,
2.10184 0.472136,
2.10117 0.472614,
2.10025 0.47352,
2.09943 0.474332,
2.09864 0.475133,
2.09779 0.47598,
2.09694 0.476827,
2.0964 0.477363,
2.0959 0.477981,
2.09544 0.478793,
2.0951 0.479723,
2.09456 0.481087,
2.09403 0.48245,
2.09349 0.483687,
2.09259 0.485404,
2.09221 0.486063,
2.09154 0.487416,
2.09121 0.488115,
2.09057 0.489378,
2.08993 0.49064,
2.08941 0.491695,
2.08887 0.492781,
2.08833 0.493868,
2.08787 0.49484,
2.08756 0.496005,
2.08754 0.497517,
2.08752 0.498945,
2.08751 0.500328,
2.08751 0.501407,
2.08749 0.502752,
2.08749 0.504095,
2.08756 0.505233,
2.08787 0.506398,
2.08818 0.507088,
2.08857 0.507734,
"/>
</Transform>

</Section>
