<?xml version="1.0"?>
<!DOCTYPE Section SYSTEM "section.dtd">

<Section index="627" thickness="0.00164" alignLocked="true">
<Transform dim="0"
 xcoef=" 0 1 0 0 0 0"
 ycoef=" 0 0 1 0 0 0">
<Contour name="OuterMembrane" hidden="false" closed="true" simplified="true" border="1 0 0" fill="1 0 0" mode="11"
points="2.01782 0.597754,
2.01684 0.597334,
2.02346 0.603021,
2.02789 0.606367,
2.03219 0.609704,
2.0365 0.613043,
2.04142 0.616535,
2.04634 0.620028,
2.0519 0.622982,
2.05746 0.625934,
2.06266 0.62789,
2.06835 0.629817,
2.07363 0.631679,
2.07891 0.633542,
2.08293 0.634628,
2.08936 0.634842,
2.09584 0.635003,
2.10138 0.635087,
2.10656 0.635098,
2.11175 0.635111,
2.11778 0.633534,
2.12395 0.631754,
2.12944 0.629491,
2.13453 0.626924,
2.1399 0.624915,
2.14535 0.622905,
2.15079 0.620722,
2.15621 0.618439,
2.16167 0.616137,
2.16718 0.613713,
2.17248 0.61049,
2.17753 0.606859,
2.18187 0.602816,
2.18563 0.598251,
2.18899 0.593701,
2.1922 0.589004,
2.19552 0.584097,
2.19867 0.578974,
2.2017 0.573616,
2.20455 0.567911,
2.20701 0.562591,
2.20941 0.557464,
2.21179 0.552336,
2.21323 0.547211,
2.21444 0.541974,
2.21538 0.536785,
2.2162 0.531624,
2.21713 0.526043,
2.21821 0.520902,
2.21935 0.514625,
2.2203 0.508366,
2.22123 0.502908,
2.22218 0.49745,
2.22266 0.490931,
2.2231 0.485414,
2.22348 0.479013,
2.22382 0.472632,
2.22409 0.466224,
2.22433 0.459817,
2.22297 0.453089,
2.22143 0.446315,
2.21976 0.439755,
2.21807 0.433905,
2.21633 0.428598,
2.21461 0.423291,
2.21229 0.418251,
2.20977 0.412936,
2.20726 0.407622,
2.20365 0.402571,
2.20017 0.397951,
2.19653 0.393702,
2.19237 0.389626,
2.18784 0.386161,
2.18343 0.382707,
2.17869 0.37954,
2.17364 0.376847,
2.16846 0.374269,
2.16308 0.371786,
2.15731 0.369425,
2.15147 0.36745,
2.14578 0.365394,
2.14007 0.363337,
2.13466 0.362256,
2.12939 0.361233,
2.12414 0.360257,
2.11881 0.359165,
2.11307 0.358184,
2.10706 0.357607,
2.10199 0.357318,
2.09505 0.357174,
2.08946 0.357164,
2.0839 0.357108,
2.07834 0.357051,
2.07293 0.357781,
2.06807 0.358501,
2.06319 0.35927,
2.05804 0.360034,
2.05287 0.360797,
2.04764 0.362816,
2.04182 0.365156,
2.03611 0.36776,
2.0305 0.370478,
2.02468 0.373307,
2.01928 0.37616,
2.0139 0.379012,
2.0091 0.382263,
2.00429 0.385512,
1.99942 0.389028,
1.9954 0.393421,
1.99208 0.398018,
1.98627 0.403993,
1.98378 0.407597,
1.98048 0.414205,
1.97851 0.419282,
1.97669 0.424371,
1.97492 0.430246,
1.97315 0.436119,
1.97162 0.441504,
1.9701 0.44689,
1.96948 0.454001,
1.9689 0.46113,
1.96862 0.466528,
1.96821 0.472687,
1.96789 0.478522,
1.96777 0.484253,
1.96767 0.489633,
1.96761 0.494919,
1.96756 0.500205,
1.96797 0.505578,
1.96877 0.511099,
1.97028 0.516746,
1.97171 0.522758,
1.97382 0.528895,
1.97592 0.53503,
1.97879 0.54078,
1.98153 0.546318,
1.98404 0.552117,
1.98681 0.558204,
1.98996 0.564273,
1.99309 0.570344,
1.99527 0.573433,
1.9989 0.577685,
2.00254 0.582403,
2.01 0.5916,
2.01456 0.595797,
"/>
<Contour name="InnerMembrane" hidden="false" closed="true" simplified="true" border="1 0 0" fill="1 0 0" mode="11"
points="2.05235 0.592519,
2.05085 0.591517,
2.04923 0.590823,
2.04762 0.590131,
2.046 0.589431,
2.04788 0.590574,
2.04977 0.591719,
2.05166 0.592863,
2.05356 0.594006,
2.0561 0.594961,
2.05864 0.595915,
2.06115 0.597008,
2.06366 0.598098,
2.06614 0.599067,
2.0686 0.600037,
2.07099 0.60088,
2.07339 0.601724,
2.07568 0.602459,
2.07798 0.603195,
2.08026 0.603774,
2.08252 0.604351,
2.0847 0.604852,
2.08688 0.60535,
2.09149 0.606032,
2.09633 0.606693,
2.1012 0.607149,
2.10589 0.6074,
2.11048 0.607574,
2.11488 0.607636,
2.11921 0.60771,
2.12359 0.607741,
2.12888 0.607761,
2.1342 0.607782,
2.1421 0.606575,
2.14668 0.605157,
2.15124 0.603736,
2.15578 0.601434,
2.16055 0.599172,
2.16534 0.596627,
2.1697 0.593688,
2.17382 0.590654,
2.17753 0.587471,
2.18053 0.583829,
2.18325 0.579965,
2.18563 0.57595,
2.18794 0.571656,
2.19024 0.567363,
2.19299 0.560864,
2.19486 0.555381,
2.19675 0.549899,
2.19793 0.545541,
2.19914 0.541361,
2.20016 0.536824,
2.20116 0.5325,
2.20178 0.527631,
2.20222 0.52267,
2.20236 0.517594,
2.20249 0.512277,
2.20259 0.50704,
2.2026 0.50268,
2.20262 0.498321,
2.20177 0.493932,
2.20091 0.489468,
2.19991 0.484974,
2.19885 0.480477,
2.19752 0.475831,
2.19614 0.470823,
2.19466 0.465996,
2.19311 0.461517,
2.19119 0.457076,
2.18924 0.45255,
2.1873 0.448025,
2.18397 0.44342,
2.18079 0.438894,
2.17803 0.43441,
2.175 0.430062,
2.17208 0.42622,
2.16918 0.422661,
2.16508 0.418244,
2.16098 0.413828,
2.15647 0.411104,
2.1524 0.408371,
2.14832 0.405639,
2.14443 0.403573,
2.14063 0.401229,
2.13694 0.3987,
2.13323 0.39617,
2.12928 0.393662,
2.12318 0.39102,
2.11655 0.389423,
2.11117 0.38808,
2.1064 0.387096,
2.10163 0.386112,
2.09738 0.385817,
2.09284 0.38562,
2.08811 0.385428,
2.08295 0.385389,
2.07777 0.385348,
2.07306 0.385703,
2.06827 0.385925,
2.06355 0.386587,
2.0591 0.387416,
2.05474 0.388359,
2.04997 0.38958,
2.0451 0.390965,
2.04023 0.39235,
2.03729 0.393585,
2.03426 0.395381,
2.02907 0.398249,
2.0244 0.400985,
2.01973 0.40372,
2.01553 0.406992,
2.01285 0.410718,
2.01025 0.4145,
2.00775 0.41858,
2.00538 0.422715,
2.00296 0.426807,
2.00057 0.430899,
1.99857 0.435128,
1.99644 0.439484,
1.9945 0.444315,
1.99224 0.449235,
1.98999 0.454155,
1.98875 0.459238,
1.9875 0.464318,
1.98652 0.469222,
1.9857 0.474117,
1.98514 0.478951,
1.98479 0.483431,
1.98453 0.487797,
1.98438 0.492141,
1.98447 0.496477,
1.98455 0.500813,
1.98643 0.505663,
1.98839 0.510386,
1.99035 0.51507,
1.9923 0.519272,
1.99426 0.523473,
1.99752 0.52902,
2.0006 0.534084,
2.00367 0.539148,
2.00647 0.542945,
2.00928 0.546602,
2.01198 0.55064,
2.01454 0.555056,
2.01699 0.559165,
2.01963 0.563169,
2.02227 0.567176,
2.0241 0.569183,
2.02592 0.571189,
2.02776 0.573196,
2.02958 0.575204,
2.03155 0.576993,
2.0335 0.578781,
2.03529 0.580506,
2.03706 0.58223,
2.03895 0.583833,
2.04083 0.585437,
2.0427 0.587041,
2.04459 0.588644,
2.04624 0.58908,
2.04777 0.589808,
2.04926 0.590625,
2.05075 0.591441,
2.05235 0.592522,
"/>
<Contour name="CristaeMembrane" hidden="false" closed="true" simplified="true" border="1 0 0" fill="1 0 0" mode="11"
points="2.10118 0.574707,
2.10112 0.574679,
2.10245 0.575996,
2.10379 0.577313,
2.1054 0.578323,
2.10738 0.578987,
2.10904 0.579068,
2.11048 0.579104,
2.1125 0.579125,
2.11452 0.579146,
2.11612 0.579041,
2.11742 0.578726,
2.12004 0.577851,
2.12165 0.57707,
2.12306 0.576166,
2.12437 0.575384,
2.12569 0.574602,
2.12701 0.573987,
2.12833 0.573374,
2.12967 0.572491,
2.13111 0.571668,
2.13256 0.570845,
2.1341 0.569848,
2.13554 0.569026,
2.137 0.568203,
2.13815 0.567251,
2.13927 0.56624,
2.14038 0.565183,
2.14148 0.564106,
2.14282 0.563125,
2.14415 0.562143,
2.14574 0.561346,
2.14735 0.560541,
2.14894 0.559735,
2.15071 0.558868,
2.15234 0.558189,
2.15398 0.557511,
2.15548 0.556841,
2.15701 0.556403,
2.15854 0.555965,
2.16114 0.555109,
2.16296 0.55481,
2.16477 0.554512,
2.16619 0.554254,
2.16751 0.553677,
2.16882 0.5531,
2.17023 0.552359,
2.17177 0.550942,
2.17303 0.549715,
2.17426 0.548536,
2.17548 0.547347,
2.17667 0.546158,
2.17764 0.544616,
2.17856 0.54295,
2.17949 0.541284,
2.17997 0.540318,
2.18027 0.538307,
2.18041 0.536482,
2.18056 0.534658,
2.18059 0.532902,
2.18086 0.531234,
2.1811 0.529564,
2.18125 0.528052,
2.18133 0.526353,
2.1814 0.524656,
2.18141 0.52298,
2.18141 0.521112,
2.18143 0.519358,
2.18143 0.517568,
2.18143 0.515705,
2.18143 0.514189,
2.18143 0.512684,
2.18143 0.511095,
2.18143 0.509633,
2.18143 0.50817,
2.18125 0.506686,
2.18092 0.504936,
2.18077 0.503262,
2.18069 0.501579,
2.18063 0.500029,
2.18063 0.498458,
2.18061 0.496592,
2.18061 0.495116,
2.18077 0.493337,
2.18107 0.491579,
2.18125 0.48983,
2.18154 0.488102,
2.18184 0.486373,
2.18205 0.484776,
2.18215 0.483288,
2.18243 0.481903,
2.18266 0.480422,
2.18289 0.478942,
2.18295 0.477314,
2.183 0.475762,
2.18304 0.474244,
2.18305 0.472692,
2.18305 0.471005,
2.18469 0.470665,
2.18632 0.470718,
2.18796 0.47077,
2.18938 0.471357,
2.19078 0.471659,
2.19347 0.472171,
2.19506 0.472359,
2.19671 0.472671,
2.19835 0.472983,
2.19939 0.473237,
2.20121 0.473481,
2.20286 0.473804,
2.2045 0.474126,
2.20623 0.474742,
2.20793 0.475357,
2.20897 0.475646,
2.21144 0.475943,
2.2131 0.476359,
2.21475 0.476774,
2.21723 0.477484,
2.21885 0.478414,
2.22012 0.478849,
2.22161 0.479088,
2.22272 0.479093,
2.22522 0.479105,
2.22778 0.479108,
2.22971 0.479065,
2.23165 0.479021,
2.23324 0.479059,
2.23483 0.479095,
2.23616 0.479067,
2.23791 0.478703,
2.23988 0.478024,
2.24114 0.477591,
2.24254 0.476869,
2.24393 0.476148,
2.24567 0.47528,
2.24657 0.474606,
2.24736 0.473817,
2.24895 0.471646,
2.25028 0.470814,
2.25142 0.469714,
2.25259 0.468614,
2.25347 0.467631,
2.25448 0.466152,
2.25548 0.464671,
2.25602 0.463707,
2.25677 0.462004,
2.25753 0.460302,
2.25849 0.458772,
2.25892 0.457711,
2.2592 0.456601,
2.25933 0.455157,
2.25953 0.453562,
2.25974 0.451968,
2.26 0.450916,
2.26013 0.449839,
2.26007 0.44728,
2.26007 0.445606,
2.26007 0.44393,
2.26015 0.442769,
2.26013 0.440045,
2.26007 0.438308,
2.26002 0.436068,
2.26015 0.434572,
2.26005 0.433027,
2.25995 0.431482,
2.26013 0.430234,
2.26005 0.428348,
2.25971 0.425724,
2.25931 0.423609,
2.25928 0.422231,
2.25897 0.420655,
2.25851 0.418466,
2.25844 0.417088,
2.25803 0.415688,
2.25762 0.414285,
2.25769 0.413191,
2.25769 0.411389,
2.25767 0.409587,
2.25759 0.407912,
2.25735 0.406795,
2.25689 0.405434,
2.25636 0.403789,
2.25582 0.402144,
2.25603 0.400788,
2.25598 0.399078,
2.25574 0.397866,
2.25528 0.396511,
2.25474 0.394942,
2.2542 0.393372,
2.25362 0.392003,
2.25288 0.390394,
2.25215 0.388783,
2.25159 0.387668,
2.25075 0.386409,
2.24987 0.384849,
2.24896 0.383291,
2.24813 0.38221,
2.24698 0.381056,
2.24582 0.379901,
2.24442 0.379061,
2.24301 0.37822,
2.24114 0.377266,
2.23926 0.376309,
2.23744 0.375603,
2.23639 0.375399,
2.23427 0.37463,
2.23293 0.374077,
2.2313 0.373674,
2.22969 0.373271,
2.22802 0.37292,
2.22579 0.372931,
2.22363 0.372916,
2.22192 0.3729,
2.2204 0.372903,
2.21881 0.372887,
2.2172 0.37287,
2.2152 0.373131,
2.21284 0.373771,
2.21131 0.374168,
2.20979 0.374563,
2.20803 0.37495,
2.20595 0.375932,
2.2046 0.376801,
2.20311 0.377643,
2.20163 0.378482,
2.20054 0.379055,
2.19826 0.380588,
2.19714 0.381525,
2.19601 0.382459,
2.19442 0.383486,
2.19278 0.384426,
2.19112 0.385367,
2.19007 0.386038,
2.18891 0.386915,
2.18774 0.387793,
2.18581 0.388436,
2.18461 0.389236,
2.18343 0.390038,
2.18218 0.390738,
2.18068 0.392185,
2.17915 0.393636,
2.17797 0.394827,
2.17679 0.396016,
2.17564 0.397101,
2.17472 0.398676,
2.17392 0.399965,
2.17302 0.401103,
2.17211 0.402241,
2.17098 0.403565,
2.17016 0.404801,
2.16934 0.406036,
2.16862 0.407284,
2.16756 0.409442,
2.16647 0.411602,
2.16575 0.413323,
2.16562 0.415059,
2.16551 0.416844,
2.16547 0.418776,
2.16534 0.420576,
2.16521 0.422379,
2.1648 0.424001,
2.16442 0.425737,
2.16409 0.427453,
2.16393 0.42917,
2.16378 0.430603,
2.16346 0.431994,
2.16311 0.433385,
2.16214 0.434484,
2.16132 0.435825,
2.1608 0.437357,
2.16029 0.438887,
2.15936 0.440686,
2.15844 0.442483,
2.15778 0.443789,
2.1574 0.445342,
2.15675 0.446703,
2.15599 0.448227,
2.15524 0.449749,
2.15447 0.451257,
2.15334 0.45345,
2.15248 0.45491,
2.15161 0.456369,
2.15053 0.457627,
2.14986 0.458867,
2.1484 0.46122,
2.14727 0.462523,
2.14655 0.463841,
2.1452 0.466104,
2.14443 0.467187,
2.14371 0.468681,
2.14299 0.470173,
2.14218 0.471748,
2.14136 0.473368,
2.14066 0.475152,
2.14002 0.476615,
2.13938 0.47808,
2.13884 0.47926,
2.13846 0.480666,
2.13815 0.482319,
2.13787 0.484035,
2.13723 0.485576,
2.13661 0.487116,
2.13599 0.488848,
2.13564 0.490626,
2.13539 0.492321,
2.13515 0.494017,
2.13512 0.4963,
2.13508 0.498004,
2.13507 0.499437,
2.13507 0.501415,
2.13507 0.503201,
2.13507 0.50492,
2.13505 0.506545,
2.13505 0.50817,
2.13518 0.509874,
2.13548 0.511063,
2.1362 0.513146,
2.1369 0.515229,
2.13743 0.516864,
2.1379 0.518378,
2.13838 0.519891,
2.13876 0.521466,
2.13895 0.523081,
2.13905 0.524636,
2.1391 0.526435,
2.13908 0.528005,
2.13881 0.529556,
2.13841 0.531086,
2.138 0.532616,
2.13772 0.534351,
2.13626 0.534379,
2.1348 0.534407,
2.13287 0.533648,
2.1312 0.532913,
2.1298 0.532182,
2.12854 0.531244,
2.12792 0.529771,
2.12759 0.527732,
2.12728 0.525692,
2.1269 0.523847,
2.12595 0.521817,
2.12524 0.520395,
2.12455 0.518973,
2.12336 0.517576,
2.12218 0.516177,
2.12091 0.515211,
2.11945 0.514466,
2.11798 0.513722,
2.11634 0.513235,
2.11422 0.513094,
2.1124 0.513092,
2.11058 0.51309,
2.1094 0.513187,
2.1082 0.513464,
2.10686 0.514071,
2.10551 0.51468,
2.10404 0.515796,
2.10241 0.5169,
2.10086 0.517956,
2.0993 0.518878,
2.09767 0.519837,
2.09605 0.520797,
2.09431 0.521804,
2.09256 0.522809,
2.09044 0.523311,
2.08846 0.523536,
2.08647 0.523762,
2.08534 0.523896,
2.0829 0.524713,
2.08141 0.525135,
2.07986 0.526089,
2.07813 0.52686,
2.07639 0.527632,
2.07442 0.528592,
2.07299 0.52951,
2.07155 0.53043,
2.07034 0.53139,
2.06911 0.532349,
2.06783 0.533784,
2.06655 0.535217,
2.06607 0.536815,
2.06579 0.538548,
2.0656 0.540214,
2.0655 0.541864,
2.06538 0.543514,
2.06566 0.545125,
2.06633 0.546787,
2.0675 0.548163,
2.0687 0.5495,
2.06988 0.550837,
2.07119 0.552049,
2.07258 0.552823,
2.07398 0.553595,
2.07555 0.554374,
2.07711 0.555153,
2.07854 0.555663,
2.08001 0.556303,
2.08139 0.556936,
2.08287 0.557646,
2.08436 0.558356,
2.0859 0.559124,
2.0872 0.559942,
2.08849 0.56076,
2.08956 0.562087,
2.09072 0.563373,
2.09174 0.564447,
2.09313 0.566269,
2.09453 0.567889,
2.09592 0.56951,
2.09718 0.570774,
2.09841 0.572007,
2.09966 0.573247,
2.10091 0.574487,
"/>
</Transform>

</Section>
