<?xml version="1.0"?>
<!DOCTYPE Section SYSTEM "section.dtd">

<Section index="667" thickness="0.00164" alignLocked="true">
<Transform dim="0"
 xcoef=" 0 1 0 0 0 0"
 ycoef=" 0 0 1 0 0 0">
<Contour name="OuterMembrane" hidden="false" closed="true" simplified="true" border="1 0 0" fill="1 0 0" mode="11"
points="2.01909 0.584198,
2.01879 0.584043,
2.01582 0.581723,
2.01727 0.582931,
2.02309 0.590518,
2.03032 0.596804,
2.04288 0.604302,
2.05766 0.610747,
2.06584 0.613824,
2.07078 0.615356,
2.08647 0.616856,
2.09382 0.616243,
2.09866 0.61521,
2.10341 0.613685,
2.1127 0.60986,
2.11839 0.606641,
2.12572 0.602119,
2.13305 0.597598,
2.1405 0.591523,
2.14758 0.584858,
2.15857 0.573349,
2.16268 0.568424,
2.16841 0.559386,
2.17287 0.552204,
2.17872 0.541889,
2.18222 0.537,
2.18507 0.531721,
2.19137 0.51775,
2.19371 0.50287,
2.19442 0.493745,
2.19478 0.484587,
2.19544 0.479415,
2.19685 0.466687,
2.19711 0.462204,
2.19798 0.446483,
2.19903 0.432625,
2.19809 0.42444,
2.19675 0.41616,
2.19322 0.407315,
2.18504 0.393395,
2.18156 0.388265,
2.17602 0.380268,
2.17303 0.376229,
2.16726 0.369749,
2.15704 0.357745,
2.15217 0.353653,
2.14551 0.348434,
2.13723 0.344018,
2.12906 0.339137,
2.11821 0.334906,
2.10874 0.331239,
2.09984 0.328544,
2.09092 0.32585,
2.07939 0.324174,
2.07063 0.323592,
2.05699 0.323669,
2.04867 0.325269,
2.03599 0.330122,
2.02775 0.334809,
2.02214 0.33838,
2.01353 0.346201,
2.00277 0.357464,
1.9998 0.361694,
1.99542 0.368582,
1.99024 0.376167,
1.98507 0.383752,
1.98148 0.391124,
1.97787 0.398494,
1.97235 0.411732,
1.96856 0.420455,
1.96649 0.424847,
1.96233 0.43623,
1.95996 0.447094,
1.95868 0.457339,
1.95821 0.466605,
1.95782 0.475326,
1.95772 0.490463,
1.9611 0.504995,
1.96475 0.513368,
1.96905 0.522437,
1.97645 0.53671,
1.97956 0.542243,
1.98615 0.550443,
1.9916 0.558641,
1.99457 0.562709,
2.00142 0.569889,
2.00534 0.573169,
2.0142 0.580411,
"/>
<Contour name="InnerMembrane" hidden="false" closed="true" simplified="true" border="1 0 0" fill="1 0 0" mode="11"
points="2.04177 0.576134,
2.04647 0.5782,
2.05128 0.578982,
2.05615 0.579468,
2.06156 0.579669,
2.06696 0.579709,
2.07234 0.579748,
2.07758 0.579893,
2.08301 0.578938,
2.08954 0.577183,
2.09608 0.575428,
2.09941 0.57485,
2.10266 0.573854,
2.10827 0.57193,
2.11365 0.569977,
2.11903 0.568022,
2.12342 0.566039,
2.12782 0.564055,
2.13252 0.561456,
2.13694 0.558592,
2.14135 0.555729,
2.14599 0.553051,
2.15129 0.5488,
2.1564 0.544196,
2.15945 0.540765,
2.16273 0.535206,
2.16526 0.53011,
2.16733 0.5253,
2.16892 0.520689,
2.17051 0.516078,
2.17128 0.511649,
2.17241 0.507165,
2.17348 0.502363,
2.17494 0.497699,
2.17608 0.492845,
2.17685 0.487697,
2.17721 0.481993,
2.17754 0.476231,
2.17769 0.471398,
2.17777 0.466849,
2.17774 0.462096,
2.17771 0.457344,
2.17654 0.452356,
2.17521 0.447318,
2.1739 0.442282,
2.17087 0.433903,
2.16813 0.428186,
2.16551 0.422813,
2.16286 0.417442,
2.15993 0.413416,
2.15711 0.409124,
2.15421 0.404736,
2.15114 0.400173,
2.14809 0.395609,
2.1446 0.390842,
2.1402 0.387816,
2.13579 0.385056,
2.13126 0.382519,
2.12672 0.379981,
2.12149 0.378222,
2.11627 0.376464,
2.10943 0.37594,
2.10604 0.37503,
2.09904 0.373553,
2.09246 0.373492,
2.08675 0.373469,
2.08113 0.373464,
2.0766 0.373446,
2.07048 0.373566,
2.06435 0.373684,
2.05954 0.374843,
2.05476 0.376003,
2.04915 0.377718,
2.04354 0.379432,
2.03742 0.382171,
2.03247 0.38471,
2.02753 0.387248,
2.02407 0.389339,
2.01936 0.393024,
2.01463 0.396488,
2.00989 0.39995,
2.00569 0.40294,
2.00236 0.406781,
1.99911 0.410835,
1.99586 0.414889,
1.99255 0.419348,
1.99063 0.424229,
1.98845 0.429208,
1.98629 0.434187,
1.98524 0.438987,
1.98402 0.443405,
1.98281 0.447823,
1.98168 0.45183,
1.9816 0.458723,
1.98138 0.465199,
1.98128 0.470204,
1.98123 0.476787,
1.98128 0.4826,
1.98133 0.488412,
1.98258 0.493061,
1.98383 0.49771,
1.98509 0.501986,
1.98686 0.50706,
1.99032 0.515021,
1.99308 0.520787,
1.99557 0.526425,
1.99798 0.531444,
2.00047 0.536633,
2.00318 0.541092,
2.00565 0.54558,
2.00815 0.550069,
2.01043 0.553761,
2.01431 0.558213,
2.0182 0.562668,
2.02447 0.568104,
2.02788 0.570577,
2.03163 0.572485,
2.0367 0.574308,
"/>
<Contour name="CristaeMembrane" hidden="false" closed="true" simplified="true" border="1 0 0" fill="1 0 0" mode="11"
points="2.10002 0.560304,
2.10038 0.559312,
2.10117 0.559137,
2.10269 0.558763,
2.10422 0.55839,
2.10535 0.55811,
2.1066 0.557962,
2.10783 0.557813,
2.10861 0.557707,
2.10937 0.557493,
2.11014 0.557167,
2.11135 0.556675,
2.11258 0.556183,
2.11366 0.556035,
2.11493 0.555688,
2.11619 0.55534,
2.11701 0.555199,
2.11788 0.554917,
2.11955 0.554084,
2.12059 0.55352,
2.12227 0.552672,
2.12323 0.551778,
2.12414 0.551148,
2.12506 0.550518,
2.12613 0.549756,
2.12674 0.549128,
2.12728 0.548388,
2.12783 0.547517,
2.12854 0.546651,
2.12924 0.545785,
2.1297 0.545149,
2.13008 0.544439,
2.13036 0.543466,
2.13074 0.542458,
2.1311 0.541448,
2.13125 0.540283,
2.13133 0.539166,
2.13136 0.538007,
2.13139 0.536777,
2.13139 0.53567,
2.13139 0.534568,
2.13141 0.533379,
2.13141 0.531995,
2.13141 0.530732,
2.13141 0.529428,
2.13141 0.528342,
2.13141 0.527326,
2.13139 0.526217,
2.13139 0.52511,
2.1311 0.523724,
2.13077 0.522932,
2.12993 0.521249,
2.12921 0.520262,
2.12851 0.519273,
2.12782 0.518032,
2.12723 0.517331,
2.12649 0.516689,
2.12552 0.516119,
2.12437 0.51575,
2.12323 0.515381,
2.12196 0.514909,
2.12119 0.51477,
2.11954 0.514766,
2.11814 0.514758,
2.11675 0.51475,
2.11557 0.514968,
2.11444 0.51549,
2.1133 0.516011,
2.11204 0.516721,
2.11083 0.517868,
2.10984 0.51885,
2.10902 0.519664,
2.10806 0.520403,
2.1071 0.521143,
2.10596 0.521927,
2.10525 0.522648,
2.10461 0.523683,
2.10396 0.524716,
2.10287 0.525864,
2.10214 0.526565,
2.10141 0.527265,
2.10059 0.52849,
2.09979 0.529713,
2.09928 0.530319,
2.09879 0.531262,
2.0983 0.532205,
2.09748 0.533444,
2.09664 0.534683,
2.09607 0.535606,
2.09548 0.536531,
2.0948 0.537157,
2.09423 0.537881,
2.09366 0.538804,
2.09307 0.539727,
2.09233 0.540783,
2.0918 0.542087,
2.09121 0.543854,
2.09087 0.54507,
2.09082 0.546251,
2.0908 0.547629,
2.09079 0.54878,
2.09079 0.549818,
2.0908 0.551296,
2.09084 0.552773,
2.09115 0.553948,
2.09172 0.555094,
2.09271 0.556257,
2.09402 0.55717,
2.0953 0.557498,
2.09658 0.557828,
2.09766 0.557757,
2.09866 0.55751,
2.10051 0.557898,
2.10214 0.557977,
2.10056 0.558822,
"/>
</Transform>

</Section>
