<?xml version="1.0"?>
<!DOCTYPE Section SYSTEM "section.dtd">

<Section index="682" thickness="0.00164" alignLocked="true">
<Transform dim="0"
 xcoef=" 0 1 0 0 0 0"
 ycoef=" 0 0 1 0 0 0">
<Contour name="OuterMembrane" hidden="false" closed="true" simplified="true" border="1 0 0" fill="1 0 0" mode="11"
points="2.04806 0.592335,
2.05446 0.593281,
2.0611 0.593901,
2.06779 0.594446,
2.07398 0.594169,
2.08016 0.593892,
2.08628 0.592324,
2.09239 0.590756,
2.09851 0.588045,
2.10412 0.585308,
2.10893 0.582462,
2.11385 0.579804,
2.11857 0.577085,
2.12359 0.574385,
2.12821 0.571433,
2.13262 0.568367,
2.1373 0.565331,
2.14182 0.562171,
2.14635 0.55901,
2.15047 0.555775,
2.1544 0.552404,
2.15798 0.548572,
2.16154 0.544739,
2.165 0.540505,
2.16705 0.535983,
2.16908 0.531462,
2.17 0.526388,
2.17043 0.520328,
2.17087 0.514268,
2.16952 0.50739,
2.16816 0.500513,
2.16577 0.495351,
2.16401 0.490245,
2.1647 0.484185,
2.16629 0.477994,
2.16801 0.471938,
2.16965 0.465727,
2.17164 0.459566,
2.17341 0.453052,
2.17479 0.447115,
2.17617 0.44118,
2.1763 0.434582,
2.17641 0.427986,
2.17584 0.424045,
2.17343 0.418215,
2.17061 0.413167,
2.1678 0.408117,
2.16421 0.403732,
2.1607 0.399783,
2.15719 0.395921,
2.15334 0.392449,
2.14927 0.389175,
2.14505 0.386179,
2.14084 0.383181,
2.13626 0.38108,
2.13169 0.378979,
2.12685 0.37779,
2.12198 0.377036,
2.11696 0.376492,
2.11166 0.376214,
2.10642 0.376085,
2.10125 0.375986,
2.09518 0.375627,
2.08854 0.375219,
2.08223 0.375608,
2.07604 0.376329,
2.06986 0.377051,
2.06442 0.378589,
2.05899 0.380127,
2.05284 0.382358,
2.04728 0.384934,
2.04173 0.387511,
2.03731 0.390907,
2.03285 0.394284,
2.02847 0.397885,
2.02381 0.401518,
2.01915 0.405151,
2.01556 0.408647,
2.01113 0.412514,
2.00711 0.416084,
2.0031 0.419653,
1.99959 0.423059,
1.99685 0.428088,
1.99386 0.433513,
1.99089 0.438936,
1.98875 0.444192,
1.98716 0.449627,
1.98622 0.455067,
1.98558 0.460612,
1.9853 0.466339,
1.98507 0.472182,
1.98501 0.478413,
1.98488 0.484692,
1.98538 0.490783,
1.98625 0.496725,
1.98743 0.503021,
1.9888 0.50881,
1.99009 0.514094,
1.99139 0.519377,
1.99355 0.525782,
1.99562 0.532003,
1.99768 0.538223,
2.00077 0.544767,
2.00383 0.551311,
2.00547 0.555147,
2.00844 0.559747,
2.01139 0.564349,
2.01405 0.567799,
2.0182 0.571912,
2.02235 0.576027,
2.02725 0.580032,
2.03214 0.584038,
2.03755 0.587046,
2.04296 0.590054,
"/>
<Contour name="InnerMembrane" hidden="false" closed="true" simplified="true" border="1 0 0" fill="1 0 0" mode="11"
points="2.02481 0.543699,
2.02348 0.542633,
2.02715 0.54579,
2.03083 0.548949,
2.03757 0.553388,
2.04269 0.55485,
2.0479 0.556213,
2.05313 0.557574,
2.05825 0.558448,
2.06383 0.559245,
2.06932 0.559811,
2.0745 0.560131,
2.07962 0.560329,
2.08475 0.560527,
2.09062 0.559514,
2.09653 0.558238,
2.10253 0.55659,
2.10801 0.555129,
2.1135 0.553667,
2.11785 0.551501,
2.12231 0.54887,
2.12701 0.546015,
2.13146 0.542351,
2.13589 0.538689,
2.14084 0.533966,
2.14356 0.52816,
2.14609 0.522461,
2.14796 0.517018,
2.14953 0.511534,
2.15063 0.505833,
2.15148 0.500621,
2.15211 0.495665,
2.15243 0.49074,
2.15265 0.48576,
2.15275 0.480817,
2.15284 0.475861,
2.15309 0.47086,
2.15339 0.46598,
2.1536 0.46031,
2.15365 0.455202,
2.1537 0.449773,
2.15376 0.444345,
2.1524 0.439305,
2.15075 0.434687,
2.14897 0.430229,
2.14699 0.425885,
2.1444 0.421487,
2.14179 0.417088,
2.13767 0.413121,
2.13326 0.409485,
2.12841 0.406305,
2.12313 0.403419,
2.11763 0.400654,
2.11163 0.398613,
2.10565 0.397149,
2.09959 0.396112,
2.09413 0.395599,
2.08902 0.395174,
2.08262 0.394968,
2.07717 0.394897,
2.07173 0.394827,
2.06632 0.396157,
2.06058 0.397739,
2.05482 0.399324,
2.05016 0.401183,
2.04552 0.403043,
2.04087 0.405173,
2.03619 0.407302,
2.03267 0.410036,
2.02822 0.414075,
2.02379 0.418116,
2.02163 0.420778,
2.01874 0.425418,
2.01625 0.430282,
2.01402 0.435043,
2.01207 0.439907,
2.01013 0.44477,
2.00913 0.449535,
2.00838 0.454474,
2.00774 0.459208,
2.00746 0.464973,
2.00725 0.470391,
2.00716 0.47548,
2.00706 0.480528,
2.00703 0.485379,
2.00697 0.490086,
2.00698 0.494986,
2.00693 0.499997,
2.00705 0.505814,
2.00718 0.511632,
2.00864 0.5165,
2.01064 0.521999,
2.01262 0.527498,
2.014 0.530611,
2.0181 0.536155,
2.02007 0.539001,
"/>
</Transform>

</Section>
