<?xml version="1.0"?>
<!DOCTYPE Section SYSTEM "section.dtd">

<Section index="638" thickness="0.00164" alignLocked="true">
<Transform dim="0"
 xcoef=" 0 1 0 0 0 0"
 ycoef=" 0 0 1 0 0 0">
<Contour name="OuterMembrane" hidden="false" closed="true" simplified="true" border="1 0 0" fill="1 0 0" mode="11"
points="2.07478 0.633155,
2.081 0.633767,
2.08672 0.634209,
2.09243 0.634652,
2.09795 0.634085,
2.10348 0.633516,
2.10778 0.632924,
2.11344 0.632117,
2.11908 0.631308,
2.12577 0.63005,
2.13182 0.627262,
2.13748 0.624697,
2.14345 0.622346,
2.14961 0.619559,
2.15575 0.616291,
2.16149 0.613324,
2.16644 0.6105,
2.17134 0.607159,
2.17646 0.603346,
2.18164 0.599041,
2.18668 0.594546,
2.19138 0.58956,
2.19632 0.584498,
2.20067 0.579524,
2.20511 0.574215,
2.20901 0.568701,
2.21292 0.563187,
2.21587 0.557605,
2.21815 0.551535,
2.22043 0.545697,
2.22272 0.539913,
2.22502 0.53413,
2.22681 0.528905,
2.2285 0.523959,
2.23017 0.518414,
2.23184 0.512869,
2.23342 0.507106,
2.23455 0.501287,
2.23539 0.495572,
2.23573 0.490125,
2.23606 0.484681,
2.2366 0.477565,
2.23701 0.470752,
2.23717 0.46445,
2.23734 0.458308,
2.23686 0.452027,
2.23609 0.445647,
2.23542 0.439013,
2.2347 0.432924,
2.23391 0.427417,
2.23296 0.421831,
2.23194 0.416337,
2.23081 0.410517,
2.22955 0.404244,
2.22812 0.398364,
2.22666 0.392516,
2.22461 0.387006,
2.22254 0.381495,
2.21871 0.375478,
2.21485 0.369461,
2.20854 0.361604,
2.20432 0.357997,
2.19937 0.354465,
2.19442 0.350934,
2.18853 0.347562,
2.18259 0.344646,
2.17666 0.34173,
2.16806 0.33854,
2.16209 0.336764,
2.1558 0.335085,
2.14952 0.333725,
2.1433 0.332658,
2.13653 0.331933,
2.13026 0.331403,
2.12454 0.33115,
2.11893 0.330942,
2.11286 0.330873,
2.1066 0.330813,
2.1013 0.330773,
2.09354 0.330857,
2.08633 0.331451,
2.07913 0.332044,
2.07221 0.333686,
2.06537 0.335993,
2.05902 0.338298,
2.05285 0.340653,
2.04744 0.342926,
2.04206 0.345509,
2.03652 0.348492,
2.03073 0.351695,
2.02483 0.354863,
2.01868 0.358014,
2.01295 0.361707,
2.00757 0.365868,
2.00301 0.370378,
1.99844 0.374697,
1.99401 0.379001,
1.9896 0.383304,
1.98494 0.387273,
1.98119 0.39266,
1.97743 0.398049,
1.97397 0.403041,
1.97076 0.40823,
1.96787 0.414139,
1.96554 0.419747,
1.96321 0.425352,
1.96154 0.430976,
1.96018 0.436939,
1.95908 0.443012,
1.95806 0.449381,
1.95737 0.455357,
1.95695 0.461083,
1.95685 0.468907,
1.9567 0.475475,
1.95668 0.481975,
1.95731 0.488654,
1.95793 0.495334,
1.95937 0.500333,
1.96083 0.505709,
1.96301 0.511554,
1.96495 0.517107,
1.96697 0.522493,
1.96898 0.527878,
1.9711 0.533131,
1.9733 0.538624,
1.97564 0.544285,
1.97817 0.550263,
1.98119 0.556308,
1.98466 0.562653,
1.98855 0.568813,
1.99242 0.574974,
1.99644 0.579399,
2.00023 0.583276,
2.0038 0.587453,
2.00767 0.591604,
2.01167 0.595822,
2.01582 0.600128,
2.01907 0.60476,
2.02278 0.609326,
2.02725 0.613176,
2.03175 0.617025,
2.0365 0.620863,
2.04128 0.624699,
2.04687 0.626898,
2.05253 0.628856,
2.0582 0.630815,
2.06387 0.631398,
2.06932 0.632276,
"/>
<Contour name="InnerMembrane" hidden="false" closed="true" simplified="true" border="1 0 0" fill="1 0 0" mode="11"
points="2.05635 0.600176,
2.05594 0.600066,
2.05359 0.599925,
2.05528 0.600358,
2.05695 0.600789,
2.05864 0.601222,
2.06033 0.601654,
2.062 0.602087,
2.06369 0.602518,
2.06537 0.602951,
2.06706 0.603382,
2.06865 0.603687,
2.07024 0.603992,
2.07184 0.604297,
2.07344 0.604601,
2.07632 0.604976,
2.07919 0.60535,
2.08208 0.605724,
2.08496 0.606098,
2.08652 0.606124,
2.08808 0.606151,
2.08966 0.606177,
2.09121 0.606203,
2.09387 0.606201,
2.09654 0.606198,
2.10263 0.605522,
2.10878 0.604178,
2.11494 0.602862,
2.1209 0.601295,
2.12687 0.599659,
2.1329 0.598008,
2.13894 0.596356,
2.14505 0.593426,
2.15097 0.590124,
2.15652 0.586907,
2.16165 0.583461,
2.16667 0.579624,
2.17126 0.575222,
2.17585 0.570827,
2.18046 0.566431,
2.18355 0.561798,
2.18683 0.557295,
2.18988 0.552547,
2.19234 0.547458,
2.19455 0.542792,
2.19826 0.533658,
2.19998 0.526115,
2.20163 0.519465,
2.20337 0.51385,
2.20495 0.508192,
2.20652 0.502532,
2.20778 0.496769,
2.20875 0.491021,
2.20969 0.484745,
2.21087 0.479123,
2.21193 0.473581,
2.21256 0.467826,
2.21293 0.461558,
2.21315 0.455681,
2.21329 0.450218,
2.21344 0.444753,
2.21243 0.43908,
2.21141 0.433408,
2.2089 0.427107,
2.20639 0.420806,
2.2026 0.415323,
2.1987 0.40979,
2.1945 0.404762,
2.19029 0.399732,
2.18725 0.394669,
2.18422 0.389605,
2.1802 0.384485,
2.17462 0.380388,
2.16906 0.37629,
2.16321 0.37268,
2.15711 0.369841,
2.1504 0.368539,
2.14369 0.367239,
2.13736 0.367048,
2.13189 0.367057,
2.12534 0.367083,
2.11988 0.36713,
2.11311 0.367226,
2.10763 0.367419,
2.10146 0.367806,
2.09497 0.368457,
2.08787 0.369257,
2.08141 0.370145,
2.07527 0.37076,
2.06919 0.370702,
2.06399 0.370507,
2.05456 0.370378,
2.04662 0.371691,
2.04106 0.373412,
2.03508 0.375927,
2.02942 0.37894,
2.02399 0.382161,
2.01909 0.385633,
2.01458 0.389316,
2.01008 0.393,
2.00602 0.397597,
2.00274 0.402194,
1.99944 0.406791,
1.99609 0.412922,
1.9934 0.418087,
1.99071 0.423251,
1.98907 0.428363,
1.98779 0.433677,
1.98652 0.438992,
1.98486 0.444647,
1.98335 0.449982,
1.98224 0.456171,
1.98133 0.461975,
1.98045 0.467779,
1.98022 0.475876,
1.97999 0.484066,
1.98128 0.490304,
1.98269 0.496794,
1.98389 0.502835,
1.98509 0.508877,
1.98743 0.514096,
1.98957 0.51979,
1.99139 0.525354,
1.99334 0.530845,
1.99529 0.536336,
1.99793 0.54164,
1.99995 0.54743,
2.00195 0.55322,
2.00462 0.559196,
2.0081 0.564795,
2.01157 0.570394,
2.01582 0.574817,
2.02014 0.578966,
2.02465 0.582405,
2.0273 0.584381,
2.02861 0.58537,
2.02994 0.586359,
2.0313 0.587307,
2.03267 0.588257,
2.03403 0.589206,
2.03539 0.590156,
2.03677 0.591076,
2.03816 0.591996,
2.03955 0.592916,
2.04095 0.593836,
2.04232 0.594756,
2.04372 0.595676,
2.04511 0.596596,
2.04651 0.597516,
2.04808 0.598075,
2.04967 0.598636,
2.05125 0.599195,
2.05282 0.599756,
2.05546 0.599933,
"/>
<Contour name="CristaeMembrane" hidden="false" closed="true" simplified="true" border="1 0 0" fill="1 0 0" mode="11"
points="2.05433 0.532211,
2.0542 0.530945,
2.05385 0.529904,
2.05351 0.528864,
2.05346 0.528101,
2.0533 0.52734,
2.05302 0.526532,
2.05253 0.525044,
2.05203 0.523944,
2.05154 0.522845,
2.05103 0.52101,
2.05085 0.519993,
2.05054 0.518558,
2.05023 0.517123,
2.05008 0.516108,
2.04964 0.514814,
2.04949 0.513294,
2.04936 0.511773,
2.04921 0.511001,
2.0489 0.509505,
2.04874 0.508366,
2.04857 0.507226,
2.04847 0.506422,
2.0481 0.505435,
2.04774 0.504448,
2.04754 0.503478,
2.04685 0.501612,
2.04657 0.500569,
2.04626 0.499865,
2.04585 0.499209,
2.04478 0.497743,
2.04415 0.496677,
2.04352 0.495613,
2.04318 0.494563,
2.0428 0.493806,
2.04229 0.4931,
2.04128 0.492069,
2.04036 0.491139,
2.03941 0.490196,
2.03847 0.489253,
2.03727 0.488395,
2.03632 0.487984,
2.03531 0.487652,
2.03429 0.487323,
2.03312 0.486964,
2.03185 0.486909,
2.03063 0.48688,
2.02947 0.486873,
2.02832 0.486864,
2.02734 0.486857,
2.02633 0.486852,
2.02545 0.4869,
2.02448 0.487108,
2.02358 0.487547,
2.02266 0.487989,
2.02158 0.4885,
2.0205 0.489012,
2.01982 0.489369,
2.0192 0.489811,
2.01822 0.49076,
2.01743 0.491562,
2.01663 0.492361,
2.01581 0.493176,
2.015 0.493989,
2.01418 0.494803,
2.0133 0.495736,
2.01272 0.496682,
2.01215 0.49763,
2.01146 0.498455,
2.01084 0.499629,
2.01041 0.500571,
2.0099 0.501528,
2.00938 0.502488,
2.00905 0.503332,
2.00884 0.504218,
2.00877 0.505947,
2.00879 0.507477,
2.00877 0.509007,
2.00898 0.510206,
2.00928 0.511322,
2.00944 0.512511,
2.00956 0.513776,
2.00966 0.51504,
2.01 0.516303,
2.01056 0.51745,
2.01113 0.518589,
2.01169 0.519729,
2.01231 0.521046,
2.01294 0.522361,
2.01321 0.523524,
2.01351 0.524221,
2.014 0.525896,
2.01448 0.526884,
2.01494 0.527924,
2.0154 0.528962,
2.01569 0.530141,
2.016 0.53084,
2.0164 0.531494,
2.01705 0.533143,
2.01738 0.534333,
2.01807 0.535632,
2.01866 0.536477,
2.01923 0.537413,
2.01981 0.53835,
2.02012 0.539066,
2.02053 0.539734,
2.02153 0.541031,
2.02201 0.541951,
2.02273 0.543004,
2.02343 0.544057,
2.02417 0.544941,
2.02489 0.545825,
2.02563 0.546528,
2.02642 0.547343,
2.02719 0.548537,
2.02796 0.549731,
2.02838 0.550678,
2.02929 0.551727,
2.03004 0.552562,
2.03076 0.5533,
2.03147 0.554038,
2.03227 0.554837,
2.03311 0.555842,
2.03393 0.556849,
2.03463 0.5578,
2.03534 0.558751,
2.0358 0.559752,
2.03645 0.560668,
2.03718 0.561488,
2.03791 0.562308,
2.03849 0.563386,
2.03911 0.56427,
2.03972 0.565155,
2.04016 0.565903,
2.04065 0.56652,
2.04121 0.567069,
2.04224 0.567709,
2.04383 0.568868,
2.04511 0.570057,
2.0459 0.570953,
2.04697 0.571756,
2.04859 0.572573,
2.04954 0.573201,
2.05103 0.574387,
2.05169 0.575102,
2.05244 0.575701,
2.05339 0.576304,
2.05421 0.576965,
2.05503 0.577626,
2.0561 0.57828,
2.05715 0.578936,
2.05786 0.579568,
2.05887 0.580199,
2.05987 0.580829,
2.0605 0.581341,
2.06141 0.581808,
2.06232 0.582275,
2.0632 0.582758,
2.06424 0.583074,
2.06527 0.583391,
2.06629 0.583807,
2.06714 0.584001,
2.0683 0.584034,
2.06958 0.584268,
2.07084 0.584504,
2.07166 0.584747,
2.0725 0.584872,
2.07365 0.585268,
2.07476 0.585728,
2.07588 0.586185,
2.07695 0.586456,
2.07809 0.58649,
2.07911 0.586508,
2.08054 0.586518,
2.08182 0.586521,
2.0829 0.58652,
2.08395 0.586521,
2.08536 0.586525,
2.08664 0.586526,
2.08797 0.586528,
2.08903 0.586528,
2.09011 0.58653,
2.09208 0.586525,
2.09333 0.586336,
2.0941 0.586075,
2.09574 0.585529,
2.09684 0.585149,
2.09794 0.58477,
2.09868 0.584565,
2.0994 0.584266,
2.10028 0.583592,
2.10117 0.582918,
2.10237 0.582346,
2.10333 0.58167,
2.1043 0.580993,
2.10519 0.580429,
2.10607 0.579863,
2.10702 0.579594,
2.10794 0.579143,
2.10888 0.578692,
2.10986 0.578208,
2.11079 0.577813,
2.11173 0.577416,
2.11294 0.57706,
2.11444 0.576549,
2.11563 0.576027,
2.11683 0.575507,
2.11776 0.575053,
2.1189 0.574636,
2.12004 0.57422,
2.12103 0.57408,
2.12214 0.573708,
2.12378 0.57289,
2.12483 0.572286,
2.12574 0.571671,
2.12664 0.571056,
2.12757 0.57028,
2.12852 0.569546,
2.12947 0.568809,
2.13051 0.568065,
2.13156 0.567319,
2.13256 0.566855,
2.13353 0.566146,
2.13435 0.565323,
2.13523 0.564449,
2.13613 0.563716,
2.13717 0.563163,
2.1382 0.56261,
2.13956 0.562136,
2.1405 0.561438,
2.14145 0.560741,
2.14255 0.560204,
2.14346 0.559386,
2.14435 0.558563,
2.14523 0.557889,
2.14612 0.557216,
2.14702 0.556534,
2.14791 0.555853,
2.14884 0.55544,
2.14973 0.554781,
2.15061 0.554123,
2.15165 0.55359,
2.15229 0.55311,
2.15332 0.552083,
2.15421 0.551202,
2.15496 0.550453,
2.15571 0.549705,
2.15647 0.548931,
2.15731 0.548216,
2.15814 0.547501,
2.15909 0.546984,
2.15972 0.546507,
2.16113 0.545605,
2.16203 0.54499,
2.16318 0.544093,
2.16431 0.543196,
2.165 0.542774,
2.1656 0.542268,
2.16677 0.5411,
2.16793 0.539932,
2.16897 0.538911,
2.1699 0.537968,
2.17095 0.537215,
2.172 0.536462,
2.17333 0.53536,
2.17426 0.534496,
2.1752 0.53363,
2.17603 0.533221,
2.17679 0.532687,
2.17781 0.531699,
2.17881 0.530714,
2.17949 0.529917,
2.18013 0.528895,
2.18076 0.527872,
2.18168 0.526989,
2.18235 0.526012,
2.18276 0.524946,
2.18317 0.52388,
2.18391 0.522371,
2.18443 0.521182,
2.18499 0.520119,
2.18555 0.519057,
2.18633 0.518014,
2.18717 0.516352,
2.18766 0.515355,
2.18815 0.51422,
2.18865 0.513085,
2.18886 0.512006,
2.18907 0.510927,
2.18935 0.510186,
2.1897 0.509163,
2.19002 0.508139,
2.19027 0.507411,
2.1904 0.50666,
2.19043 0.50544,
2.19043 0.504031,
2.19045 0.502885,
2.19043 0.501737,
2.19045 0.500494,
2.19043 0.499464,
2.19042 0.498435,
2.19043 0.497394,
2.19043 0.496289,
2.19043 0.495144,
2.19056 0.494039,
2.19068 0.492935,
2.19111 0.491731,
2.19171 0.489986,
2.19189 0.4887,
2.19199 0.48736,
2.19204 0.48615,
2.19206 0.484973,
2.19202 0.483807,
2.19197 0.482642,
2.19163 0.481571,
2.19127 0.480499,
2.19112 0.479224,
2.19042 0.477389,
2.19022 0.476448,
2.18956 0.474767,
2.18935 0.473824,
2.18901 0.472773,
2.18865 0.471721,
2.1883 0.470568,
2.18797 0.469417,
2.18784 0.468566,
2.18751 0.467097,
2.18733 0.465785,
2.18725 0.464755,
2.1872 0.463448,
2.18719 0.462323,
2.18715 0.461198,
2.18717 0.460174,
2.18717 0.458964,
2.18717 0.45794,
2.18717 0.456573,
2.18717 0.455441,
2.18715 0.454283,
2.18717 0.453088,
2.18717 0.451963,
2.18727 0.450772,
2.18735 0.449581,
2.18783 0.448278,
2.18791 0.447279,
2.18842 0.44558,
2.18906 0.444183,
2.1895 0.443576,
2.1904 0.442354,
2.1913 0.44113,
2.19204 0.440174,
2.19261 0.439033,
2.19319 0.43789,
2.19361 0.436616,
2.19366 0.435522,
2.19368 0.433988,
2.19371 0.432591,
2.1937 0.431202,
2.19352 0.429795,
2.19319 0.428471,
2.19284 0.427148,
2.19248 0.425805,
2.19189 0.424709,
2.19106 0.423792,
2.19015 0.422859,
2.18927 0.421957,
2.18848 0.421167,
2.18771 0.420375,
2.18684 0.419712,
2.18589 0.419086,
2.18494 0.418461,
2.18418 0.417951,
2.18335 0.417549,
2.18228 0.41725,
2.18118 0.417205,
2.18012 0.417182,
2.17892 0.417167,
2.17771 0.41716,
2.17643 0.41716,
2.17513 0.417159,
2.17438 0.417249,
2.17362 0.417442,
2.17282 0.417769,
2.17102 0.418312,
2.17003 0.418781,
2.16906 0.419251,
2.1681 0.419765,
2.16724 0.420529,
2.1658 0.4219,
2.1647 0.422995,
2.1636 0.424091,
2.16293 0.425424,
2.16223 0.426667,
2.16154 0.42791,
2.16114 0.428555,
2.1608 0.429363,
2.16026 0.431167,
2.15996 0.431891,
2.15949 0.433145,
2.15903 0.4344,
2.15817 0.435428,
2.15735 0.437047,
2.15683 0.437905,
2.15565 0.439417,
2.15498 0.440215,
2.15442 0.441267,
2.15386 0.442318,
2.1534 0.443371,
2.15301 0.444553,
2.15237 0.445634,
2.15175 0.446715,
2.1512 0.447735,
2.15066 0.448756,
2.1503 0.449457,
2.15004 0.450198,
2.14904 0.451759,
2.1482 0.452852,
2.14773 0.453775,
2.14727 0.4547,
2.14628 0.456177,
2.14556 0.457265,
2.14525 0.457972,
2.1446 0.459092,
2.14387 0.46002,
2.14314 0.46095,
2.14217 0.461393,
2.1412 0.462072,
2.14061 0.462677,
2.13935 0.464069,
2.13759 0.464976,
2.13672 0.465778,
2.13531 0.467124,
2.13423 0.46822,
2.13341 0.469035,
2.13238 0.470072,
2.13134 0.47111,
2.13062 0.471867,
2.13003 0.472837,
2.12939 0.473675,
2.12872 0.474452,
2.12805 0.475229,
2.12713 0.476256,
2.12665 0.477043,
2.12634 0.477783,
2.12587 0.478719,
2.12541 0.479657,
2.12498 0.480382,
2.12467 0.481183,
2.12429 0.48308,
2.12362 0.48398,
2.12319 0.48524,
2.12277 0.486499,
2.12221 0.487743,
2.12188 0.488746,
2.12141 0.489852,
2.12093 0.490959,
2.12062 0.491679,
2.12031 0.492672,
2.12 0.493666,
2.11973 0.49437,
2.11919 0.496077,
2.11881 0.497194,
2.11862 0.498206,
2.11844 0.499218,
2.11804 0.500412,
2.11765 0.501605,
2.11722 0.502717,
2.11688 0.503762,
2.11631 0.504707,
2.11573 0.50565,
2.11509 0.506835,
2.11445 0.508021,
2.11345 0.50953,
2.11273 0.510625,
2.11234 0.511844,
2.11193 0.513064,
2.11143 0.514412,
2.1113 0.515195,
2.11127 0.516466,
2.11124 0.517735,
2.11073 0.518762,
2.11017 0.519739,
2.10961 0.520716,
2.10884 0.521735,
2.10838 0.522648,
2.10806 0.523719,
2.10768 0.524864,
2.10745 0.526156,
2.10704 0.527439,
2.10663 0.528723,
2.10612 0.529607,
2.10581 0.530365,
2.10561 0.531157,
2.10519 0.532457,
2.10476 0.533758,
2.10369 0.534835,
2.10266 0.535717,
2.10163 0.5366,
2.10058 0.537149,
2.09946 0.53742,
2.09815 0.537556,
2.0971 0.537623,
2.09548 0.537664,
2.09426 0.537684,
2.09325 0.537694,
2.09208 0.537713,
2.0909 0.537735,
2.08943 0.537726,
2.08795 0.53772,
2.08713 0.537861,
2.08633 0.538115,
2.08469 0.538674,
2.08375 0.539002,
2.08182 0.539366,
2.08073 0.53935,
2.07963 0.539357,
2.07857 0.539352,
2.0775 0.539344,
2.0764 0.539337,
2.07524 0.539337,
2.07396 0.539345,
2.07268 0.539339,
2.07139 0.53933,
2.06999 0.539481,
2.06886 0.539819,
2.06781 0.539995,
2.06674 0.540168,
2.06555 0.540388,
2.06481 0.540657,
2.06348 0.541225,
2.06214 0.541792,
2.06115 0.5419,
2.06018 0.542271,
2.0592 0.542441,
2.05818 0.542527,
2.05715 0.542574,
2.05595 0.543744,
2.05594 0.541804,
2.05572 0.540354,
2.05551 0.538906,
2.05494 0.537849,
2.05467 0.536793,
2.05441 0.535737,
2.05431 0.534632,
2.05433 0.533421,
"/>
<Contour name="CristaeMembrane" hidden="false" closed="true" simplified="true" border="1 0 0" fill="1 0 0" mode="11"
points="2.17323 0.510311,
2.17321 0.509161,
2.1732 0.507573,
2.17318 0.505984,
2.1728 0.504541,
2.17226 0.502968,
2.172 0.502127,
2.17139 0.50029,
2.17108 0.498973,
2.17077 0.497656,
2.17065 0.496567,
2.17029 0.495564,
2.17011 0.49404,
2.16995 0.492517,
2.16983 0.491693,
2.16964 0.490893,
2.16931 0.490129,
2.16885 0.489212,
2.16839 0.488295,
2.1676 0.487187,
2.16646 0.486039,
2.16534 0.485201,
2.16406 0.484645,
2.16295 0.484522,
2.1618 0.484456,
2.16067 0.48439,
2.15955 0.4845,
2.15834 0.48502,
2.15711 0.48554,
2.15596 0.486086,
2.15481 0.486632,
2.15363 0.487385,
2.15293 0.488069,
2.15222 0.488825,
2.15152 0.489583,
2.1505 0.490267,
2.14948 0.49095,
2.14856 0.491729,
2.14774 0.4925,
2.14689 0.493346,
2.14605 0.494193,
2.14546 0.495298,
2.14492 0.496402,
2.14453 0.497538,
2.14415 0.498676,
2.14366 0.499682,
2.14332 0.500908,
2.14325 0.501973,
2.14318 0.503037,
2.14274 0.504054,
2.14258 0.505291,
2.14251 0.506614,
2.14248 0.507713,
2.14246 0.508718,
2.14246 0.509827,
2.14246 0.510967,
2.14245 0.512087,
2.14243 0.513207,
2.14255 0.514514,
2.143 0.515903,
2.14345 0.517294,
2.14373 0.518132,
2.14414 0.518909,
2.14464 0.519857,
2.14515 0.520807,
2.14566 0.522002,
2.1461 0.522666,
2.14686 0.52346,
2.14761 0.524256,
2.14997 0.526107,
2.15068 0.526386,
2.15142 0.526571,
2.15294 0.526656,
2.15255 0.52667,
2.15381 0.528054,
2.15496 0.528254,
2.15612 0.5283,
2.15732 0.528105,
2.15854 0.527562,
2.15978 0.52695,
2.16103 0.526338,
2.16188 0.525959,
2.16268 0.525448,
2.16375 0.524416,
2.16475 0.523426,
2.16573 0.522411,
2.16675 0.52141,
2.16754 0.520639,
2.16856 0.519624,
2.16957 0.518609,
2.17075 0.517443,
2.17138 0.516674,
2.17223 0.514998,
2.17272 0.514092,
2.17295 0.512838,
2.17308 0.511575,
"/>
</Transform>

</Section>
