<?xml version="1.0"?>
<!DOCTYPE Section SYSTEM "section.dtd">

<Section index="597" thickness="0.00164" alignLocked="true">
<Transform dim="0"
 xcoef=" 0 1 0 0 0 0"
 ycoef=" 0 0 1 0 0 0">
<Contour name="OuterMembrane" hidden="false" closed="true" simplified="true" border="1 0 0" fill="1 0 0" mode="11"
points="2.04993 0.564865,
2.04834 0.565178,
2.05095 0.566594,
2.05354 0.568011,
2.05584 0.568637,
2.05812 0.569265,
2.06028 0.569913,
2.06245 0.570559,
2.06437 0.572037,
2.06629 0.573516,
2.06797 0.575282,
2.06965 0.577049,
2.07125 0.578692,
2.07286 0.580335,
2.07572 0.583625,
2.07857 0.586917,
2.08173 0.589646,
2.0849 0.592196,
2.08854 0.594707,
2.09244 0.59727,
2.09633 0.599322,
2.10043 0.600914,
2.10453 0.602506,
2.10891 0.603177,
2.11329 0.603848,
2.12059 0.602966,
2.12383 0.602495,
2.12954 0.600189,
2.13492 0.597746,
2.13959 0.593911,
2.14199 0.591994,
2.14533 0.587396,
2.14868 0.582799,
2.15055 0.580368,
2.15393 0.576083,
2.15729 0.571799,
2.16034 0.568157,
2.16262 0.564201,
2.16452 0.560678,
2.16642 0.557156,
2.16778 0.553231,
2.16924 0.549311,
2.17093 0.545438,
2.17234 0.54152,
2.17375 0.537602,
2.175 0.533464,
2.17653 0.529605,
2.17815 0.525572,
2.17967 0.521264,
2.18136 0.5168,
2.18325 0.511949,
2.18459 0.508079,
2.18658 0.502432,
2.18838 0.497624,
2.19004 0.493783,
2.19253 0.490121,
2.19583 0.48728,
2.19913 0.484441,
2.2026 0.48176,
2.20606 0.479078,
2.20965 0.475962,
2.21175 0.473376,
2.21462 0.468199,
2.21694 0.463602,
2.21907 0.459308,
2.2212 0.455016,
2.22199 0.450262,
2.22248 0.44534,
2.22289 0.440397,
2.22328 0.435454,
2.2231 0.430436,
2.22127 0.425593,
2.21943 0.420749,
2.21694 0.415888,
2.2139 0.411817,
2.21141 0.408476,
2.20829 0.404823,
2.20534 0.40108,
2.20209 0.397203,
2.19914 0.393242,
2.19619 0.389282,
2.1932 0.385717,
2.1902 0.382199,
2.18709 0.378686,
2.1841 0.375043,
2.18112 0.371401,
2.17646 0.366589,
2.17305 0.364177,
2.16952 0.361912,
2.166 0.359649,
2.16223 0.357515,
2.15847 0.355383,
2.15398 0.354338,
2.14947 0.353607,
2.14502 0.352835,
2.14066 0.35222,
2.13626 0.351841,
2.13185 0.351462,
2.12562 0.351564,
2.12246 0.3521,
2.11617 0.353856,
2.11275 0.355736,
2.10929 0.35754,
2.10583 0.359344,
2.10176 0.361984,
2.09769 0.364626,
2.09197 0.368905,
2.08926 0.371977,
2.08654 0.375048,
2.08424 0.378873,
2.08232 0.38263,
2.08034 0.386302,
2.07836 0.389974,
2.07632 0.393941,
2.07422 0.39811,
2.07214 0.402277,
2.07025 0.40623,
2.06779 0.410462,
2.06502 0.414712,
2.06269 0.418175,
2.05974 0.421201,
2.05631 0.424289,
2.05289 0.427377,
2.04974 0.429808,
2.04592 0.431651,
2.04195 0.433247,
2.03783 0.434894,
2.03399 0.436194,
2.02983 0.437308,
2.02561 0.438833,
2.02125 0.44035,
2.0169 0.441865,
2.0102 0.444468,
2.00492 0.447951,
1.99964 0.451436,
1.99563 0.454985,
1.99186 0.458275,
1.98809 0.461567,
1.98448 0.464751,
1.98209 0.468548,
1.97743 0.474473,
1.97522 0.479505,
1.97364 0.484233,
1.97207 0.488961,
1.97161 0.493542,
1.97128 0.497897,
1.97098 0.505555,
1.97238 0.511486,
1.97364 0.517436,
1.97536 0.522174,
1.97707 0.526912,
1.97864 0.529417,
1.98178 0.534942,
1.98443 0.537841,
1.98711 0.540741,
1.99045 0.543642,
1.9944 0.546428,
1.99872 0.549187,
2.00303 0.551945,
2.00575 0.552934,
2.00846 0.553921,
2.01118 0.55491,
2.0139 0.555899,
2.01607 0.55646,
2.01823 0.557021,
2.02053 0.557675,
2.02283 0.55833,
2.02522 0.559171,
2.0276 0.560011,
2.02988 0.560555,
2.03212 0.561001,
2.03445 0.561019,
2.03636 0.561484,
2.03826 0.561948,
2.04005 0.562445,
2.04185 0.56282,
2.04374 0.563593,
2.04564 0.564365,
2.0469 0.564657,
2.04841 0.56476,
"/>
<Contour name="InnerMembrane" hidden="false" closed="true" simplified="true" border="1 0 0" fill="1 0 0" mode="11"
points="2.04178 0.447692,
2.04203 0.447381,
2.03883 0.449309,
2.03563 0.451236,
2.03353 0.452711,
2.03096 0.456159,
2.02852 0.459011,
2.02607 0.461865,
2.02427 0.464835,
2.02205 0.467613,
2.01984 0.470391,
2.01748 0.473466,
2.01508 0.475751,
2.01397 0.478406,
2.01285 0.48106,
2.01016 0.485807,
2.00969 0.489018,
2.00964 0.492566,
2.00979 0.496243,
2.00993 0.49992,
2.01031 0.503728,
2.01139 0.507464,
2.01243 0.510312,
2.01346 0.513161,
2.01459 0.515836,
2.01623 0.519475,
2.01989 0.524103,
2.02176 0.525346,
2.0264 0.528618,
2.02893 0.529936,
2.03193 0.530983,
2.03627 0.53271,
2.0406 0.534437,
2.04372 0.535603,
2.04683 0.536769,
2.04998 0.537825,
2.053 0.538893,
2.05594 0.540013,
2.05887 0.541312,
2.06197 0.542755,
2.06442 0.544275,
2.06684 0.545794,
2.06968 0.547489,
2.07242 0.54907,
2.07517 0.550651,
2.07822 0.552523,
2.08072 0.553944,
2.08498 0.556626,
2.08751 0.558323,
2.09005 0.560021,
2.09275 0.561816,
2.09546 0.563614,
2.09833 0.565006,
2.10118 0.5664,
2.10442 0.567028,
2.10768 0.567407,
2.11089 0.567591,
2.11416 0.567761,
2.1176 0.567776,
2.12106 0.567791,
2.12567 0.567079,
2.12788 0.566792,
2.13059 0.565772,
2.13339 0.564532,
2.13618 0.563292,
2.13907 0.561215,
2.14191 0.558822,
2.14466 0.556283,
2.14747 0.553516,
2.14994 0.550551,
2.15242 0.547585,
2.15434 0.543926,
2.15601 0.5407,
2.15737 0.537553,
2.15873 0.534407,
2.15995 0.531199,
2.16127 0.527773,
2.16272 0.524479,
2.16418 0.521184,
2.16519 0.517625,
2.16619 0.514319,
2.16703 0.511201,
2.168 0.50807,
2.16897 0.505181,
2.16993 0.502291,
2.17139 0.496889,
2.17282 0.494042,
2.17425 0.491195,
2.17664 0.48781,
2.17904 0.484425,
2.18158 0.481271,
2.18425 0.478491,
2.18679 0.475908,
2.18897 0.473694,
2.19106 0.471564,
2.19316 0.46948,
2.19524 0.467395,
2.19712 0.464924,
2.1996 0.461642,
2.20163 0.458792,
2.20367 0.455941,
2.2059 0.451533,
2.2066 0.449362,
2.2068 0.446318,
2.20692 0.442954,
2.20701 0.439622,
2.20711 0.436289,
2.20675 0.432798,
2.20564 0.429919,
2.20377 0.424732,
2.20198 0.42159,
2.20021 0.418446,
2.19886 0.416327,
2.19626 0.413021,
2.19366 0.409713,
2.19122 0.406794,
2.18868 0.405129,
2.18599 0.403263,
2.1833 0.401078,
2.18031 0.399079,
2.17744 0.397085,
2.17472 0.394871,
2.172 0.392659,
2.16921 0.390897,
2.1666 0.389211,
2.16395 0.387647,
2.16129 0.386084,
2.15839 0.384837,
2.15548 0.383591,
2.15307 0.382546,
2.14993 0.381635,
2.14687 0.38097,
2.14404 0.380191,
2.14118 0.379414,
2.13807 0.378919,
2.13497 0.378423,
2.13174 0.377671,
2.12803 0.3776,
2.12464 0.377572,
2.12124 0.377543,
2.11757 0.377789,
2.11549 0.378297,
2.11188 0.379501,
2.10858 0.380777,
2.1052 0.382082,
2.1021 0.383383,
2.09928 0.384869,
2.09646 0.386353,
2.09387 0.38778,
2.09151 0.389703,
2.08966 0.39215,
2.0878 0.394595,
2.08621 0.397593,
2.08464 0.400914,
2.08351 0.403583,
2.0808 0.408025,
2.0785 0.411917,
2.07644 0.415209,
2.07439 0.418498,
2.07271 0.421808,
2.07106 0.425116,
2.06925 0.428006,
2.06732 0.430664,
2.06509 0.433119,
2.06241 0.435302,
2.05979 0.436888,
2.05694 0.438054,
2.05408 0.43922,
2.05133 0.44077,
2.04885 0.442474,
2.04638 0.444176,
2.0438 0.445811,
"/>
</Transform>

</Section>
