<?xml version="1.0"?>
<!DOCTYPE Section SYSTEM "section.dtd">

<Section index="671" thickness="0.00164" alignLocked="true">
<Transform dim="0"
 xcoef=" 0 1 0 0 0 0"
 ycoef=" 0 0 1 0 0 0">
<Contour name="OuterMembrane" hidden="false" closed="true" simplified="true" border="1 0 0" fill="1 0 0" mode="11"
points="2.16944 0.552019,
2.17203 0.546455,
2.17395 0.540454,
2.17687 0.532675,
2.18046 0.52385,
2.18433 0.515139,
2.18791 0.504484,
2.19137 0.49038,
2.19224 0.480861,
2.19253 0.472256,
2.19252 0.460668,
2.19278 0.451231,
2.19193 0.44288,
2.19109 0.434529,
2.18953 0.429883,
2.18625 0.422013,
2.17905 0.407501,
2.17494 0.399899,
2.17082 0.392296,
2.1656 0.384888,
2.16278 0.381211,
2.15526 0.373423,
2.14773 0.365633,
2.13825 0.35959,
2.12995 0.355765,
2.12165 0.351941,
2.11642 0.350594,
2.10673 0.349764,
2.10182 0.348913,
2.09172 0.348766,
2.08155 0.348697,
2.06574 0.348587,
2.05966 0.349186,
2.05177 0.351303,
2.04388 0.35342,
2.03634 0.356698,
2.0264 0.361474,
2.01836 0.365854,
2.01013 0.369861,
2.00644 0.372106,
2.0027 0.374865,
1.99365 0.381367,
1.98773 0.388411,
1.98292 0.395888,
1.97387 0.408071,
1.96413 0.419614,
1.95964 0.433946,
1.95909 0.443364,
1.95885 0.452671,
1.95873 0.462323,
1.95868 0.47732,
1.96029 0.486514,
1.96146 0.495785,
1.96326 0.502783,
1.96682 0.512144,
1.96843 0.516956,
1.97348 0.525818,
1.97853 0.534679,
1.98578 0.546627,
1.98902 0.552034,
1.99742 0.565756,
2.00278 0.572636,
2.01358 0.584265,
2.01961 0.58961,
2.02333 0.592138,
2.0314 0.597854,
2.03435 0.599381,
2.04146 0.602351,
2.04961 0.605765,
2.05346 0.608622,
2.05758 0.611089,
2.06191 0.613139,
2.06643 0.614754,
2.07107 0.61592,
2.07583 0.616624,
2.08541 0.616789,
2.09021 0.616294,
2.09495 0.615323,
2.10446 0.613002,
2.11404 0.609081,
2.11896 0.60722,
2.12365 0.604837,
2.12851 0.601627,
2.13553 0.594879,
2.14263 0.588206,
2.14981 0.579404,
2.1563 0.572247,
2.15947 0.568337,
2.16424 0.560057,
"/>
<Contour name="InnerMembrane" hidden="false" closed="true" simplified="true" border="1 0 0" fill="1 0 0" mode="11"
points="2.02715 0.567005,
2.02419 0.565903,
2.02816 0.568025,
2.03324 0.56959,
2.03852 0.570118,
2.04459 0.570118,
2.05064 0.570118,
2.0552 0.569237,
2.05973 0.567934,
2.0643 0.566276,
2.06888 0.564301,
2.07337 0.561674,
2.07809 0.559045,
2.0826 0.556652,
2.08721 0.554928,
2.09198 0.553759,
2.09689 0.552646,
2.10179 0.551532,
2.10663 0.550951,
2.11148 0.550371,
2.11626 0.549594,
2.12118 0.547186,
2.12608 0.544778,
2.13044 0.542286,
2.13389 0.53855,
2.13843 0.534715,
2.14289 0.531043,
2.14717 0.527424,
2.1513 0.523719,
2.15545 0.520014,
2.15852 0.515121,
2.16159 0.510227,
2.16413 0.505056,
2.16667 0.499887,
2.1681 0.495119,
2.16898 0.489691,
2.16949 0.484292,
2.16977 0.479203,
2.17 0.47417,
2.17021 0.469137,
2.16967 0.463708,
2.16785 0.45857,
2.16603 0.453434,
2.16382 0.44785,
2.16163 0.442379,
2.15972 0.437109,
2.15781 0.432225,
2.15593 0.42734,
2.15339 0.421959,
2.15084 0.416576,
2.14784 0.412102,
2.14482 0.407629,
2.14217 0.403597,
2.13949 0.399566,
2.13613 0.395863,
2.13284 0.392357,
2.12944 0.38901,
2.12605 0.385661,
2.11914 0.381615,
2.11442 0.380462,
2.10945 0.379042,
2.10414 0.377628,
2.09882 0.376214,
2.09528 0.375696,
2.08918 0.375673,
2.08355 0.375653,
2.0778 0.375635,
2.07163 0.375645,
2.06656 0.375631,
2.06186 0.375632,
2.05335 0.375662,
2.04879 0.376706,
2.04413 0.378017,
2.03945 0.379327,
2.03514 0.381644,
2.03094 0.383824,
2.02652 0.38613,
2.02209 0.388436,
2.01805 0.391227,
2.014 0.394018,
2.01013 0.396516,
2.00559 0.400362,
2.00193 0.403675,
1.99827 0.406986,
1.99539 0.411086,
1.99263 0.415268,
1.98989 0.419451,
1.98789 0.424076,
1.98629 0.428972,
1.98427 0.434329,
1.98225 0.439686,
1.98171 0.444994,
1.98109 0.449804,
1.98064 0.454921,
1.98019 0.46004,
1.97959 0.466308,
1.9793 0.471598,
1.97915 0.476618,
1.97907 0.481863,
1.9791 0.487738,
1.97912 0.493614,
1.98094 0.500295,
1.98276 0.506978,
1.98507 0.512659,
1.98716 0.517308,
1.98994 0.522101,
1.99298 0.527112,
1.99613 0.531552,
1.99913 0.536173,
2.00218 0.54018,
2.00495 0.544093,
2.00772 0.548006,
2.01075 0.551783,
2.01392 0.555583,
2.0171 0.559383,
2.02045 0.563086,
2.02307 0.565196,
"/>
</Transform>

</Section>
