<?xml version="1.0"?>
<!DOCTYPE Section SYSTEM "section.dtd">

<Section index="615" thickness="0.00164" alignLocked="true">
<Transform dim="0"
 xcoef=" 0 1 0 0 0 0"
 ycoef=" 0 0 1 0 0 0">
<Contour name="OuterMembrane" hidden="false" closed="true" simplified="true" border="1 0 0" fill="1 0 0" mode="11"
points="2.07207 0.625745,
2.07165 0.62568,
2.06756 0.624625,
2.05976 0.622492,
2.06614 0.625135,
2.07078 0.625855,
2.07557 0.626268,
2.08037 0.62668,
2.08749 0.6268,
2.09162 0.626055,
2.09603 0.624937,
2.10002 0.623777,
2.10422 0.622447,
2.10848 0.621083,
2.11316 0.619216,
2.11755 0.61758,
2.12198 0.616176,
2.12639 0.614772,
2.13041 0.613152,
2.13431 0.611397,
2.13833 0.609281,
2.1422 0.607303,
2.14607 0.605324,
2.14973 0.603882,
2.15468 0.600583,
2.1574 0.598992,
2.16093 0.596358,
2.16446 0.593724,
2.16765 0.590694,
2.1709 0.587543,
2.17415 0.584394,
2.17694 0.580585,
2.17986 0.577096,
2.18277 0.573606,
2.1864 0.569934,
2.19002 0.566264,
2.19366 0.561675,
2.1979 0.557328,
2.20257 0.553538,
2.20532 0.549985,
2.20821 0.546651,
2.21097 0.543153,
2.21344 0.539521,
2.21594 0.535888,
2.218 0.532165,
2.21966 0.528318,
2.2213 0.524383,
2.22292 0.520449,
2.22415 0.517025,
2.22558 0.512828,
2.22699 0.508633,
2.22817 0.504261,
2.22935 0.49989,
2.23017 0.49704,
2.23119 0.491206,
2.23143 0.485261,
2.23204 0.480469,
2.23252 0.475297,
2.23312 0.470259,
2.2334 0.464994,
2.23371 0.459544,
2.23358 0.45395,
2.23289 0.449145,
2.23156 0.444568,
2.23009 0.440101,
2.22863 0.435592,
2.22719 0.431084,
2.22546 0.42663,
2.22387 0.422208,
2.2223 0.41776,
2.22048 0.413423,
2.21864 0.409087,
2.2168 0.404614,
2.21489 0.400345,
2.21295 0.396354,
2.21103 0.39236,
2.20836 0.388173,
2.20569 0.383985,
2.20268 0.379747,
2.19824 0.376154,
2.19381 0.37256,
2.18796 0.367453,
2.18292 0.364452,
2.17853 0.362265,
2.1741 0.35999,
2.16934 0.358214,
2.16432 0.356979,
2.15929 0.355744,
2.15373 0.355239,
2.14953 0.355062,
2.14542 0.354898,
2.13994 0.354822,
2.13515 0.35422,
2.13038 0.35373,
2.12542 0.353472,
2.12036 0.353284,
2.11612 0.35319,
2.11216 0.353149,
2.10791 0.353213,
2.1032 0.353671,
2.09849 0.354128,
2.09518 0.354832,
2.09069 0.355947,
2.08687 0.356898,
2.08282 0.358122,
2.0787 0.35936,
2.0746 0.360998,
2.0705 0.362637,
2.06614 0.364039,
2.06237 0.36591,
2.05869 0.367545,
2.05484 0.368966,
2.05036 0.370525,
2.04656 0.372198,
2.0426 0.374961,
2.03863 0.377726,
2.03376 0.380969,
2.03019 0.383001,
2.02732 0.386025,
2.02428 0.389285,
2.01736 0.39513,
2.01389 0.398592,
2.0079 0.405565,
2.00464 0.408759,
2.00123 0.411989,
1.99842 0.416034,
1.99506 0.419077,
1.9917 0.422121,
1.9882 0.424986,
1.98471 0.427853,
1.98187 0.431156,
1.97902 0.434459,
1.97658 0.437811,
1.97433 0.441242,
1.97244 0.444896,
1.97095 0.448794,
1.96989 0.452845,
1.96893 0.457083,
1.968 0.461322,
1.96711 0.465442,
1.96636 0.46963,
1.96592 0.474149,
1.96557 0.478824,
1.96543 0.48379,
1.96526 0.488756,
1.96521 0.49486,
1.9661 0.501218,
1.96715 0.507198,
1.96895 0.51282,
1.97035 0.518135,
1.97167 0.522804,
1.973 0.527473,
1.97497 0.53278,
1.97692 0.537238,
1.979 0.541535,
1.98097 0.545849,
1.98255 0.549507,
1.9844 0.553131,
1.9863 0.556837,
1.98852 0.560623,
1.99117 0.564424,
1.99383 0.568224,
1.99644 0.571704,
1.99903 0.575184,
2.00183 0.578502,
2.0048 0.581861,
2.00844 0.586088,
2.01176 0.589669,
2.01548 0.593031,
2.01936 0.596443,
2.02325 0.599855,
2.02629 0.602413,
2.0293 0.60497,
2.03308 0.607207,
2.03678 0.609478,
2.04055 0.611748,
2.04457 0.614185,
2.04836 0.616588,
2.05213 0.61899,
2.05577 0.620904,
2.06678 0.624325,
"/>
<Contour name="InnerMembrane" hidden="false" closed="true" simplified="true" border="1 0 0" fill="1 0 0" mode="11"
points="2.05805 0.58109,
2.05479 0.581147,
2.05069 0.580399,
2.05162 0.580673,
2.0574 0.584184,
2.06125 0.585833,
2.0655 0.587138,
2.06975 0.588443,
2.0736 0.58988,
2.0774 0.591222,
2.08139 0.592316,
2.08582 0.593213,
2.09003 0.593652,
2.09425 0.594093,
2.10174 0.594195,
2.10573 0.593386,
2.10971 0.592578,
2.11453 0.590995,
2.11831 0.589605,
2.12208 0.588216,
2.12824 0.585372,
2.13243 0.582872,
2.13654 0.580189,
2.14064 0.577505,
2.14374 0.57502,
2.1484 0.571317,
2.15253 0.567289,
2.1568 0.563384,
2.15873 0.561037,
2.16249 0.55789,
2.16596 0.554658,
2.16951 0.551311,
2.17293 0.547668,
2.17571 0.543791,
2.17846 0.539914,
2.18072 0.536332,
2.18277 0.532787,
2.18486 0.529061,
2.18692 0.525335,
2.18858 0.521425,
2.19007 0.517315,
2.19173 0.512958,
2.19337 0.508598,
2.19442 0.504535,
2.19545 0.500472,
2.19655 0.495998,
2.19763 0.491524,
2.19816 0.486808,
2.19876 0.482429,
2.19919 0.478306,
2.19947 0.474116,
2.1996 0.469622,
2.19975 0.464963,
2.19981 0.46003,
2.19988 0.455097,
2.19903 0.450931,
2.19819 0.446766,
2.19658 0.441739,
2.19483 0.436743,
2.19304 0.432145,
2.19096 0.427474,
2.18888 0.422805,
2.18596 0.41901,
2.18302 0.415073,
2.18022 0.410751,
2.17741 0.40643,
2.17535 0.402722,
2.17351 0.39936,
2.17166 0.395998,
2.16793 0.390946,
2.16521 0.388229,
2.16247 0.385512,
2.15919 0.383432,
2.15435 0.380765,
2.15009 0.378512,
2.14581 0.376257,
2.14164 0.374991,
2.13746 0.373725,
2.13338 0.37229,
2.12929 0.371713,
2.12492 0.371326,
2.12034 0.37107,
2.11506 0.37097,
2.10978 0.37087,
2.10246 0.37282,
2.09805 0.374376,
2.09366 0.375932,
2.08984 0.377143,
2.08441 0.379122,
2.07968 0.381323,
2.07498 0.383524,
2.0708 0.386004,
2.06563 0.389685,
2.06077 0.393198,
2.05635 0.396992,
2.05387 0.398702,
2.05016 0.401926,
2.04644 0.405152,
2.04203 0.408017,
2.03844 0.41134,
2.03485 0.414661,
2.03084 0.416993,
2.02783 0.419822,
2.02451 0.423079,
2.02127 0.426674,
2.01789 0.430384,
2.01451 0.434093,
2.01177 0.43899,
2.00903 0.443886,
2.00723 0.447695,
2.00549 0.45109,
2.00349 0.454441,
2.00114 0.458475,
1.99741 0.465053,
1.99642 0.470419,
1.9956 0.475454,
1.99513 0.479985,
1.99476 0.484261,
1.9944 0.488538,
1.99457 0.491513,
1.99532 0.495713,
1.99608 0.499913,
1.9975 0.504662,
1.99891 0.509412,
2.00065 0.513979,
2.00239 0.518547,
2.00423 0.52286,
2.00629 0.526952,
2.00815 0.531052,
2.01002 0.53515,
2.01243 0.538935,
2.01538 0.5423,
2.01833 0.545667,
2.02112 0.549164,
2.02345 0.553413,
2.02578 0.557661,
2.02853 0.561106,
2.03127 0.564552,
2.03344 0.56803,
2.03614 0.570827,
2.03904 0.57337,
2.04478 0.577936,
2.0479 0.579504,
2.05297 0.580298,
"/>
<Contour name="CristaeMembrane" hidden="false" closed="true" simplified="true" border="1 0 0" fill="1 0 0" mode="11"
points="2.07053 0.518468,
2.07039 0.518399,
2.07116 0.519014,
2.07239 0.519686,
2.0749 0.520771,
2.07609 0.521486,
2.07683 0.521927,
2.07768 0.522279,
2.07857 0.522817,
2.07947 0.523355,
2.08047 0.524129,
2.08213 0.524959,
2.08332 0.525855,
2.08418 0.526829,
2.08501 0.527803,
2.08547 0.528464,
2.086 0.529057,
2.08739 0.530435,
2.08821 0.531258,
2.08903 0.53208,
2.08992 0.532846,
2.0908 0.53361,
2.09198 0.53514,
2.09248 0.53616,
2.09298 0.537179,
2.09348 0.538053,
2.09436 0.539776,
2.0953 0.5409,
2.09622 0.542025,
2.09663 0.542778,
2.09751 0.54451,
2.09812 0.545371,
2.09872 0.54623,
2.0993 0.54717,
2.10018 0.548198,
2.10107 0.549225,
2.10153 0.550125,
2.10237 0.551066,
2.10309 0.551837,
2.10405 0.553493,
2.10473 0.554259,
2.10542 0.555027,
2.10643 0.55604,
2.10742 0.557029,
2.1082 0.557818,
2.10899 0.558607,
2.10966 0.559174,
2.11066 0.559811,
2.11166 0.560445,
2.11229 0.560923,
2.11394 0.561752,
2.11498 0.562302,
2.11619 0.562707,
2.1174 0.56311,
2.11865 0.563529,
2.1199 0.563947,
2.12127 0.564232,
2.12265 0.564519,
2.12336 0.564832,
2.12408 0.565052,
2.12519 0.565131,
2.12654 0.565311,
2.12788 0.56549,
2.12926 0.565928,
2.13056 0.565979,
2.13174 0.566003,
2.13303 0.566016,
2.13433 0.566028,
2.13576 0.566026,
2.1371 0.566028,
2.13817 0.566028,
2.1401 0.566028,
2.14117 0.565951,
2.14233 0.565634,
2.14369 0.564916,
2.1445 0.564586,
2.14643 0.56438,
2.14788 0.564285,
2.14886 0.563911,
2.14984 0.563537,
2.15096 0.56331,
2.15168 0.563042,
2.15235 0.562686,
2.15309 0.562148,
2.15386 0.561431,
2.15463 0.560714,
2.15629 0.559757,
2.1569 0.559178,
2.15804 0.558207,
2.15881 0.557818,
2.15954 0.557318,
2.16019 0.556698,
2.16083 0.55586,
2.16129 0.554961,
2.16175 0.554063,
2.16267 0.552864,
2.16357 0.551665,
2.16418 0.550591,
2.16478 0.549518,
2.16532 0.548487,
2.16588 0.547457,
2.16631 0.54654,
2.16674 0.54563,
2.16716 0.544721,
2.16764 0.543799,
2.16813 0.542878,
2.16859 0.542061,
2.16887 0.541059,
2.16916 0.540057,
2.16965 0.539083,
2.17011 0.538127,
2.17056 0.537171,
2.17106 0.536203,
2.17157 0.535235,
2.17208 0.53414,
2.17244 0.533048,
2.17279 0.531957,
2.1731 0.530955,
2.17341 0.529953,
2.17382 0.52891,
2.174 0.52806,
2.17464 0.52643,
2.17475 0.525279,
2.1748 0.52389,
2.17487 0.522501,
2.17485 0.52149,
2.17485 0.52048,
2.17528 0.519614,
2.17557 0.518558,
2.17561 0.517523,
2.17566 0.516315,
2.17569 0.515106,
2.17567 0.513551,
2.17567 0.5124,
2.17567 0.511249,
2.17569 0.50982,
2.17567 0.508397,
2.17567 0.507257,
2.17569 0.506217,
2.17567 0.505048,
2.17566 0.503823,
2.17564 0.502598,
2.17566 0.501194,
2.17539 0.499992,
2.1748 0.498537,
2.17461 0.497617,
2.17425 0.496594,
2.1739 0.495572,
2.17367 0.494844,
2.17321 0.493301,
2.1732 0.492169,
2.17298 0.491118,
2.17254 0.490194,
2.1721 0.489271,
2.17159 0.488154,
2.17087 0.487318,
2.17013 0.486334,
2.16938 0.48535,
2.16901 0.484689,
2.16828 0.483851,
2.16752 0.483013,
2.16662 0.48152,
2.16593 0.480599,
2.1649 0.479703,
2.16416 0.479262,
2.16334 0.478934,
2.16159 0.47804,
2.16054 0.477473,
2.15921 0.477089,
2.15801 0.476955,
2.15681 0.47682,
2.1557 0.476397,
2.15442 0.476197,
2.15322 0.476199,
2.15202 0.4762,
2.15097 0.476195,
2.14981 0.476195,
2.14853 0.476204,
2.1473 0.476199,
2.14605 0.476199,
2.14479 0.476199,
2.1435 0.476415,
2.1425 0.476881,
2.14151 0.477345,
2.14061 0.477743,
2.13972 0.478337,
2.13874 0.479359,
2.13828 0.480049,
2.13743 0.481422,
2.13689 0.482106,
2.1364 0.482996,
2.13603 0.484021,
2.13595 0.48521,
2.1358 0.486465,
2.13567 0.48772,
2.13559 0.488743,
2.13551 0.489766,
2.13564 0.491,
2.13577 0.492235,
2.13603 0.493433,
2.13633 0.494996,
2.13635 0.49622,
2.13636 0.497443,
2.13641 0.498673,
2.13649 0.499874,
2.13666 0.501056,
2.137 0.502157,
2.13713 0.50295,
2.13715 0.503756,
2.1374 0.505617,
2.13763 0.506716,
2.13812 0.507623,
2.13908 0.508149,
2.13971 0.508567,
2.14074 0.509566,
2.14118 0.510186,
2.14154 0.510855,
2.14195 0.512179,
2.14207 0.513389,
2.14205 0.515332,
2.14204 0.516352,
2.142 0.517374,
2.14194 0.518627,
2.1415 0.51997,
2.14112 0.521149,
2.14072 0.522329,
2.14051 0.52335,
2.1403 0.52437,
2.13994 0.525515,
2.13943 0.526476,
2.13871 0.527944,
2.1382 0.528938,
2.13767 0.529933,
2.13725 0.530924,
2.13664 0.531842,
2.13587 0.532621,
2.13494 0.53328,
2.13397 0.533715,
2.13261 0.534261,
2.13123 0.534806,
2.13026 0.53487,
2.12883 0.534796,
2.12741 0.534724,
2.12649 0.534435,
2.1257 0.534055,
2.12485 0.533438,
2.12411 0.532692,
2.12344 0.531673,
2.12278 0.530725,
2.12213 0.529776,
2.12149 0.528508,
2.12083 0.52745,
2.12019 0.526392,
2.1195 0.525425,
2.11903 0.52442,
2.11855 0.523414,
2.11806 0.52233,
2.11788 0.521499,
2.11783 0.520669,
2.11742 0.519675,
2.11699 0.518681,
2.11642 0.517402,
2.11601 0.51621,
2.11562 0.515017,
2.11544 0.514222,
2.11514 0.512623,
2.1148 0.511728,
2.11458 0.510598,
2.11429 0.509566,
2.11399 0.508536,
2.11366 0.507427,
2.11332 0.506319,
2.11288 0.5052,
2.11243 0.504382,
2.1118 0.50346,
2.11114 0.502539,
2.11078 0.501874,
2.1103 0.501238,
2.10952 0.500461,
2.10861 0.499559,
2.10773 0.498655,
2.1071 0.498058,
2.10612 0.497474,
2.10515 0.496892,
2.10422 0.496102,
2.10269 0.495259,
2.10189 0.494553,
2.10077 0.493911,
2.10004 0.493645,
2.09845 0.493153,
2.09756 0.492818,
2.09626 0.492705,
2.09517 0.492664,
2.09408 0.492623,
2.09308 0.49262,
2.09197 0.492607,
2.09069 0.492599,
2.08959 0.492594,
2.08854 0.492608,
2.08741 0.492615,
2.08603 0.492605,
2.08467 0.492595,
2.08377 0.49263,
2.08254 0.493038,
2.08131 0.493448,
2.08055 0.493584,
2.07885 0.494268,
2.07778 0.494491,
2.07663 0.495019,
2.07547 0.495606,
2.0743 0.496193,
2.07298 0.49684,
2.07234 0.497325,
2.07137 0.498281,
2.07048 0.499167,
2.06958 0.500051,
2.06904 0.500679,
2.06856 0.501399,
2.06824 0.50234,
2.06783 0.503447,
2.06742 0.504554,
2.06717 0.50531,
2.06702 0.506091,
2.06702 0.507162,
2.06701 0.508311,
2.06701 0.509609,
2.06699 0.510668,
2.06699 0.511728,
2.06706 0.512593,
2.0673 0.513589,
2.06774 0.514589,
2.06911 0.516461,
2.0696 0.517407,
"/>
</Transform>

</Section>
