<?xml version="1.0"?>
<!DOCTYPE Section SYSTEM "section.dtd">

<Section index="694" thickness="0.00164" alignLocked="true">
<Transform dim="0"
 xcoef=" 0 1 0 0 0 0"
 ycoef=" 0 0 1 0 0 0">
<Contour name="OuterMembrane" hidden="false" closed="true" simplified="true" border="1 0 0" fill="1 0 0" mode="11"
points="2.12729 0.503631,
2.12611 0.497663,
2.12493 0.491695,
2.12206 0.485243,
2.11919 0.47879,
2.11714 0.474139,
2.11407 0.470277,
2.11102 0.466416,
2.10678 0.462777,
2.10246 0.459435,
2.09794 0.45632,
2.09341 0.453207,
2.08826 0.450078,
2.08357 0.447484,
2.07862 0.445398,
2.07365 0.443312,
2.06768 0.441928,
2.06171 0.440545,
2.05653 0.439938,
2.04949 0.439628,
2.04337 0.439466,
2.03724 0.439304,
2.03158 0.440225,
2.02592 0.441147,
2.0195 0.443907,
2.01307 0.446667,
2.00887 0.449513,
2.00456 0.45297,
2.00026 0.456427,
1.99649 0.459587,
1.99271 0.462746,
1.98993 0.465491,
1.98738 0.468789,
1.98319 0.476712,
1.9815 0.48186,
1.98022 0.48769,
1.97894 0.49352,
1.97859 0.498508,
1.97825 0.503496,
1.97881 0.507383,
1.97982 0.510967,
1.98215 0.516456,
1.98422 0.52121,
1.98627 0.525966,
1.99014 0.532652,
1.99321 0.538487,
1.9965 0.544083,
2.00001 0.549116,
2.00316 0.553726,
2.00629 0.55812,
2.00944 0.562515,
2.01299 0.566787,
2.01799 0.570789,
2.02137 0.572622,
2.0286 0.57624,
2.03578 0.578118,
2.04298 0.579996,
2.06097 0.580783,
2.06209 0.580509,
2.07221 0.580631,
2.07732 0.580698,
2.08334 0.578972,
2.0897 0.576645,
2.09533 0.573705,
2.10094 0.570766,
2.10597 0.566623,
2.11101 0.562479,
2.11403 0.558158,
2.11706 0.553835,
2.11965 0.548447,
2.12167 0.543011,
2.12334 0.537207,
2.12478 0.531911,
2.12623 0.526614,
2.1271 0.52222,
2.12719 0.515465,
2.12724 0.509548,
"/>
</Transform>

</Section>
