<?xml version="1.0"?>
<!DOCTYPE Section SYSTEM "section.dtd">

<Section index="614" thickness="0.00164" alignLocked="true">
<Transform dim="0"
 xcoef=" 0 1 0 0 0 0"
 ycoef=" 0 0 1 0 0 0">
<Contour name="OuterMembrane" hidden="false" closed="true" simplified="true" border="1 0 0" fill="1 0 0" mode="11"
points="2.03106 0.596917,
2.03032 0.596517,
2.03347 0.599117,
2.03662 0.601716,
2.04003 0.60472,
2.04346 0.607725,
2.04675 0.609837,
2.05075 0.611841,
2.055 0.613581,
2.05925 0.615321,
2.0635 0.616317,
2.06789 0.617143,
2.07227 0.617972,
2.07709 0.61868,
2.08162 0.618395,
2.08613 0.618109,
2.09105 0.617219,
2.09597 0.616328,
2.10068 0.61591,
2.10538 0.61549,
2.10989 0.613988,
2.1144 0.612486,
2.11896 0.610372,
2.12359 0.607997,
2.1282 0.605622,
2.13205 0.603174,
2.13589 0.600724,
2.14033 0.598425,
2.14297 0.597029,
2.14802 0.59397,
2.15278 0.590405,
2.15603 0.587674,
2.15929 0.584942,
2.16326 0.582088,
2.16721 0.579233,
2.17106 0.576139,
2.17505 0.573018,
2.17912 0.569934,
2.18291 0.566379,
2.18673 0.562922,
2.19038 0.559179,
2.19337 0.5547,
2.19594 0.550107,
2.19827 0.545672,
2.20032 0.541166,
2.2025 0.535931,
2.20375 0.531964,
2.205 0.527996,
2.20611 0.523596,
2.20726 0.518889,
2.20775 0.514457,
2.20865 0.510455,
2.20956 0.506452,
2.21031 0.501948,
2.21108 0.497445,
2.21151 0.493227,
2.21179 0.489163,
2.21211 0.4847,
2.21213 0.479836,
2.21223 0.474688,
2.21231 0.46958,
2.21246 0.464427,
2.21288 0.459756,
2.21352 0.45523,
2.21188 0.448369,
2.21105 0.44426,
2.21021 0.440148,
2.2091 0.43615,
2.20808 0.431482,
2.20706 0.426933,
2.20603 0.422382,
2.20485 0.417803,
2.20342 0.413751,
2.20188 0.409538,
2.20006 0.405018,
2.19812 0.400188,
2.19604 0.395537,
2.19396 0.391222,
2.19212 0.387279,
2.19004 0.383317,
2.18746 0.379325,
2.18446 0.375184,
2.18117 0.371389,
2.17759 0.367978,
2.17364 0.365659,
2.169 0.363893,
2.1651 0.361149,
2.16144 0.359696,
2.15778 0.358243,
2.15314 0.357431,
2.14874 0.356559,
2.14458 0.355741,
2.14051 0.35453,
2.13595 0.353623,
2.13151 0.3528,
2.12724 0.352242,
2.12295 0.3519,
2.11831 0.351772,
2.11352 0.351614,
2.10576 0.351452,
2.10274 0.351649,
2.09682 0.353054,
2.09128 0.353978,
2.08572 0.354903,
2.08232 0.355575,
2.07611 0.357443,
2.07283 0.358171,
2.0693 0.359965,
2.06586 0.362197,
2.06233 0.364547,
2.05876 0.367235,
2.0554 0.369764,
2.05205 0.372295,
2.04902 0.374251,
2.04477 0.378399,
2.03998 0.381861,
2.03634 0.384998,
2.0344 0.38735,
2.03091 0.391458,
2.02763 0.395068,
2.02461 0.398677,
2.02143 0.402028,
2.01768 0.405146,
2.01377 0.408068,
2.01031 0.411066,
2.0069 0.414048,
2.0028 0.417923,
1.99923 0.421236,
1.99575 0.42445,
1.99244 0.42753,
1.98911 0.430608,
1.98653 0.434119,
1.98397 0.437631,
1.98123 0.442636,
1.97897 0.446938,
1.97715 0.451266,
1.97545 0.45548,
1.97394 0.459838,
1.97279 0.464469,
1.97166 0.469101,
1.9713 0.473145,
1.97113 0.478736,
1.97103 0.483656,
1.971 0.488656,
1.97095 0.493656,
1.97115 0.496705,
1.97146 0.502391,
1.97177 0.508075,
1.97225 0.513881,
1.97312 0.517007,
1.97517 0.523929,
1.978 0.52912,
1.98032 0.533589,
1.98276 0.537567,
1.98533 0.541461,
1.98793 0.545356,
1.98986 0.548729,
1.99311 0.553943,
1.99457 0.556931,
1.99654 0.559822,
2.00016 0.564591,
2.00323 0.568004,
2.00628 0.571415,
2.00926 0.57459,
2.01235 0.578164,
2.01543 0.581738,
2.01864 0.585075,
2.02196 0.588463,
2.02527 0.591851,
2.02852 0.595161,
"/>
<Contour name="InnerMembrane" hidden="false" closed="true" simplified="true" border="1 0 0" fill="1 0 0" mode="11"
points="2.08228 0.587673,
2.08652 0.588412,
2.09077 0.58915,
2.0948 0.589606,
2.09884 0.590061,
2.10617 0.590143,
2.11284 0.58854,
2.11672 0.586561,
2.1206 0.58458,
2.12455 0.58239,
2.12831 0.579822,
2.13207 0.577254,
2.13567 0.574592,
2.13956 0.571743,
2.14338 0.56906,
2.14691 0.566328,
2.15043 0.563596,
2.1547 0.55995,
2.15796 0.556572,
2.16129 0.553206,
2.16455 0.54951,
2.16782 0.545813,
2.17036 0.542041,
2.17244 0.538683,
2.17453 0.535324,
2.17648 0.531668,
2.17843 0.52787,
2.18043 0.523908,
2.18192 0.519696,
2.18332 0.515298,
2.18469 0.511022,
2.18607 0.506749,
2.18681 0.502112,
2.18753 0.497474,
2.18797 0.493502,
2.18899 0.487142,
2.1891 0.482176,
2.18919 0.477771,
2.18953 0.473189,
2.18988 0.468917,
2.19033 0.464756,
2.19088 0.460481,
2.19129 0.456117,
2.19183 0.450769,
2.19216 0.445547,
2.19234 0.441252,
2.19237 0.437173,
2.19183 0.432889,
2.19127 0.428604,
2.18925 0.423478,
2.18728 0.418946,
2.1853 0.414417,
2.18382 0.410221,
2.18204 0.406636,
2.1801 0.403197,
2.17825 0.399663,
2.17638 0.396129,
2.17416 0.392424,
2.17098 0.38907,
2.1678 0.385717,
2.16283 0.382353,
2.16055 0.380368,
2.15693 0.37834,
2.1522 0.376075,
2.14748 0.373808,
2.14214 0.372562,
2.13685 0.371588,
2.1322 0.37093,
2.12754 0.370273,
2.12355 0.369777,
2.11952 0.369476,
2.11493 0.369338,
2.11016 0.369295,
2.1054 0.369253,
2.10081 0.370358,
2.09643 0.371568,
2.09203 0.372779,
2.08844 0.374387,
2.08485 0.375998,
2.08072 0.378788,
2.07649 0.381749,
2.07235 0.385013,
2.06875 0.388244,
2.06561 0.391265,
2.06233 0.394167,
2.05917 0.397065,
2.05595 0.39986,
2.05272 0.402654,
2.04952 0.405344,
2.04634 0.408034,
2.043 0.410553,
2.03965 0.41307,
2.03601 0.415794,
2.0328 0.418466,
2.02958 0.421136,
2.02653 0.424514,
2.02286 0.427789,
2.01918 0.431064,
2.01523 0.43531,
2.01169 0.438977,
2.00874 0.443225,
2.00579 0.447472,
2.00339 0.451098,
2.00137 0.454496,
1.99941 0.458075,
1.9977 0.46215,
1.99581 0.466273,
1.99417 0.470257,
1.99283 0.475026,
1.99209 0.479877,
1.99171 0.48433,
1.99135 0.488781,
1.99114 0.492809,
1.99263 0.49897,
1.99383 0.505174,
1.99498 0.509566,
1.99614 0.513958,
1.99811 0.518311,
2.00028 0.522314,
2.00244 0.526317,
2.00452 0.530463,
2.00731 0.53414,
2.01012 0.537815,
2.01318 0.542297,
2.01658 0.545229,
2.02038 0.54804,
2.02433 0.550928,
2.02783 0.554379,
2.03147 0.557695,
2.03524 0.560893,
2.03896 0.564198,
2.04267 0.567504,
2.0468 0.570508,
2.05071 0.573365,
2.0543 0.576078,
2.05787 0.57879,
2.06158 0.581452,
2.06563 0.583286,
2.06986 0.584284,
2.07394 0.585421,
2.07804 0.586556,
"/>
<Contour name="CristaeMembrane" hidden="false" closed="true" simplified="true" border="1 0 0" fill="1 0 0" mode="11"
points="2.04351 0.486852,
2.04459 0.486859,
2.04305 0.486864,
2.04068 0.486872,
2.0395 0.486864,
2.03834 0.48686,
2.03718 0.486857,
2.03598 0.486919,
2.03506 0.487132,
2.03432 0.487423,
2.0336 0.487834,
2.03293 0.488343,
2.03188 0.489386,
2.03104 0.490224,
2.03019 0.491062,
2.02957 0.491813,
2.02906 0.492659,
2.02876 0.493681,
2.02847 0.494703,
2.02799 0.495634,
2.02752 0.496564,
2.02722 0.497832,
2.02691 0.4991,
2.02686 0.50017,
2.02686 0.501766,
2.02686 0.503362,
2.02702 0.504266,
2.02737 0.505168,
2.02783 0.506004,
2.02857 0.506893,
2.02947 0.508441,
2.03016 0.509217,
2.03088 0.509966,
2.03165 0.510765,
2.03244 0.511564,
2.03345 0.512472,
2.03437 0.512941,
2.03527 0.513412,
2.03701 0.514296,
2.038 0.514796,
2.03896 0.515295,
2.04009 0.51576,
2.04134 0.515885,
2.04259 0.515941,
2.04392 0.515975,
2.04495 0.515992,
2.04657 0.516557,
2.04765 0.516787,
2.04872 0.516807,
2.0498 0.516826,
2.05134 0.516762,
2.0528 0.516795,
2.05426 0.516828,
2.05597 0.516825,
2.05787 0.51681,
2.05918 0.516552,
2.05991 0.516269,
2.06133 0.515542,
2.06233 0.515049,
2.06335 0.514645,
2.06443 0.514253,
2.06547 0.513881,
2.06651 0.513507,
2.0676 0.513527,
2.06932 0.514022,
2.07093 0.514791,
2.07181 0.515611,
2.0727 0.516124,
2.07353 0.516782,
2.0746 0.51835,
2.07527 0.519157,
2.07585 0.51966,
2.07655 0.520493,
2.07727 0.521326,
2.07763 0.52205,
2.07808 0.522719,
2.07949 0.524042,
2.08021 0.524826,
2.08113 0.526497,
2.08173 0.527355,
2.08234 0.528269,
2.08293 0.52918,
2.08359 0.529932,
2.08457 0.531644,
2.08572 0.532838,
2.08657 0.534199,
2.08701 0.534891,
2.08757 0.535562,
2.08854 0.536346,
2.08928 0.537067,
2.09003 0.537787,
2.09066 0.538658,
2.09128 0.539527,
2.09198 0.540877,
2.09253 0.541936,
2.09333 0.542952,
2.09439 0.544022,
2.09469 0.544716,
2.09508 0.545366,
2.09605 0.546482,
2.09684 0.547206,
2.09761 0.547929,
2.09833 0.548721,
2.09904 0.549451,
2.09984 0.550256,
2.10118 0.551588,
2.1025 0.552814,
2.10323 0.553682,
2.10381 0.554174,
2.10445 0.554589,
2.10566 0.555522,
2.10688 0.556455,
2.10751 0.556926,
2.10924 0.557787,
2.11009 0.558346,
2.11125 0.559263,
2.1124 0.560178,
2.1134 0.56069,
2.1146 0.561088,
2.1158 0.561487,
2.11658 0.561744,
2.11817 0.561836,
2.11944 0.562067,
2.12065 0.562356,
2.12186 0.562645,
2.12303 0.562689,
2.12419 0.562718,
2.12528 0.562733,
2.12634 0.562736,
2.12742 0.56274,
2.12877 0.562507,
2.12956 0.56221,
2.13072 0.561639,
2.13187 0.561069,
2.13285 0.560869,
2.13379 0.560506,
2.13479 0.559896,
2.13554 0.559188,
2.13681 0.557938,
2.13789 0.556862,
2.13872 0.556034,
2.13953 0.555232,
2.14033 0.554423,
2.14173 0.553026,
2.14304 0.552193,
2.14378 0.551722,
2.14443 0.551148,
2.14502 0.550468,
2.14553 0.549597,
2.14604 0.548726,
2.14686 0.547714,
2.14747 0.546776,
2.14829 0.545795,
2.14922 0.544798,
2.15014 0.543801,
2.15081 0.543009,
2.15129 0.542228,
2.15232 0.540783,
2.15319 0.539854,
2.15381 0.538794,
2.15439 0.537597,
2.15494 0.5364,
2.1556 0.535153,
2.15626 0.533907,
2.15688 0.532511,
2.15755 0.531173,
2.15822 0.529835,
2.1587 0.528934,
2.15916 0.528034,
2.1597 0.526958,
2.16004 0.525635,
2.16049 0.524275,
2.16095 0.523068,
2.16149 0.521896,
2.16203 0.520725,
2.16232 0.519951,
2.16285 0.518276,
2.16319 0.517287,
2.16355 0.516229,
2.16391 0.515172,
2.16444 0.51345,
2.16482 0.512418,
2.16501 0.511354,
2.16519 0.510288,
2.16552 0.509231,
2.16583 0.508177,
2.16637 0.506967,
2.16672 0.505907,
2.16708 0.504846,
2.16751 0.503186,
2.16798 0.502155,
2.16813 0.501015,
2.16823 0.499883,
2.16826 0.498847,
2.16829 0.497842,
2.16829 0.496784,
2.16829 0.495724,
2.1681 0.494512,
2.16775 0.493181,
2.16741 0.491849,
2.16718 0.490914,
2.16672 0.489968,
2.16626 0.489022,
2.16572 0.487939,
2.16524 0.487305,
2.16409 0.486162,
2.16314 0.485196,
2.16218 0.484374,
2.16122 0.483554,
2.16019 0.483032,
2.15916 0.482509,
2.15775 0.481801,
2.15658 0.481432,
2.15544 0.481061,
2.15432 0.480715,
2.15319 0.480369,
2.15234 0.47993,
2.15093 0.479629,
2.14963 0.479242,
2.14837 0.478887,
2.1471 0.478529,
2.14591 0.478049,
2.14451 0.477912,
2.14322 0.477568,
2.14192 0.477224,
2.14113 0.476776,
2.14015 0.476405,
2.13887 0.476299,
2.13766 0.476187,
2.13638 0.475869,
2.1351 0.475551,
2.1341 0.475464,
2.13285 0.475425,
2.13157 0.475398,
2.13026 0.475387,
2.12892 0.475384,
2.12787 0.47538,
2.12652 0.475377,
2.12539 0.47538,
2.12405 0.475379,
2.12278 0.475375,
2.1215 0.475364,
2.12022 0.475352,
2.11926 0.4749,
2.11803 0.474731,
2.11688 0.474531,
2.11575 0.474331,
2.11503 0.474037,
2.11429 0.47384,
2.11275 0.473798,
2.1114 0.473765,
2.11022 0.473748,
2.10901 0.473745,
2.10776 0.473739,
2.10643 0.473735,
2.1054 0.473735,
2.10378 0.473737,
2.10248 0.473739,
2.10132 0.473735,
2.10023 0.473758,
2.09915 0.47378,
2.0979 0.473778,
2.09666 0.473776,
2.09494 0.473766,
2.09321 0.473758,
2.092 0.473747,
2.09079 0.473734,
2.08987 0.47384,
2.08885 0.474196,
2.08783 0.474552,
2.08667 0.474642,
2.08549 0.475044,
2.08433 0.475446,
2.08303 0.475864,
2.08175 0.476284,
2.08073 0.476563,
2.079 0.477415,
2.07758 0.47815,
2.07601 0.478949,
2.07514 0.479315,
2.07414 0.47982,
2.07314 0.480325,
2.07207 0.480541,
2.07065 0.480832,
2.06922 0.481122,
2.06768 0.48112,
2.06692 0.481214,
2.06619 0.481404,
2.06489 0.481724,
2.0636 0.482045,
2.06268 0.482308,
2.06166 0.482557,
2.06066 0.482808,
2.05948 0.48319,
2.0583 0.483572,
2.05712 0.48367,
2.05594 0.484031,
2.05469 0.484212,
2.05361 0.484302,
2.05254 0.48439,
2.05162 0.484449,
2.05074 0.484646,
2.04975 0.48511,
2.04872 0.485589,
2.04761 0.485957,
2.04651 0.486324,
2.04541 0.486586,
2.04342 0.48685,
"/>
<Contour name="CristaeMembrane" hidden="false" closed="true" simplified="true" border="1 0 0" fill="1 0 0" mode="11"
points="2.12 0.541356,
2.11978 0.54143,
2.12098 0.541369,
2.12219 0.54131,
2.12324 0.541366,
2.12465 0.541395,
2.12606 0.541426,
2.12701 0.541382,
2.12805 0.541154,
2.12887 0.540833,
2.13064 0.540296,
2.13174 0.539773,
2.13277 0.539229,
2.13382 0.538684,
2.13482 0.538259,
2.13572 0.537517,
2.13662 0.536774,
2.13754 0.535837,
2.1381 0.534899,
2.13882 0.533989,
2.13954 0.533079,
2.14004 0.532503,
2.14053 0.531585,
2.141 0.530666,
2.14159 0.529604,
2.14202 0.528331,
2.14245 0.52706,
2.14269 0.526335,
2.14284 0.525586,
2.14296 0.524059,
2.14309 0.52253,
2.14338 0.521828,
2.14353 0.520784,
2.14368 0.519739,
2.14369 0.518238,
2.14371 0.516738,
2.14361 0.515508,
2.14314 0.514414,
2.14266 0.513322,
2.14217 0.512243,
2.14161 0.511126,
2.14107 0.509986,
2.14051 0.508843,
2.1399 0.507647,
2.13928 0.506452,
2.13876 0.505358,
2.13825 0.504262,
2.13772 0.503346,
2.13671 0.502291,
2.1358 0.501361,
2.13495 0.500487,
2.13408 0.499615,
2.13336 0.498895,
2.13246 0.498273,
2.13152 0.497802,
2.13047 0.497286,
2.12941 0.496769,
2.12836 0.496253,
2.12719 0.496066,
2.12601 0.495879,
2.12505 0.495418,
2.12364 0.495234,
2.12247 0.495142,
2.12141 0.495098,
2.12004 0.495075,
2.11886 0.495068,
2.11772 0.495078,
2.11644 0.49507,
2.1154 0.495067,
2.11399 0.495062,
2.11258 0.495057,
2.11161 0.495091,
2.11079 0.495249,
2.10896 0.495938,
2.10786 0.496341,
2.10674 0.496746,
2.10599 0.497292,
2.10533 0.497952,
2.10442 0.49886,
2.10351 0.49977,
2.10287 0.5004,
2.10233 0.50114,
2.10191 0.501981,
2.10158 0.502967,
2.10135 0.504056,
2.10114 0.505145,
2.10087 0.506263,
2.10076 0.507368,
2.10066 0.508472,
2.10063 0.509704,
2.10063 0.510814,
2.10063 0.511949,
2.10061 0.513154,
2.10061 0.514171,
2.10061 0.515188,
2.10071 0.516013,
2.10107 0.517099,
2.10143 0.518184,
2.10148 0.518957,
2.10163 0.519731,
2.1021 0.52078,
2.10258 0.521828,
2.10317 0.523411,
2.10355 0.524456,
2.10394 0.5255,
2.10419 0.526663,
2.10456 0.527757,
2.10492 0.528852,
2.1052 0.529618,
2.10592 0.531045,
2.10671 0.532562,
2.10714 0.533505,
2.10794 0.53446,
2.10876 0.535414,
2.10961 0.536265,
2.11035 0.537005,
2.11112 0.537749,
2.11189 0.538494,
2.11357 0.53934,
2.11421 0.539776,
2.11565 0.540482,
2.11813 0.541216,
2.11945 0.541425,
"/>
</Transform>

</Section>
