<?xml version="1.0"?>
<!DOCTYPE Section SYSTEM "section.dtd">

<Section index="678" thickness="0.00164" alignLocked="true">
<Transform dim="0"
 xcoef=" 0 1 0 0 0 0"
 ycoef=" 0 0 1 0 0 0">
<Contour name="OuterMembrane" hidden="false" closed="true" simplified="true" border="1 0 0" fill="1 0 0" mode="11"
points="2.1538 0.546222,
2.1574 0.541456,
2.16493 0.528323,
2.16947 0.519219,
2.17162 0.514024,
2.17336 0.507575,
2.17531 0.498555,
2.17653 0.493922,
2.1773 0.489192,
2.1774 0.478547,
2.17799 0.46687,
2.17826 0.457091,
2.17825 0.441139,
2.177 0.434992,
2.17571 0.430903,
2.16946 0.416711,
2.16647 0.411904,
2.15739 0.399875,
2.15404 0.39543,
2.14768 0.389098,
2.14133 0.382765,
2.13292 0.377913,
2.12449 0.373062,
2.11416 0.369854,
2.11002 0.368618,
2.10581 0.367752,
2.0909 0.367173,
2.08132 0.368277,
2.07166 0.368902,
2.06199 0.369379,
2.05589 0.370043,
2.04992 0.371468,
2.03608 0.375726,
2.0266 0.379539,
2.01712 0.383352,
2.00979 0.387752,
2.00595 0.390423,
1.99816 0.397948,
1.99122 0.402855,
1.98489 0.408734,
1.98155 0.412411,
1.97859 0.416421,
1.97464 0.425149,
1.97067 0.433877,
1.96918 0.4397,
1.96698 0.448542,
1.96634 0.453176,
1.96641 0.462649,
1.96649 0.471489,
1.96797 0.482813,
1.96943 0.494135,
1.97236 0.504826,
1.97486 0.51565,
1.97823 0.524213,
1.98214 0.53421,
1.98547 0.542015,
1.98902 0.549856,
1.99116 0.553579,
1.99362 0.557134,
2.00333 0.566937,
1.99939 0.563532,
2.01046 0.573272,
2.01653 0.580678,
2.02806 0.589221,
2.03239 0.591272,
2.03691 0.592888,
2.04155 0.594052,
2.04631 0.594756,
2.06074 0.594984,
2.06565 0.594646,
2.07558 0.592808,
2.08582 0.588809,
2.09369 0.585411,
2.10735 0.578974,
2.11676 0.573395,
2.12585 0.567906,
2.13494 0.562417,
2.13851 0.559955,
2.14615 0.553088,
"/>
<Contour name="InnerMembrane" hidden="false" closed="true" simplified="true" border="1 0 0" fill="1 0 0" mode="11"
points="2.02342 0.556375,
2.02294 0.556213,
2.01858 0.554002,
2.01162 0.548806,
2.01484 0.551729,
2.0185 0.55409,
2.02512 0.558648,
2.02888 0.560145,
2.03283 0.561064,
2.0385 0.561206,
2.0438 0.561534,
2.04897 0.561808,
2.05438 0.561974,
2.05992 0.562082,
2.06448 0.562136,
2.0728 0.562192,
2.0795 0.56131,
2.08619 0.560495,
2.09125 0.559348,
2.0959 0.55803,
2.10054 0.556709,
2.10473 0.555476,
2.10856 0.553161,
2.11275 0.55071,
2.11691 0.547832,
2.12111 0.54476,
2.12524 0.541456,
2.12938 0.538151,
2.13289 0.534238,
2.13876 0.527782,
2.14218 0.52254,
2.14563 0.517738,
2.14861 0.513397,
2.1516 0.509058,
2.15411 0.503831,
2.15567 0.498481,
2.15662 0.49323,
2.15719 0.488302,
2.1575 0.483442,
2.15763 0.478539,
2.15776 0.473376,
2.1574 0.468297,
2.15704 0.463218,
2.15576 0.45808,
2.15455 0.452852,
2.15325 0.44742,
2.15212 0.442505,
2.15099 0.437588,
2.14933 0.433334,
2.14758 0.429026,
2.14584 0.424717,
2.14355 0.420548,
2.13999 0.416262,
2.13507 0.412248,
2.13028 0.408385,
2.12551 0.404522,
2.12059 0.401784,
2.1159 0.399497,
2.11134 0.397441,
2.10688 0.395327,
2.10248 0.393218,
2.09808 0.391109,
2.09313 0.389695,
2.08816 0.388281,
2.0831 0.387445,
2.07831 0.386791,
2.07352 0.386138,
2.06688 0.386358,
2.06023 0.386578,
2.05484 0.387588,
2.04913 0.38881,
2.04308 0.39023,
2.03832 0.391635,
2.03388 0.39309,
2.02919 0.395229,
2.02466 0.397626,
2.0202 0.400142,
2.01604 0.40282,
2.012 0.405779,
2.00797 0.408736,
2.00483 0.412562,
2.0008 0.416952,
1.99696 0.421777,
1.99314 0.426603,
1.99039 0.432004,
1.98763 0.437403,
1.98604 0.443279,
1.98497 0.449558,
1.98414 0.455225,
1.98369 0.460282,
1.9834 0.465202,
1.98332 0.470242,
1.98324 0.475702,
1.98317 0.48135,
1.9831 0.486996,
1.98351 0.491,
1.98515 0.496748,
1.98655 0.502047,
1.98798 0.507034,
1.98965 0.511878,
1.99132 0.516725,
1.99362 0.521938,
1.9956 0.526265,
1.99759 0.530591,
2.00105 0.535485,
2.00449 0.540378,
2.00749 0.543945,
2.01441 0.550781,
"/>
</Transform>

</Section>
