<?xml version="1.0"?>
<!DOCTYPE Section SYSTEM "section.dtd">

<Section index="648" thickness="0.00164" alignLocked="true">
<Transform dim="0"
 xcoef=" 0 1 0 0 0 0"
 ycoef=" 0 0 1 0 0 0">
<Contour name="OuterMembrane" hidden="false" closed="true" simplified="true" border="1 0 0" fill="1 0 0" mode="11"
points="2.01417 0.606326,
2.01223 0.605316,
2.01897 0.611061,
2.02353 0.614562,
2.03262 0.621204,
2.03829 0.624109,
2.04385 0.626108,
2.04961 0.627198,
2.05536 0.628289,
2.06148 0.629234,
2.06794 0.630003,
2.0746 0.630646,
2.08146 0.631023,
2.08792 0.631156,
2.09443 0.631215,
2.10138 0.630578,
2.10765 0.629704,
2.11391 0.628828,
2.12037 0.626865,
2.12703 0.624405,
2.13366 0.621716,
2.1401 0.619018,
2.14637 0.616041,
2.15265 0.613066,
2.15896 0.609873,
2.16464 0.604971,
2.16993 0.60067,
2.17523 0.596366,
2.17967 0.591156,
2.18428 0.585633,
2.18855 0.579822,
2.1925 0.573849,
2.1963 0.568022,
2.19957 0.562151,
2.20263 0.556306,
2.20532 0.550527,
2.20806 0.545056,
2.21111 0.539822,
2.2138 0.534894,
2.21625 0.529871,
2.21825 0.524493,
2.2202 0.519011,
2.22194 0.513336,
2.22368 0.50766,
2.22527 0.501587,
2.22684 0.495515,
2.22725 0.488663,
2.22745 0.482806,
2.22755 0.472786,
2.22651 0.467118,
2.22587 0.460658,
2.22502 0.454815,
2.2241 0.449152,
2.22315 0.443502,
2.2222 0.43785,
2.22154 0.432045,
2.21956 0.426184,
2.21748 0.420002,
2.2158 0.414097,
2.21421 0.408452,
2.21231 0.402889,
2.21042 0.397326,
2.20801 0.391593,
2.20511 0.385767,
2.20209 0.379289,
2.1989 0.373284,
2.1957 0.367276,
2.19248 0.361469,
2.18851 0.357148,
2.18453 0.352826,
2.18089 0.348141,
2.17498 0.343988,
2.16906 0.339838,
2.16364 0.337058,
2.15821 0.334255,
2.15276 0.331846,
2.14732 0.329438,
2.14186 0.328156,
2.13641 0.326875,
2.1312 0.326267,
2.1257 0.325812,
2.11962 0.325583,
2.1133 0.325425,
2.10801 0.325346,
2.10045 0.325312,
2.09344 0.325307,
2.08644 0.325301,
2.08031 0.32617,
2.07462 0.327244,
2.06802 0.328643,
2.06141 0.33004,
2.05748 0.330944,
2.05159 0.333456,
2.04565 0.335905,
2.03985 0.338416,
2.03409 0.340899,
2.02875 0.343362,
2.02389 0.345719,
2.01731 0.349208,
2.01074 0.352698,
2.00565 0.355818,
2.00057 0.358937,
1.99644 0.362312,
1.99121 0.367322,
1.98609 0.372269,
1.98091 0.377269,
1.97677 0.381382,
1.97264 0.385493,
1.96862 0.392742,
1.96606 0.39609,
1.96357 0.401369,
1.96108 0.406648,
1.95949 0.410271,
1.95824 0.414671,
1.95654 0.42076,
1.95485 0.426849,
1.95368 0.432422,
1.95252 0.437995,
1.95178 0.444689,
1.95144 0.450351,
1.95106 0.456328,
1.95068 0.462021,
1.9503 0.467712,
1.95012 0.474837,
1.95009 0.48111,
1.95003 0.487439,
1.94996 0.49377,
1.95024 0.501628,
1.95237 0.509441,
1.95452 0.517254,
1.95519 0.521117,
1.95795 0.529753,
1.96106 0.535327,
1.96446 0.541356,
1.96787 0.547383,
1.97249 0.553202,
1.97628 0.558536,
1.98005 0.56387,
1.98306 0.5691,
1.98807 0.575145,
1.99308 0.58119,
1.99665 0.58561,
1.99993 0.590571,
2.00354 0.595174,
2.00703 0.599459,
2.01053 0.603743,
"/>
<Contour name="InnerMembrane" hidden="false" closed="true" simplified="true" border="1 0 0" fill="1 0 0" mode="11"
points="2.16088 0.377771,
2.15503 0.375081,
2.14888 0.372728,
2.14327 0.373581,
2.13767 0.374432,
2.13023 0.377579,
2.1228 0.380724,
2.11703 0.381612,
2.11125 0.382499,
2.10394 0.382341,
2.09664 0.382186,
2.08975 0.382099,
2.0831 0.381867,
2.07686 0.381461,
2.07089 0.380639,
2.06501 0.379681,
2.05854 0.378394,
2.05175 0.377061,
2.04533 0.375698,
2.03906 0.374948,
2.03229 0.375931,
2.02551 0.376913,
2.01891 0.38004,
2.01294 0.384477,
2.00697 0.388915,
2.00147 0.394287,
1.99598 0.399661,
1.99257 0.406425,
1.98953 0.412811,
1.98648 0.419197,
1.98386 0.425429,
1.98123 0.431663,
1.97818 0.441877,
1.97702 0.447982,
1.97592 0.454718,
1.97528 0.461362,
1.97489 0.467843,
1.97463 0.474314,
1.97445 0.480858,
1.97435 0.48746,
1.97425 0.494063,
1.97569 0.500387,
1.97718 0.506645,
1.97869 0.512902,
1.9815 0.51853,
1.98425 0.524118,
1.98693 0.530063,
1.9896 0.536008,
1.9924 0.542704,
1.99521 0.549402,
1.99932 0.555757,
2.00344 0.562112,
2.00731 0.567837,
2.01116 0.573562,
2.01495 0.578976,
2.01976 0.582766,
2.02456 0.586556,
2.03032 0.589167,
2.03608 0.591778,
2.04211 0.594261,
2.04834 0.596865,
2.05443 0.599405,
2.0603 0.601787,
2.06684 0.602833,
2.0734 0.603879,
2.07954 0.604811,
2.08578 0.605358,
2.09246 0.60524,
2.09915 0.605127,
2.10638 0.60486,
2.11276 0.603077,
2.11914 0.601295,
2.12603 0.59872,
2.13266 0.595733,
2.13902 0.592616,
2.14494 0.589167,
2.15011 0.58465,
2.15526 0.580134,
2.15924 0.575279,
2.16429 0.568864,
2.16934 0.562446,
2.17218 0.557488,
2.17502 0.552529,
2.17774 0.54744,
2.18074 0.54214,
2.18359 0.53698,
2.18614 0.531419,
2.18869 0.525858,
2.19124 0.519578,
2.19363 0.513423,
2.19504 0.508121,
2.19645 0.502819,
2.19688 0.498424,
2.19834 0.490122,
2.19896 0.485907,
2.19898 0.478765,
2.19898 0.471621,
2.19896 0.464505,
2.19885 0.456492,
2.19863 0.450708,
2.19821 0.443569,
2.19762 0.436557,
2.1967 0.429695,
2.19511 0.422597,
2.19291 0.415161,
2.19099 0.411538,
2.18863 0.408185,
2.1841 0.401508,
2.17956 0.394832,
2.17507 0.387952,
2.17123 0.384081,
2.16606 0.380926,
"/>
<Contour name="CristaeMembrane" hidden="false" closed="true" simplified="true" border="1 0 0" fill="1 0 0" mode="11"
points="2.08616 0.584635,
2.08693 0.584343,
2.0877 0.583919,
2.08908 0.583423,
2.09048 0.582928,
2.09175 0.582315,
2.09282 0.581587,
2.09379 0.580993,
2.09476 0.580399,
2.09579 0.579904,
2.09681 0.579409,
2.09771 0.578841,
2.09872 0.578184,
2.09972 0.577528,
2.10069 0.576996,
2.10164 0.576465,
2.10243 0.576183,
2.10317 0.575794,
2.10469 0.574626,
2.10569 0.574133,
2.10671 0.573641,
2.10771 0.573027,
2.1086 0.572163,
2.1093 0.571427,
2.1107 0.570413,
2.11165 0.569934,
2.11262 0.569456,
2.11401 0.568759,
2.11496 0.568208,
2.1158 0.567622,
2.11668 0.567068,
2.11757 0.566515,
2.1185 0.566066,
2.11942 0.565616,
2.12121 0.565016,
2.12234 0.56459,
2.12319 0.564034,
2.12403 0.563476,
2.12508 0.563187,
2.12578 0.562871,
2.12644 0.562468,
2.12736 0.561841,
2.12828 0.561215,
2.12895 0.560795,
2.13016 0.559985,
2.13139 0.559176,
2.13213 0.558876,
2.13369 0.557766,
2.13474 0.557515,
2.13549 0.557201,
2.1364 0.556746,
2.13751 0.556434,
2.13863 0.556124,
2.13968 0.555865,
2.14064 0.555402,
2.14161 0.55494,
2.14251 0.554486,
2.14343 0.553984,
2.14437 0.553482,
2.14532 0.553141,
2.14627 0.5528,
2.1474 0.55246,
2.14856 0.551876,
2.14974 0.551293,
2.15075 0.550587,
2.15184 0.549923,
2.15293 0.549261,
2.15406 0.548701,
2.15493 0.547927,
2.15576 0.547283,
2.15673 0.546658,
2.1577 0.546031,
2.15847 0.545713,
2.16019 0.544849,
2.16101 0.544213,
2.16183 0.543575,
2.16357 0.542609,
2.16465 0.541569,
2.16523 0.540992,
2.16572 0.540324,
2.16624 0.539322,
2.16678 0.538202,
2.16724 0.537316,
2.1677 0.536431,
2.16829 0.535194,
2.16887 0.533956,
2.16938 0.532992,
2.16988 0.532027,
2.17033 0.531162,
2.17065 0.530094,
2.171 0.529028,
2.17131 0.52798,
2.17169 0.526976,
2.17207 0.525971,
2.17223 0.524787,
2.17231 0.523642,
2.17236 0.522638,
2.17241 0.521635,
2.17236 0.520762,
2.17218 0.519854,
2.17184 0.51896,
2.17136 0.518133,
2.17067 0.517374,
2.16997 0.516615,
2.1692 0.515924,
2.16783 0.515414,
2.16646 0.514903,
2.16521 0.514274,
2.16444 0.51405,
2.16336 0.513819,
2.16226 0.513587,
2.161 0.513194,
2.15993 0.512959,
2.15888 0.512677,
2.15776 0.512344,
2.15667 0.512011,
2.15537 0.51158,
2.15425 0.511516,
2.15281 0.511488,
2.15152 0.51147,
2.15024 0.511454,
2.14907 0.511531,
2.14768 0.511941,
2.14622 0.512429,
2.1452 0.512761,
2.14412 0.512992,
2.14304 0.513225,
2.14194 0.513574,
2.14087 0.514104,
2.13981 0.514632,
2.13874 0.515375,
2.13761 0.51606,
2.13648 0.516746,
2.13518 0.517377,
2.1339 0.518009,
2.13249 0.519163,
2.13082 0.519996,
2.1299 0.520415,
2.12898 0.521041,
2.1282 0.521771,
2.12741 0.522501,
2.12642 0.522989,
2.12541 0.523691,
2.12439 0.524393,
2.12318 0.525207,
2.12211 0.526307,
2.12103 0.527406,
2.12018 0.52799,
2.11931 0.528575,
2.11839 0.529198,
2.11763 0.529933,
2.11676 0.530732,
2.11591 0.531532,
2.11481 0.532095,
2.11417 0.532574,
2.11348 0.533433,
2.1128 0.534292,
2.11214 0.534692,
2.11081 0.53555,
2.10947 0.536406,
2.10832 0.536969,
2.10743 0.537756,
2.10653 0.538545,
2.10576 0.539327,
2.10489 0.54019,
2.10396 0.541133,
2.10307 0.541797,
2.1022 0.54246,
2.1013 0.543029,
2.10068 0.543583,
2.1 0.544409,
2.09928 0.545469,
2.09858 0.546528,
2.0973 0.547788,
2.09656 0.548933,
2.09587 0.549826,
2.09518 0.550722,
2.09458 0.551521,
2.09395 0.552319,
2.09313 0.552841,
2.09251 0.55339,
2.09161 0.553902,
2.09057 0.554409,
2.08956 0.554914,
2.08823 0.55502,
2.08742 0.555235,
2.08603 0.555484,
2.08469 0.555611,
2.08357 0.555675,
2.08257 0.555709,
2.08155 0.555744,
2.08018 0.555737,
2.07885 0.55574,
2.07755 0.555735,
2.07654 0.555734,
2.07535 0.555499,
2.07347 0.554879,
2.07189 0.554104,
2.07083 0.553605,
2.0695 0.55332,
2.06815 0.553034,
2.06742 0.552742,
2.0664 0.552613,
2.06538 0.552483,
2.06424 0.551955,
2.06309 0.551683,
2.06191 0.551657,
2.06086 0.551644,
2.05971 0.551642,
2.05856 0.55164,
2.05731 0.55164,
2.05617 0.551635,
2.05499 0.551629,
2.05382 0.551622,
2.05298 0.551215,
2.05197 0.550922,
2.05085 0.550868,
2.04936 0.55085,
2.04798 0.550866,
2.04662 0.550883,
2.04552 0.551275,
2.04442 0.551666,
2.04334 0.551888,
2.04219 0.552378,
2.04109 0.553149,
2.04018 0.554184,
2.03945 0.555293,
2.03888 0.556163,
2.03829 0.557036,
2.03752 0.558597,
2.03716 0.559927,
2.03678 0.561257,
2.0367 0.562451,
2.03662 0.563647,
2.03617 0.564603,
2.0359 0.565764,
2.03586 0.566964,
2.03586 0.568158,
2.03586 0.569351,
2.03586 0.570446,
2.03601 0.571338,
2.03634 0.572317,
2.03681 0.573273,
2.03734 0.574287,
2.03786 0.575299,
2.03836 0.576314,
2.0389 0.577385,
2.03945 0.578458,
2.04006 0.579704,
2.04087 0.580898,
2.04167 0.582092,
2.04214 0.582746,
2.04326 0.583883,
2.04413 0.584752,
2.04498 0.585623,
2.04567 0.586205,
2.04731 0.587125,
2.04805 0.587783,
2.04887 0.588311,
2.05023 0.588958,
2.05157 0.589606,
2.05282 0.590246,
2.05394 0.590418,
2.05503 0.590748,
2.05612 0.591076,
2.05741 0.591399,
2.05923 0.591446,
2.06073 0.591448,
2.0621 0.59144,
2.06333 0.591443,
2.06451 0.591446,
2.06555 0.591446,
2.06663 0.591443,
2.06783 0.591446,
2.06901 0.591448,
2.06952 0.591409,
2.07071 0.591026,
2.07201 0.590628,
2.07329 0.59052,
2.07462 0.590095,
2.0754 0.589654,
2.07614 0.589096,
2.07737 0.587853,
2.07919 0.587204,
2.07993 0.586984,
2.08093 0.586502,
2.08203 0.586049,
2.08314 0.585596,
2.0839 0.585393,
2.08464 0.585086,
"/>
</Transform>

</Section>
