<?xml version="1.0"?>
<!DOCTYPE Section SYSTEM "section.dtd">

<Section index="661" thickness="0.00164" alignLocked="true">
<Transform dim="0"
 xcoef=" 0 1 0 0 0 0"
 ycoef=" 0 0 1 0 0 0">
<Contour name="OuterMembrane" hidden="false" closed="true" simplified="true" border="1 0 0" fill="1 0 0" mode="11"
points="2.02927 0.61246,
2.03075 0.613478,
2.03849 0.619039,
2.04661 0.624072,
2.05581 0.626629,
2.0653 0.627792,
2.07378 0.62762,
2.07799 0.627079,
2.08806 0.624304,
2.09717 0.621217,
2.10571 0.617324,
2.1146 0.612994,
2.12367 0.609089,
2.12869 0.606772,
2.13246 0.60455,
2.14023 0.599666,
2.14763 0.593295,
2.1564 0.586392,
2.16491 0.579033,
2.16956 0.573851,
2.17521 0.565321,
2.17844 0.561242,
2.1851 0.551353,
2.19309 0.537433,
2.19511 0.533492,
2.19691 0.528872,
2.19834 0.523688,
2.20058 0.514706,
2.20136 0.509955,
2.2029 0.497684,
2.20354 0.493527,
2.20359 0.483661,
2.20355 0.472251,
2.20345 0.462613,
2.20336 0.452975,
2.20244 0.444517,
2.20175 0.44016,
2.19906 0.430466,
2.19637 0.420772,
2.19476 0.416183,
2.1906 0.40755,
2.18586 0.400186,
2.1815 0.3926,
2.17951 0.388908,
2.17507 0.381589,
2.16941 0.37473,
2.16674 0.371078,
2.16296 0.366939,
2.15876 0.363253,
2.14835 0.356544,
2.14486 0.354268,
2.14009 0.351791,
2.13226 0.348749,
2.12444 0.345709,
2.11609 0.341978,
2.11181 0.340277,
2.1074 0.338988,
2.10025 0.337814,
2.09156 0.337223,
2.08082 0.337009,
2.07189 0.336838,
2.06292 0.336536,
2.05766 0.336723,
2.05213 0.337542,
2.04236 0.340595,
2.03734 0.341781,
2.02948 0.344369,
2.02555 0.345833,
2.0162 0.350453,
2.00751 0.356393,
2.00283 0.359198,
1.99557 0.3655,
1.99163 0.368416,
1.98801 0.371711,
1.98068 0.38051,
1.9729 0.392306,
1.96575 0.405431,
1.962 0.417846,
1.96098 0.423635,
1.95908 0.433588,
1.95801 0.444348,
1.9568 0.452778,
1.95572 0.461448,
1.95549 0.471074,
1.9554 0.480595,
1.95531 0.490116,
1.95591 0.49539,
1.95718 0.500799,
1.96136 0.512306,
1.96613 0.523245,
1.96843 0.528306,
1.97436 0.540436,
1.97636 0.545269,
1.98181 0.554336,
1.98875 0.565242,
1.99116 0.568804,
1.9939 0.57214,
2.00096 0.58087,
2.00633 0.589787,
2.00918 0.594267,
2.01251 0.598413,
2.02125 0.606164,
2.02461 0.60917,
2.02825 0.611861,
"/>
<Contour name="InnerMembrane" hidden="false" closed="true" simplified="true" border="1 0 0" fill="1 0 0" mode="11"
points="2.05876 0.600693,
2.05845 0.600712,
2.06325 0.600586,
2.06904 0.600442,
2.07452 0.600586,
2.08016 0.600602,
2.0859 0.599978,
2.09152 0.599184,
2.09725 0.59822,
2.10297 0.597257,
2.10674 0.596522,
2.11243 0.594221,
2.11749 0.591851,
2.12231 0.589331,
2.12701 0.58714,
2.13156 0.584954,
2.13608 0.582767,
2.1404 0.579897,
2.14473 0.577027,
2.14847 0.574699,
2.15284 0.569931,
2.15721 0.565164,
2.16106 0.559235,
2.1635 0.55649,
2.16713 0.550382,
2.16982 0.544931,
2.17187 0.539658,
2.17362 0.534274,
2.17512 0.52923,
2.17602 0.524461,
2.17784 0.519969,
2.17966 0.515477,
2.18087 0.507785,
2.18102 0.50145,
2.18189 0.495375,
2.18317 0.489255,
2.18459 0.482991,
2.1854 0.476725,
2.18592 0.470493,
2.18622 0.464833,
2.18642 0.459448,
2.18651 0.454539,
2.18661 0.449631,
2.18601 0.44446,
2.18541 0.439289,
2.18386 0.433573,
2.18232 0.427856,
2.1794 0.422313,
2.17631 0.417683,
2.17325 0.413055,
2.17002 0.408806,
2.16664 0.404872,
2.16319 0.401054,
2.1595 0.397413,
2.15529 0.394366,
2.15107 0.391319,
2.14637 0.38871,
2.14015 0.386901,
2.13498 0.385918,
2.12982 0.384739,
2.12454 0.383447,
2.12019 0.3824,
2.11506 0.381443,
2.11001 0.380313,
2.10496 0.379183,
2.09989 0.378287,
2.09482 0.377392,
2.09018 0.377051,
2.08364 0.37688,
2.07785 0.376795,
2.07204 0.376711,
2.06573 0.377556,
2.05973 0.378415,
2.0542 0.379781,
2.04867 0.381147,
2.04426 0.381831,
2.03729 0.384122,
2.03073 0.386538,
2.02507 0.388923,
2.02069 0.390889,
2.01289 0.394641,
2.00764 0.398899,
2.00259 0.403342,
1.99755 0.407786,
1.99439 0.41268,
1.99122 0.417575,
1.98799 0.424056,
1.98614 0.428332,
1.98429 0.432607,
1.98289 0.437034,
1.98081 0.443748,
1.97871 0.450462,
1.9784 0.455456,
1.97815 0.460437,
1.97802 0.464971,
1.97814 0.471905,
1.97802 0.478278,
1.97795 0.483208,
1.97797 0.491772,
1.97922 0.497479,
1.98048 0.503188,
1.98214 0.508836,
1.98491 0.51333,
1.98735 0.518197,
1.9898 0.523063,
1.99153 0.526515,
1.99552 0.531832,
1.9995 0.537149,
2.00126 0.540042,
2.00457 0.546038,
2.00669 0.551699,
2.00915 0.557016,
2.01161 0.562335,
2.01428 0.567186,
2.01695 0.572037,
2.01991 0.576619,
2.02317 0.580959,
2.02645 0.585296,
2.03057 0.588767,
2.03468 0.592237,
2.0387 0.594715,
2.04292 0.596757,
2.05228 0.600069,
2.05577 0.600622,
"/>
<Contour name="CristaeMembrane" hidden="false" closed="true" simplified="true" border="1 0 0" fill="1 0 0" mode="11"
points="2.07081 0.570641,
2.06855 0.570513,
2.06738 0.570315,
2.0661 0.570026,
2.06478 0.569852,
2.06368 0.569764,
2.06261 0.569718,
2.06158 0.569715,
2.06055 0.569711,
2.05945 0.569692,
2.05818 0.569687,
2.0569 0.56968,
2.05563 0.569679,
2.05435 0.569675,
2.05343 0.569708,
2.05231 0.569943,
2.05134 0.570225,
2.05038 0.570507,
2.04946 0.570646,
2.04847 0.570979,
2.04747 0.57131,
2.04677 0.571361,
2.046 0.57151,
2.04511 0.571829,
2.04419 0.572283,
2.04328 0.572739,
2.04234 0.573308,
2.04123 0.574223,
2.04013 0.575138,
2.03896 0.575837,
2.03836 0.576381,
2.03714 0.577631,
2.03636 0.57841,
2.03544 0.5793,
2.03452 0.580193,
2.03365 0.580749,
2.03212 0.58161,
2.03145 0.581943,
2.03063 0.58251,
2.02955 0.583209,
2.02847 0.583906,
2.02752 0.584306,
2.02668 0.584852,
2.02538 0.585534,
2.02409 0.586215,
2.02283 0.586653,
2.02186 0.587138,
2.0202 0.587904,
2.01945 0.588155,
2.01845 0.588558,
2.01743 0.588962,
2.01567 0.589549,
2.01471 0.590001,
2.01374 0.590454,
2.01297 0.590761,
2.0121 0.591309,
2.01123 0.591855,
2.00971 0.59287,
2.00877 0.593664,
2.00774 0.594751,
2.0071 0.595353,
2.00649 0.596122,
2.00575 0.597185,
2.00503 0.598247,
2.00441 0.598884,
2.00383 0.599699,
2.00339 0.600589,
2.00295 0.60148,
2.00221 0.602964,
2.00178 0.60385,
2.00136 0.605104,
2.00095 0.606359,
2.00069 0.60724,
2.00065 0.608338,
2.0006 0.609437,
2.00059 0.610574,
2.0006 0.611607,
2.00059 0.612696,
2.0006 0.613918,
2.0006 0.615141,
2.00059 0.616935,
2.0006 0.618119,
2.00093 0.619512,
2.00175 0.621134,
2.0021 0.62217,
2.00244 0.623205,
2.0027 0.623927,
2.00346 0.625434,
2.00398 0.626485,
2.00449 0.627538,
2.00541 0.628935,
2.00592 0.629962,
2.00644 0.630988,
2.00665 0.631779,
2.00703 0.632614,
2.00772 0.633611,
2.00867 0.634575,
2.00967 0.635571,
2.01066 0.636564,
2.01184 0.638117,
2.01259 0.639298,
2.01399 0.640615,
2.01484 0.64157,
2.01546 0.642063,
2.01674 0.642914,
2.01802 0.643764,
2.01868 0.644143,
2.01987 0.644748,
2.02107 0.645355,
2.02205 0.646186,
2.02273 0.646578,
2.02345 0.64688,
2.02448 0.647137,
2.02558 0.647229,
2.02668 0.647321,
2.02829 0.648123,
2.0292 0.648528,
2.03039 0.648802,
2.03114 0.64885,
2.03244 0.648848,
2.03368 0.648845,
2.03499 0.648835,
2.03632 0.648823,
2.03783 0.648809,
2.03936 0.648794,
2.04049 0.64882,
2.04164 0.648848,
2.0426 0.648795,
2.04385 0.648384,
2.0451 0.647972,
2.04675 0.647603,
2.04792 0.647385,
2.0489 0.64726,
2.04989 0.647136,
2.0508 0.64721,
2.05212 0.647069,
2.05353 0.646729,
2.05461 0.646559,
2.05569 0.64639,
2.05646 0.646347,
2.05759 0.646094,
2.05853 0.645647,
2.05945 0.645201,
2.06102 0.644404,
2.06209 0.643905,
2.06289 0.64321,
2.06369 0.642514,
2.06478 0.641443,
2.06586 0.640371,
2.06666 0.639292,
2.06733 0.637898,
2.06824 0.636356,
2.06889 0.635561,
2.0695 0.634403,
2.06975 0.633635,
2.06988 0.632843,
2.07071 0.631156,
2.07127 0.629914,
2.0716 0.628906,
2.07227 0.627207,
2.07263 0.626524,
2.07293 0.625776,
2.07344 0.624127,
2.0738 0.623148,
2.07389 0.621832,
2.07399 0.620517,
2.07471 0.61902,
2.07529 0.617901,
2.07588 0.616783,
2.07619 0.615728,
2.0765 0.614674,
2.07699 0.613567,
2.07714 0.612335,
2.07721 0.611343,
2.07729 0.610351,
2.07729 0.609083,
2.07726 0.607899,
2.07727 0.606684,
2.07727 0.605682,
2.07727 0.604465,
2.07727 0.603097,
2.07727 0.601811,
2.07742 0.600645,
2.07755 0.599479,
2.07796 0.598298,
2.07803 0.597181,
2.07808 0.595723,
2.07811 0.59453,
2.07816 0.593334,
2.07855 0.592266,
2.07896 0.591199,
2.07978 0.590074,
2.08013 0.589383,
2.08037 0.588653,
2.08055 0.587617,
2.08055 0.58653,
2.08055 0.585387,
2.08057 0.584255,
2.08057 0.583107,
2.08057 0.582075,
2.08057 0.581072,
2.08057 0.579604,
2.08057 0.578134,
2.08027 0.576222,
2.07947 0.574638,
2.07819 0.573255,
2.07749 0.572596,
2.0766 0.572022,
2.07565 0.571545,
2.0747 0.571069,
2.07358 0.570669,
2.07186 0.570497,
2.07084 0.570682,
2.07209 0.570377,
"/>
<Contour name="CristaeMembrane" hidden="false" closed="true" simplified="true" border="1 0 0" fill="1 0 0" mode="11"
points="2.11762 0.520124,
2.11683 0.520931,
2.11622 0.521484,
2.11568 0.522117,
2.11439 0.523057,
2.11317 0.523462,
2.11196 0.523868,
2.11055 0.524341,
2.1092 0.525041,
2.10784 0.525741,
2.1063 0.526529,
2.10519 0.527035,
2.10433 0.527763,
2.10348 0.528492,
2.10245 0.529313,
2.10141 0.530137,
2.10054 0.530635,
2.09968 0.531134,
2.09861 0.531736,
2.0973 0.533148,
2.09644 0.533902,
2.09561 0.534655,
2.09503 0.535649,
2.09428 0.536513,
2.09377 0.537515,
2.09325 0.538519,
2.09272 0.539547,
2.09215 0.540285,
2.09156 0.540851,
2.09034 0.542371,
2.08967 0.543298,
2.089 0.544291,
2.08828 0.545289,
2.08754 0.546286,
2.08697 0.547537,
2.08669 0.548887,
2.08592 0.549992,
2.08516 0.551099,
2.08451 0.55247,
2.08436 0.553587,
2.08429 0.554614,
2.08426 0.556044,
2.08426 0.557234,
2.08424 0.55844,
2.08423 0.559643,
2.08426 0.560867,
2.08462 0.562244,
2.08495 0.562927,
2.08534 0.563561,
2.08582 0.564142,
2.08638 0.564657,
2.08759 0.565341,
2.0888 0.566026,
2.08974 0.566474,
2.09098 0.566654,
2.09223 0.566836,
2.09351 0.566838,
2.09459 0.566841,
2.09587 0.566838,
2.09715 0.566836,
2.09841 0.566838,
2.09964 0.566843,
2.10087 0.56684,
2.1021 0.566838,
2.10343 0.566773,
2.10479 0.566381,
2.10624 0.565885,
2.10719 0.565588,
2.10811 0.565126,
2.10901 0.564478,
2.10993 0.563832,
2.11084 0.563297,
2.11216 0.562558,
2.11347 0.561818,
2.11473 0.561423,
2.11553 0.56099,
2.1165 0.560322,
2.11757 0.559681,
2.11863 0.559042,
2.11962 0.558559,
2.1206 0.558043,
2.12159 0.557525,
2.12267 0.557036,
2.1236 0.556367,
2.12454 0.555696,
2.12549 0.555171,
2.1266 0.554222,
2.12774 0.553274,
2.12898 0.552568,
2.13011 0.551494,
2.13108 0.550464,
2.13182 0.549134,
2.13282 0.547853,
2.13331 0.546922,
2.13379 0.545992,
2.13431 0.544938,
2.13449 0.543632,
2.13482 0.542556,
2.13515 0.54148,
2.13571 0.540569,
2.13608 0.539419,
2.13648 0.538332,
2.13689 0.537243,
2.13748 0.536191,
2.13784 0.535034,
2.1379 0.53374,
2.13794 0.532695,
2.1379 0.531134,
2.13794 0.529973,
2.13797 0.528047,
2.13779 0.52665,
2.13756 0.525897,
2.13671 0.524187,
2.13618 0.523121,
2.13566 0.522053,
2.13487 0.520892,
2.1343 0.520308,
2.13364 0.519809,
2.13244 0.519194,
2.13126 0.518579,
2.13051 0.518286,
2.12943 0.518114,
2.12834 0.517943,
2.12724 0.517468,
2.12592 0.51733,
2.12455 0.517263,
2.12319 0.517194,
2.12242 0.517217,
2.12162 0.517348,
2.12077 0.517618,
2.11993 0.518033,
2.11911 0.518617,
2.11836 0.51938,
"/>
</Transform>

</Section>
