<?xml version="1.0"?>
<!DOCTYPE Section SYSTEM "section.dtd">

<Section index="624" thickness="0.00164" alignLocked="true">
<Transform dim="0"
 xcoef=" 0 1 0 0 0 0"
 ycoef=" 0 0 1 0 0 0">
<Contour name="OuterMembrane" hidden="false" closed="true" simplified="true" border="1 0 0" fill="1 0 0" mode="11"
points="2.01789 0.596458,
2.01774 0.596383,
2.02097 0.598234,
2.02612 0.602001,
2.03129 0.605768,
2.03658 0.609362,
2.04169 0.612497,
2.04679 0.615367,
2.05239 0.617875,
2.05794 0.620327,
2.06342 0.622482,
2.06899 0.624118,
2.0745 0.625863,
2.08036 0.62749,
2.08582 0.628733,
2.09202 0.62968,
2.0983 0.630204,
2.10461 0.630637,
2.1112 0.630403,
2.11781 0.630168,
2.12385 0.628976,
2.12923 0.627584,
2.13467 0.625881,
2.13992 0.623897,
2.14517 0.621913,
2.1503 0.61943,
2.1556 0.616045,
2.16054 0.612889,
2.16483 0.609659,
2.16913 0.606426,
2.173 0.602774,
2.17676 0.598948,
2.18033 0.59461,
2.18399 0.58957,
2.1874 0.584506,
2.19083 0.579686,
2.19424 0.574749,
2.19767 0.569815,
2.20011 0.566125,
2.2029 0.559676,
2.20514 0.55361,
2.20724 0.547632,
2.20893 0.541828,
2.21061 0.536023,
2.2119 0.530993,
2.21287 0.526091,
2.21372 0.5201,
2.21438 0.51464,
2.21474 0.509564,
2.21497 0.503667,
2.2151 0.498125,
2.21516 0.492692,
2.21523 0.487259,
2.21449 0.482672,
2.21366 0.476087,
2.2127 0.46976,
2.21149 0.463605,
2.21028 0.457448,
2.20883 0.451968,
2.20711 0.446954,
2.20493 0.441747,
2.20272 0.436156,
2.20036 0.430641,
2.19776 0.425036,
2.19514 0.419958,
2.19271 0.415251,
2.18989 0.409675,
2.18709 0.404101,
2.184 0.399638,
2.1804 0.394907,
2.17638 0.390587,
2.17229 0.386292,
2.16821 0.381999,
2.16514 0.379526,
2.16019 0.376108,
2.15558 0.373011,
2.15079 0.369909,
2.14592 0.366957,
2.14104 0.364005,
2.13574 0.36212,
2.13005 0.360385,
2.12401 0.35876,
2.11845 0.35761,
2.11307 0.35691,
2.10648 0.356564,
2.10112 0.356388,
2.09603 0.356323,
2.09085 0.356687,
2.08542 0.357381,
2.07982 0.358094,
2.07403 0.359057,
2.06829 0.360356,
2.06261 0.361989,
2.05689 0.363993,
2.05084 0.366353,
2.04464 0.368626,
2.03893 0.370878,
2.03358 0.373218,
2.0283 0.375486,
2.02325 0.378228,
2.01813 0.38112,
2.01303 0.384011,
2.00862 0.386832,
2.00488 0.390635,
2.00116 0.394438,
1.99747 0.399302,
1.99378 0.404167,
1.9894 0.409059,
1.98502 0.413949,
1.98055 0.418869,
1.97669 0.423914,
1.97315 0.429136,
1.97028 0.434743,
1.96741 0.440351,
1.96552 0.445757,
1.96362 0.451162,
1.9629 0.456409,
1.96236 0.461854,
1.96211 0.467434,
1.96237 0.473727,
1.96265 0.480021,
1.96323 0.484162,
1.96377 0.492461,
1.96549 0.499493,
1.96723 0.506527,
1.96912 0.513313,
1.971 0.5201,
1.97292 0.525969,
1.97492 0.531583,
1.97691 0.537197,
1.9792 0.542179,
1.98189 0.546966,
1.98481 0.551776,
1.98776 0.55657,
1.99044 0.5615,
1.99309 0.566623,
1.99575 0.571747,
1.99827 0.576083,
2.00246 0.580836,
2.00977 0.589505,
2.01351 0.593465,
"/>
<Contour name="InnerMembrane" hidden="false" closed="true" simplified="true" border="1 0 0" fill="1 0 0" mode="11"
points="2.05389 0.586498,
2.06202 0.591956,
2.06609 0.594366,
2.07055 0.596125,
2.07522 0.597659,
2.07985 0.59893,
2.08437 0.600291,
2.08928 0.601442,
2.09377 0.602526,
2.09794 0.603203,
2.10194 0.603668,
2.10591 0.603922,
2.11111 0.604388,
2.11632 0.604852,
2.12127 0.604332,
2.12575 0.60341,
2.13049 0.602562,
2.13541 0.601942,
2.13953 0.601217,
2.14364 0.600493,
2.14733 0.599079,
2.15102 0.597665,
2.15483 0.595387,
2.15863 0.593108,
2.16242 0.590828,
2.16618 0.588316,
2.16964 0.584506,
2.17328 0.580601,
2.17692 0.576696,
2.17981 0.571858,
2.18233 0.56756,
2.18471 0.563299,
2.18658 0.559348,
2.18845 0.555397,
2.19065 0.550059,
2.19298 0.544782,
2.19388 0.540234,
2.19483 0.535581,
2.19578 0.53093,
2.19644 0.527678,
2.19652 0.523065,
2.19657 0.519088,
2.19693 0.513417,
2.19729 0.507746,
2.19689 0.503236,
2.1965 0.498726,
2.19601 0.49579,
2.19507 0.49097,
2.19419 0.486221,
2.19332 0.48147,
2.19271 0.476809,
2.19178 0.472425,
2.19086 0.468041,
2.18979 0.463699,
2.18878 0.459576,
2.18766 0.45553,
2.18653 0.451485,
2.18489 0.44618,
2.18309 0.441229,
2.18151 0.437427,
2.1791 0.43255,
2.17667 0.427673,
2.17503 0.423784,
2.17207 0.419897,
2.1691 0.415912,
2.16585 0.411942,
2.1626 0.407971,
2.15954 0.403702,
2.1558 0.399606,
2.15268 0.395904,
2.14988 0.392688,
2.14707 0.389474,
2.14443 0.386104,
2.14061 0.38336,
2.13681 0.380614,
2.13143 0.377695,
2.12565 0.376178,
2.12062 0.374514,
2.11558 0.372847,
2.11163 0.372127,
2.10727 0.371617,
2.10268 0.371214,
2.09792 0.371009,
2.09407 0.370907,
2.09021 0.370804,
2.08718 0.371002,
2.07973 0.371734,
2.07552 0.37256,
2.07084 0.374527,
2.06642 0.376205,
2.0623 0.377876,
2.05818 0.379545,
2.05377 0.381372,
2.04936 0.383197,
2.04649 0.384957,
2.04242 0.387037,
2.03901 0.388805,
2.03563 0.390805,
2.03221 0.393233,
2.02866 0.39609,
2.02502 0.399183,
2.0222 0.401751,
2.01731 0.406407,
2.01362 0.410913,
2.00992 0.415391,
2.007 0.419056,
2.00474 0.423028,
2.00247 0.426999,
2.00006 0.431007,
1.99577 0.437239,
1.99349 0.442228,
1.99158 0.446957,
1.99016 0.450718,
1.98798 0.457591,
1.98714 0.462985,
1.9863 0.468379,
1.98584 0.472517,
1.9857 0.477684,
1.98553 0.482685,
1.98538 0.487687,
1.98589 0.492651,
1.98671 0.498424,
1.9883 0.505579,
1.98989 0.510201,
1.99116 0.513909,
1.99242 0.517618,
1.99491 0.523816,
1.99729 0.527595,
1.99973 0.531165,
2.00203 0.534563,
2.00449 0.537815,
2.00695 0.541067,
2.0099 0.544416,
2.01348 0.547845,
2.01658 0.55194,
2.01935 0.555645,
2.0221 0.55935,
2.02396 0.562499,
2.02729 0.566071,
2.03063 0.569643,
2.03457 0.572642,
2.03845 0.575666,
2.04232 0.57869,
2.04608 0.5812,
"/>
<Contour name="CristaeMembrane" hidden="false" closed="true" simplified="true" border="1 0 0" fill="1 0 0" mode="11"
points="2.15404 0.463061,
2.15389 0.464243,
2.15358 0.465562,
2.15327 0.46688,
2.1527 0.468164,
2.15211 0.469447,
2.15134 0.47058,
2.15065 0.471548,
2.14996 0.472515,
2.14912 0.473461,
2.14863 0.474372,
2.14827 0.475344,
2.14748 0.476392,
2.14668 0.477438,
2.14581 0.478429,
2.14487 0.479265,
2.14394 0.480102,
2.14251 0.481499,
2.14104 0.483141,
2.14056 0.483946,
2.13936 0.48564,
2.13836 0.486271,
2.13736 0.486901,
2.1362 0.487813,
2.13518 0.488741,
2.13416 0.489671,
2.13313 0.490539,
2.13202 0.491287,
2.13092 0.49228,
2.12977 0.493276,
2.12861 0.494271,
2.12726 0.495275,
2.12657 0.495816,
2.12552 0.496982,
2.1246 0.497863,
2.12369 0.498744,
2.12287 0.499615,
2.12203 0.500569,
2.12085 0.501236,
2.11968 0.501904,
2.11858 0.502434,
2.11762 0.503134,
2.11601 0.504759,
2.11535 0.505674,
2.11486 0.506694,
2.11452 0.507859,
2.11439 0.509064,
2.11448 0.510343,
2.11473 0.511375,
2.11512 0.512326,
2.11565 0.51321,
2.11653 0.514253,
2.11757 0.51506,
2.11872 0.51566,
2.11998 0.516039,
2.12126 0.516101,
2.12254 0.516164,
2.12377 0.516149,
2.12498 0.516136,
2.12624 0.5161,
2.12769 0.516028,
2.12893 0.515639,
2.1301 0.515493,
2.13126 0.515347,
2.13251 0.51535,
2.13395 0.515347,
2.13521 0.515504,
2.13648 0.515662,
2.13771 0.515972,
2.13897 0.516572,
2.14022 0.517174,
2.14104 0.518166,
2.14174 0.519552,
2.14191 0.520972,
2.14207 0.522391,
2.14215 0.523846,
2.1415 0.525566,
2.14145 0.52653,
2.14091 0.527803,
2.14038 0.529075,
2.13954 0.530401,
2.13848 0.531452,
2.13771 0.532411,
2.13672 0.533239,
2.13576 0.534068,
2.13467 0.534952,
2.13359 0.535695,
2.13238 0.536203,
2.13043 0.536556,
2.12923 0.536395,
2.12775 0.536075,
2.12644 0.535435,
2.12531 0.534645,
2.12437 0.533727,
2.12373 0.532162,
2.12328 0.531183,
2.12246 0.53005,
2.12149 0.528893,
2.12052 0.527736,
2.11957 0.526435,
2.11886 0.525605,
2.11803 0.524898,
2.11717 0.524029,
2.11632 0.523162,
2.11517 0.52211,
2.11407 0.521194,
2.11281 0.520443,
2.11153 0.519691,
2.1103 0.519501,
2.10802 0.51949,
2.10669 0.519518,
2.10537 0.519545,
2.10394 0.519578,
2.10258 0.51966,
2.10094 0.520205,
2.0993 0.520751,
2.09833 0.521582,
2.09705 0.522448,
2.09577 0.523314,
2.09436 0.523864,
2.09294 0.524413,
2.09164 0.524411,
2.09033 0.52441,
2.08895 0.524413,
2.08761 0.524418,
2.08628 0.524415,
2.08503 0.524421,
2.08377 0.524434,
2.08246 0.524459,
2.08116 0.524479,
2.07977 0.524547,
2.07834 0.525003,
2.07696 0.525486,
2.07557 0.525969,
2.07401 0.527047,
2.07276 0.528293,
2.07188 0.529239,
2.07101 0.530187,
2.07006 0.53128,
2.06916 0.532437,
2.06822 0.534328,
2.06776 0.53587,
2.06766 0.537476,
2.0677 0.538884,
2.06773 0.540291,
2.06779 0.541684,
2.06791 0.543099,
2.06837 0.54427,
2.0694 0.546318,
2.07009 0.54756,
2.0708 0.548801,
2.07191 0.549887,
2.07301 0.550971,
2.07419 0.552049,
2.07544 0.553083,
2.07672 0.553674,
2.07798 0.554263,
2.07926 0.554835,
2.08057 0.555391,
2.0819 0.555819,
2.08323 0.556247,
2.08446 0.556354,
2.08613 0.556673,
2.08779 0.556993,
2.08884 0.557154,
2.09011 0.557269,
2.09141 0.557385,
2.09264 0.557595,
2.09369 0.558099,
2.09474 0.559028,
2.09526 0.560508,
2.09553 0.562126,
2.09553 0.563294,
2.09553 0.564708,
2.09554 0.566046,
2.09556 0.567279,
2.09558 0.568506,
2.09562 0.569716,
2.09572 0.570941,
2.09589 0.572116,
2.09641 0.573292,
2.09677 0.574436,
2.09713 0.575581,
2.09813 0.577544,
2.09876 0.578428,
2.09994 0.579614,
2.10114 0.580798,
2.10246 0.582102,
2.1034 0.582964,
2.10474 0.583709,
2.10622 0.584132,
2.10774 0.584225,
2.10904 0.584199,
2.11034 0.584173,
2.11175 0.584112,
2.11316 0.584009,
2.11455 0.583866,
2.11539 0.583522,
2.11678 0.58302,
2.11819 0.582518,
2.11977 0.58192,
2.12136 0.581319,
2.12214 0.580957,
2.1229 0.580498,
2.12396 0.579558,
2.125 0.578848,
2.12603 0.578139,
2.12687 0.57747,
2.12824 0.57608,
2.1292 0.574835,
2.13013 0.57359,
2.13115 0.572349,
2.13216 0.571107,
2.13271 0.570043,
2.13416 0.568526,
2.13479 0.567894,
2.13533 0.567187,
2.13607 0.565746,
2.13685 0.564837,
2.13763 0.563929,
2.13863 0.563168,
2.13977 0.562402,
2.14094 0.561636,
2.14202 0.560688,
2.14287 0.559839,
2.14371 0.558991,
2.14463 0.558231,
2.14556 0.557472,
2.14658 0.556783,
2.14784 0.55619,
2.14911 0.555596,
2.1503 0.555088,
2.1515 0.554581,
2.15281 0.55414,
2.15391 0.553531,
2.15476 0.552859,
2.15653 0.551778,
2.15781 0.551084,
2.15909 0.550391,
2.1604 0.549938,
2.1615 0.549287,
2.16232 0.548583,
2.16303 0.54776,
2.16391 0.54686,
2.1648 0.545959,
2.16583 0.544797,
2.1667 0.54364,
2.16757 0.542484,
2.1686 0.54142,
2.16962 0.540341,
2.1701 0.539588,
2.17075 0.53821,
2.17139 0.536833,
2.17169 0.535593,
2.172 0.534401,
2.17233 0.533208,
2.17272 0.532011,
2.17313 0.530814,
2.17372 0.529,
2.174 0.528123,
2.17421 0.526775,
2.17428 0.525369,
2.17436 0.523964,
2.17451 0.522706,
2.17484 0.521499,
2.17548 0.519657,
2.17572 0.51878,
2.17585 0.517474,
2.17585 0.515836,
2.17584 0.514197,
2.17584 0.513023,
2.17584 0.511575,
2.1758 0.510071,
2.17582 0.50817,
2.17585 0.506268,
2.17585 0.505022,
2.17585 0.503518,
2.17585 0.502127,
2.17585 0.500613,
2.17585 0.499042,
2.17589 0.497223,
2.17592 0.496061,
2.176 0.494745,
2.17617 0.493199,
2.17648 0.49203,
2.17667 0.490452,
2.17703 0.489251,
2.17738 0.488051,
2.17792 0.486937,
2.17823 0.485645,
2.17866 0.484366,
2.17907 0.483088,
2.17951 0.48133,
2.1799 0.479646,
2.18007 0.47835,
2.18023 0.477055,
2.18051 0.475828,
2.18076 0.474508,
2.18086 0.473114,
2.18097 0.471721,
2.18117 0.470283,
2.18158 0.468612,
2.18158 0.46708,
2.18158 0.465547,
2.18158 0.46404,
2.18158 0.462569,
2.18156 0.461114,
2.18156 0.45964,
2.18154 0.458132,
2.1815 0.456656,
2.1814 0.4552,
2.18127 0.453831,
2.18084 0.452778,
2.18041 0.451505,
2.17999 0.450234,
2.17984 0.448878,
2.17971 0.447523,
2.1794 0.446628,
2.17882 0.445565,
2.17848 0.444082,
2.17812 0.4426,
2.17772 0.441199,
2.1772 0.439669,
2.17651 0.438128,
2.17566 0.437332,
2.17469 0.436691,
2.17375 0.43627,
2.17275 0.435989,
2.17174 0.435856,
2.17044 0.435907,
2.16915 0.436148,
2.16785 0.436389,
2.16647 0.437163,
2.16536 0.438169,
2.16439 0.439431,
2.16341 0.440696,
2.16259 0.441919,
2.16178 0.443144,
2.16104 0.444414,
2.16031 0.445683,
2.15949 0.44691,
2.15898 0.448141,
2.15834 0.45008,
2.15804 0.450969,
2.1579 0.451856,
2.15785 0.452742,
2.1577 0.454096,
2.15753 0.455453,
2.15722 0.456704,
2.15704 0.457868,
2.15632 0.459041,
2.1556 0.460214,
2.15465 0.461506,
"/>
</Transform>

</Section>
