<?xml version="1.0"?>
<!DOCTYPE Section SYSTEM "section.dtd">

<Section index="687" thickness="0.00164" alignLocked="true">
<Transform dim="0"
 xcoef=" 0 1 0 0 0 0"
 ycoef=" 0 0 1 0 0 0">
<Contour name="OuterMembrane" hidden="false" closed="true" simplified="true" border="1 0 0" fill="1 0 0" mode="11"
points="2.04339 0.590024,
2.04854 0.59294,
2.05354 0.595264,
2.05871 0.596899,
2.06402 0.597842,
2.06952 0.598428,
2.0754 0.599144,
2.08134 0.599715,
2.08738 0.599976,
2.09344 0.600212,
2.09887 0.599715,
2.10432 0.599218,
2.1097 0.598159,
2.11578 0.595569,
2.12137 0.592789,
2.12698 0.59001,
2.13179 0.586407,
2.13659 0.582805,
2.14028 0.578098,
2.14348 0.573439,
2.14666 0.568778,
2.14966 0.563724,
2.15243 0.558778,
2.15521 0.553831,
2.15813 0.548977,
2.1608 0.543148,
2.16245 0.537123,
2.1638 0.531276,
2.16514 0.525431,
2.16546 0.520075,
2.16577 0.514719,
2.1647 0.509612,
2.16214 0.503952,
2.16088 0.498312,
2.15917 0.492376,
2.15734 0.486263,
2.1558 0.479962,
2.15563 0.474626,
2.15663 0.469773,
2.15763 0.46492,
2.15903 0.459102,
2.1595 0.452986,
2.15998 0.446869,
2.15814 0.441527,
2.15629 0.436186,
2.15429 0.430964,
2.1514 0.426046,
2.14783 0.421701,
2.1441 0.417205,
2.13974 0.412678,
2.13456 0.408727,
2.13016 0.405124,
2.1246 0.402039,
2.11906 0.398955,
2.11345 0.396121,
2.10815 0.394089,
2.10243 0.393464,
2.09671 0.392982,
2.09084 0.393144,
2.08393 0.393598,
2.07652 0.39454,
2.07145 0.395729,
2.06638 0.396918,
2.05989 0.398828,
2.05362 0.401826,
2.0479 0.403778,
2.04219 0.405728,
2.03696 0.407929,
2.03207 0.409752,
2.0274 0.414971,
2.02271 0.420191,
2.01915 0.425895,
2.01584 0.431835,
2.0133 0.436681,
2.01075 0.441527,
2.00803 0.450693,
2.00675 0.456755,
2.0057 0.462918,
2.00508 0.469345,
2.00444 0.475772,
2.00442 0.481358,
2.00447 0.488374,
2.00444 0.49525,
2.00447 0.501553,
2.00444 0.507888,
2.00449 0.513087,
2.00454 0.518286,
2.00583 0.527534,
2.00695 0.53371,
2.00833 0.53975,
2.00972 0.545503,
2.01107 0.551288,
2.01239 0.557072,
2.01443 0.562712,
2.0174 0.56775,
2.02066 0.572616,
2.02392 0.577483,
2.02804 0.581677,
2.03291 0.584963,
2.03816 0.587494,
"/>
</Transform>

</Section>
