<?xml version="1.0"?>
<!DOCTYPE Section SYSTEM "section.dtd">

<Section index="604" thickness="0.00164" alignLocked="true">
<Transform dim="0"
 xcoef=" 0 1 0 0 0 0"
 ycoef=" 0 0 1 0 0 0">
<Contour name="OuterMembrane" hidden="false" closed="true" simplified="true" border="1 0 0" fill="1 0 0" mode="11"
points="2.006 0.565643,
2.0102 0.568372,
2.0144 0.5711,
2.01794 0.573746,
2.02194 0.576527,
2.02583 0.5791,
2.02965 0.581811,
2.03347 0.584524,
2.03727 0.586721,
2.04096 0.588758,
2.04477 0.590751,
2.04864 0.592707,
2.05246 0.594662,
2.05669 0.596627,
2.06087 0.598802,
2.06496 0.600863,
2.06893 0.602687,
2.07304 0.604458,
2.07713 0.605949,
2.08123 0.60744,
2.0859 0.608365,
2.09067 0.608825,
2.09581 0.609147,
2.10112 0.609357,
2.10643 0.609568,
2.11183 0.609163,
2.11711 0.607121,
2.12239 0.605081,
2.12751 0.602812,
2.13193 0.600542,
2.13631 0.598116,
2.14028 0.595792,
2.14425 0.59347,
2.14856 0.590062,
2.1528 0.586713,
2.15671 0.583435,
2.16047 0.580242,
2.16423 0.577047,
2.16756 0.573593,
2.16995 0.570057,
2.17244 0.566174,
2.17513 0.561992,
2.17784 0.557621,
2.18066 0.553313,
2.18348 0.549003,
2.18546 0.544387,
2.18727 0.539593,
2.18933 0.534822,
2.19089 0.531052,
2.19304 0.525981,
2.19494 0.521427,
2.1967 0.517138,
2.19839 0.512908,
2.19988 0.508598,
2.20101 0.504015,
2.20206 0.499298,
2.20273 0.494488,
2.20316 0.489491,
2.2036 0.484438,
2.20421 0.479939,
2.20465 0.474805,
2.2049 0.469557,
2.20509 0.464276,
2.20518 0.46014,
2.20516 0.453708,
2.20513 0.447276,
2.20455 0.444284,
2.20395 0.440012,
2.20311 0.435922,
2.20226 0.431832,
2.20067 0.426728,
2.19908 0.421624,
2.1974 0.415755,
2.19586 0.410549,
2.19434 0.405342,
2.19261 0.400782,
2.19083 0.396616,
2.18897 0.392685,
2.18712 0.388752,
2.18473 0.384798,
2.18225 0.381277,
2.17887 0.377359,
2.17539 0.373405,
2.17193 0.369453,
2.16921 0.36698,
2.16432 0.363831,
2.1594 0.360867,
2.1545 0.357904,
2.1516 0.356725,
2.1483 0.355898,
2.1422 0.354343,
2.13646 0.353087,
2.13028 0.351998,
2.12536 0.351424,
2.12073 0.351029,
2.11499 0.350835,
2.10925 0.35064,
2.10517 0.351111,
2.1014 0.352425,
2.09731 0.354309,
2.09303 0.356625,
2.08906 0.358983,
2.08552 0.361348,
2.08196 0.363713,
2.07909 0.366706,
2.07622 0.369697,
2.07335 0.373472,
2.0707 0.376939,
2.06802 0.380408,
2.06547 0.383114,
2.06299 0.38788,
2.0605 0.392646,
2.05756 0.396778,
2.05528 0.400263,
2.053 0.403748,
2.05089 0.407507,
2.04847 0.411465,
2.04516 0.41482,
2.04169 0.418062,
2.03819 0.421305,
2.03427 0.424586,
2.03058 0.427287,
2.02694 0.42906,
2.0233 0.430835,
2.01951 0.431533,
2.01515 0.43214,
2.01079 0.432745,
2.00677 0.433842,
2.00324 0.436042,
2.00016 0.437955,
1.99619 0.442172,
1.99268 0.44628,
1.98935 0.450442,
1.98601 0.454603,
1.98301 0.459972,
1.9813 0.462583,
1.9781 0.469271,
1.97681 0.473811,
1.97584 0.478437,
1.97497 0.483141,
1.97405 0.487956,
1.97313 0.492771,
1.97285 0.496884,
1.97274 0.502268,
1.97261 0.507654,
1.97276 0.511147,
1.9739 0.515285,
1.97549 0.519706,
1.97695 0.524226,
1.97843 0.528667,
1.97987 0.533079,
1.98171 0.537421,
1.98355 0.541763,
1.98594 0.545605,
1.98824 0.549766,
1.99055 0.553926,
1.99844 0.558712,
"/>
<Contour name="InnerMembrane" hidden="false" closed="true" simplified="true" border="1 0 0" fill="1 0 0" mode="11"
points="2.01103 0.530268,
2.01112 0.530332,
2.01648 0.533466,
2.01946 0.535481,
2.02246 0.537497,
2.0256 0.539368,
2.02896 0.541205,
2.03232 0.54304,
2.03595 0.544439,
2.03959 0.545341,
2.04287 0.546005,
2.04597 0.546851,
2.04905 0.547699,
2.05184 0.549098,
2.05436 0.550704,
2.05707 0.552796,
2.05933 0.554484,
2.06238 0.557651,
2.06469 0.560027,
2.06786 0.563227,
2.07102 0.566426,
2.07357 0.568135,
2.07601 0.569582,
2.0787 0.571055,
2.08139 0.572529,
2.08624 0.57533,
2.09067 0.576389,
2.0951 0.577451,
2.09848 0.57758,
2.10184 0.577672,
2.10527 0.57772,
2.1087 0.577769,
2.11219 0.577475,
2.11501 0.57647,
2.11783 0.575466,
2.12144 0.574394,
2.12487 0.573152,
2.12829 0.571909,
2.13197 0.571037,
2.13398 0.570159,
2.13784 0.568203,
2.14097 0.566413,
2.1441 0.564624,
2.14722 0.561836,
2.14986 0.559306,
2.15248 0.556775,
2.15444 0.553508,
2.15637 0.55024,
2.15781 0.547648,
2.15978 0.544726,
2.16177 0.541802,
2.16332 0.540308,
2.16467 0.538628,
2.16633 0.535499,
2.16798 0.532372,
2.16934 0.529261,
2.17085 0.526046,
2.17244 0.522661,
2.17402 0.519275,
2.17584 0.515114,
2.17702 0.511406,
2.17818 0.50808,
2.17933 0.504825,
2.18046 0.50173,
2.18159 0.498637,
2.18266 0.495884,
2.18348 0.49264,
2.18428 0.489396,
2.18464 0.486276,
2.185 0.483155,
2.18564 0.480236,
2.18627 0.477317,
2.18645 0.474336,
2.18648 0.470003,
2.18655 0.466072,
2.18658 0.462993,
2.1866 0.458857,
2.1866 0.455167,
2.18661 0.451563,
2.18663 0.447959,
2.18697 0.444663,
2.1872 0.441245,
2.1873 0.438349,
2.18742 0.435453,
2.18697 0.432619,
2.18655 0.429785,
2.18587 0.426375,
2.18474 0.423031,
2.18369 0.419901,
2.18266 0.41677,
2.1814 0.413798,
2.18015 0.410828,
2.17902 0.408055,
2.17617 0.403224,
2.17433 0.400444,
2.17249 0.397664,
2.17039 0.395361,
2.16826 0.393039,
2.16583 0.390564,
2.16342 0.388091,
2.16159 0.386745,
2.15954 0.38562,
2.15563 0.383891,
2.15175 0.382163,
2.14833 0.381116,
2.14537 0.380472,
2.14009 0.379047,
2.13713 0.378702,
2.13382 0.378532,
2.12995 0.378036,
2.12677 0.377856,
2.12342 0.377715,
2.12 0.377628,
2.11657 0.377541,
2.11283 0.378113,
2.10937 0.379398,
2.10589 0.380682,
2.10278 0.382097,
2.09994 0.383404,
2.09712 0.384711,
2.09441 0.385726,
2.09185 0.387742,
2.08931 0.389859,
2.08652 0.392101,
2.08373 0.394345,
2.081 0.3966,
2.07873 0.398622,
2.07647 0.400645,
2.07481 0.402613,
2.0726 0.406412,
2.07037 0.409383,
2.06814 0.412357,
2.06586 0.416038,
2.06397 0.419455,
2.06269 0.422164,
2.06041 0.426738,
2.05892 0.42937,
2.05715 0.43223,
2.05543 0.434805,
2.05343 0.43724,
2.04969 0.43879,
2.04597 0.440338,
2.04313 0.44115,
2.04029 0.441962,
2.03706 0.443338,
2.03417 0.444532,
2.03121 0.445821,
2.02807 0.447112,
2.02494 0.448404,
2.02283 0.449412,
2.01895 0.451338,
2.01582 0.453106,
2.01269 0.454874,
2.01028 0.456733,
2.00787 0.458592,
2.00561 0.461301,
2.00442 0.463374,
2.00247 0.467005,
2.00101 0.47048,
1.99955 0.473955,
1.99867 0.4768,
1.99778 0.479648,
1.99737 0.482905,
1.99698 0.486162,
1.99647 0.488223,
1.99568 0.492927,
1.99554 0.4968,
1.99539 0.500674,
1.99557 0.503467,
1.99631 0.506511,
1.99765 0.509484,
1.99898 0.512457,
1.99978 0.515272,
2.00082 0.517463,
2.00523 0.524551,
2.0071 0.527075,
2.00941 0.529207,
"/>
<Contour name="CristaeMembrane" hidden="false" closed="true" simplified="true" border="1 0 0" fill="1 0 0" mode="11"
points="2.02445 0.512784,
2.02468 0.513648,
2.02506 0.514483,
2.02583 0.515432,
2.02661 0.516382,
2.02807 0.517699,
2.02868 0.518483,
2.02968 0.519457,
2.03068 0.520433,
2.03145 0.520964,
2.03232 0.521367,
2.03393 0.522173,
2.03473 0.522422,
2.03555 0.522548,
2.03637 0.522561,
2.03827 0.522532,
2.03939 0.522501,
2.04052 0.522458,
2.04172 0.522401,
2.04293 0.522243,
2.04388 0.521818,
2.04505 0.521336,
2.04621 0.520853,
2.04736 0.520474,
2.04849 0.519855,
2.04948 0.519385,
2.05044 0.518914,
2.05133 0.518502,
2.05243 0.518437,
2.05354 0.518371,
2.05456 0.518091,
2.05536 0.517714,
2.05649 0.517108,
2.05761 0.516503,
2.05843 0.515793,
2.05961 0.515193,
2.06081 0.514593,
2.06227 0.514479,
2.06373 0.514366,
2.06451 0.514342,
2.0656 0.514353,
2.06668 0.514363,
2.06752 0.514265,
2.06886 0.51384,
2.07002 0.513674,
2.07121 0.513509,
2.0724 0.51324,
2.0735 0.512738,
2.0745 0.512451,
2.0755 0.512162,
2.07657 0.512397,
2.07762 0.512631,
2.07857 0.512977,
2.07952 0.513322,
2.08096 0.513748,
2.08232 0.514058,
2.08369 0.51437,
2.08482 0.515445,
2.08597 0.51652,
2.0866 0.517366,
2.08739 0.518342,
2.08816 0.519317,
2.08893 0.520502,
2.08988 0.521964,
2.09046 0.523053,
2.09105 0.524142,
2.09144 0.525251,
2.09185 0.52636,
2.0922 0.527478,
2.09261 0.528639,
2.09297 0.529763,
2.09326 0.530717,
2.09356 0.531673,
2.09389 0.532436,
2.09441 0.533476,
2.09495 0.534517,
2.09548 0.535237,
2.09661 0.536385,
2.09749 0.537936,
2.09802 0.538599,
2.09864 0.539217,
2.10002 0.540593,
2.10079 0.54133,
2.10176 0.542241,
2.10268 0.54303,
2.10358 0.543475,
2.10442 0.543737,
2.1053 0.543872,
2.10658 0.543875,
2.10786 0.543878,
2.10915 0.543868,
2.11047 0.54386,
2.11175 0.543832,
2.11298 0.543775,
2.11414 0.543668,
2.1153 0.543485,
2.11612 0.543093,
2.11685 0.542596,
2.11763 0.541848,
2.1187 0.541205,
2.11977 0.540562,
2.12052 0.539755,
2.12126 0.538947,
2.12265 0.538189,
2.12349 0.537617,
2.12447 0.536585,
2.12531 0.535749,
2.12615 0.534911,
2.1268 0.533776,
2.12752 0.532731,
2.12826 0.531688,
2.12875 0.530447,
2.12911 0.529426,
2.12949 0.528406,
2.12997 0.527465,
2.13029 0.526656,
2.13105 0.525223,
2.13126 0.524474,
2.13141 0.523022,
2.13138 0.521764,
2.13134 0.520508,
2.13131 0.519272,
2.13121 0.518102,
2.13105 0.517036,
2.13031 0.515258,
2.13005 0.514124,
2.12947 0.512994,
2.1289 0.511865,
2.12833 0.510717,
2.12775 0.509571,
2.12715 0.508393,
2.12651 0.507585,
2.12537 0.506463,
2.12469 0.505473,
2.12398 0.50448,
2.12342 0.503705,
2.12275 0.503029,
2.12162 0.501879,
2.12065 0.501004,
2.1197 0.500128,
2.12052 0.499454,
2.12134 0.49878,
2.12259 0.498675,
2.1238 0.498562,
2.12544 0.497914,
2.12623 0.497748,
2.12756 0.497196,
2.12867 0.4966,
2.12977 0.496005,
2.1308 0.495323,
2.13182 0.49464,
2.13261 0.494065,
2.13328 0.493394,
2.13444 0.492115,
2.13487 0.491418,
2.13553 0.490457,
2.1362 0.489496,
2.13671 0.488525,
2.13718 0.487506,
2.13767 0.486486,
2.13792 0.485361,
2.13795 0.484267,
2.13794 0.483054,
2.1379 0.48184,
2.13784 0.480735,
2.13772 0.479666,
2.1371 0.478516,
2.13646 0.477368,
2.13562 0.476062,
2.13517 0.475152,
2.13471 0.474244,
2.13438 0.47316,
2.13405 0.472077,
2.13387 0.470683,
2.13371 0.469291,
2.13334 0.468236,
2.13318 0.467116,
2.13302 0.465995,
2.13275 0.464725,
2.1323 0.463676,
2.13218 0.462336,
2.13205 0.460996,
2.13187 0.459633,
2.13187 0.458418,
2.13185 0.457202,
2.1321 0.45633,
2.13221 0.455538,
2.13221 0.454767,
2.13226 0.453467,
2.1323 0.452166,
2.13236 0.450897,
2.13252 0.449619,
2.13285 0.448447,
2.13303 0.447235,
2.13334 0.446228,
2.13366 0.445221,
2.13398 0.444217,
2.13433 0.443212,
2.13477 0.442278,
2.13523 0.441347,
2.13608 0.440461,
2.13695 0.439576,
2.13746 0.438664,
2.13807 0.437824,
2.13867 0.436985,
2.13917 0.43602,
2.13948 0.43503,
2.13995 0.433839,
2.14045 0.432648,
2.14109 0.431318,
2.14148 0.430616,
2.14179 0.429867,
2.14236 0.428773,
2.14294 0.427679,
2.14346 0.426633,
2.14404 0.42548,
2.14443 0.424232,
2.14453 0.423099,
2.14453 0.422002,
2.14451 0.420906,
2.14451 0.419666,
2.14453 0.418062,
2.14453 0.417004,
2.14451 0.415947,
2.14451 0.414827,
2.1445 0.413519,
2.14435 0.412626,
2.14407 0.411822,
2.14371 0.411082,
2.14282 0.409925,
2.14189 0.409047,
2.14095 0.408171,
2.14004 0.407371,
2.13907 0.406887,
2.13804 0.406597,
2.13674 0.406494,
2.13561 0.406518,
2.13449 0.406543,
2.13339 0.406587,
2.1322 0.406845,
2.131 0.407102,
2.13002 0.407406,
2.12903 0.407707,
2.12813 0.408145,
2.12657 0.408921,
2.12562 0.409406,
2.12469 0.409892,
2.123 0.410643,
2.12219 0.410812,
2.12044 0.411473,
2.11936 0.411533,
2.11801 0.411653,
2.11698 0.412066,
2.11532 0.412893,
2.11426 0.41308,
2.11319 0.413267,
2.11209 0.413687,
2.11104 0.414018,
2.10997 0.414351,
2.1093 0.41469,
2.10806 0.415205,
2.10681 0.415719,
2.10556 0.41613,
2.1044 0.416893,
2.10363 0.417662,
2.10286 0.418431,
2.10209 0.4192,
2.10127 0.420032,
2.10027 0.42107,
2.09925 0.422128,
2.09864 0.423209,
2.0981 0.424298,
2.09756 0.425385,
2.09697 0.426551,
2.09653 0.42844,
2.09653 0.429572,
2.09653 0.430703,
2.09654 0.431943,
2.09664 0.433001,
2.09674 0.434059,
2.09692 0.435128,
2.09722 0.436399,
2.09751 0.437672,
2.09789 0.438775,
2.09808 0.439755,
2.09828 0.440734,
2.09854 0.441642,
2.09876 0.442782,
2.09897 0.443922,
2.09897 0.445109,
2.09897 0.44628,
2.09897 0.447405,
2.09897 0.448555,
2.09897 0.449552,
2.09897 0.450606,
2.09899 0.451845,
2.09899 0.452932,
2.099 0.454103,
2.09895 0.45518,
2.0989 0.456258,
2.09886 0.457358,
2.09872 0.458616,
2.09848 0.459685,
2.09827 0.460491,
2.09817 0.461288,
2.09781 0.462301,
2.09745 0.463313,
2.09699 0.464263,
2.09669 0.465124,
2.09654 0.46598,
2.09605 0.467836,
2.09558 0.468809,
2.09512 0.46978,
2.09494 0.470583,
2.09462 0.471805,
2.09431 0.473025,
2.09408 0.474167,
2.09354 0.475631,
2.093 0.477096,
2.0923 0.47806,
2.09157 0.479026,
2.09075 0.479989,
2.09008 0.480848,
2.08941 0.481707,
2.08852 0.482411,
2.08751 0.483057,
2.08641 0.483423,
2.08531 0.483789,
2.08442 0.48411,
2.08369 0.484513,
2.08237 0.485227,
2.08114 0.485284,
2.07991 0.485342,
2.07903 0.485607,
2.07778 0.485824,
2.07655 0.486042,
2.07509 0.48605,
2.07394 0.486181,
2.07278 0.486312,
2.07145 0.486588,
2.07011 0.486864,
2.06878 0.48686,
2.06745 0.486857,
2.06602 0.486862,
2.06427 0.486857,
2.06328 0.486855,
2.06212 0.486854,
2.061 0.486959,
2.05991 0.487062,
2.05915 0.487326,
2.05797 0.487511,
2.05679 0.487697,
2.05563 0.487718,
2.05407 0.487733,
2.05289 0.48803,
2.05192 0.488481,
2.05079 0.488543,
2.04966 0.488605,
2.04847 0.488974,
2.04723 0.489164,
2.046 0.489355,
2.04401 0.489407,
2.04269 0.489812,
2.04147 0.490058,
2.04026 0.490304,
2.039 0.490472,
2.03808 0.490886,
2.03662 0.491603,
2.03501 0.492069,
2.03431 0.492353,
2.03365 0.492722,
2.03267 0.49352,
2.0318 0.494378,
2.03094 0.495237,
2.03004 0.496148,
2.02901 0.497205,
2.02763 0.498644,
2.02693 0.499446,
2.0264 0.50048,
2.02596 0.501402,
2.02551 0.502324,
2.02525 0.503305,
2.02466 0.504879,
2.02437 0.506261,
2.02406 0.507385,
2.02373 0.508508,
2.02355 0.509705,
2.02365 0.510853,
2.02376 0.512001,
2.02448 0.512913,
"/>
</Transform>

</Section>
