<?xml version="1.0"?>
<!DOCTYPE Section SYSTEM "section.dtd">

<Section index="585" thickness="0.00164" alignLocked="true">
<Transform dim="0"
 xcoef=" 0 1 0 0 0 0"
 ycoef=" 0 0 1 0 0 0">
<Contour name="OuterMembrane" hidden="false" closed="true" simplified="true" border="1 0 0" fill="1 0 0" mode="11"
points="2.04018 0.560911,
2.03714 0.559232,
2.04118 0.562563,
2.04508 0.565505,
2.04897 0.568445,
2.05517 0.57145,
2.06097 0.573556,
2.06678 0.575661,
2.07181 0.576922,
2.07685 0.578184,
2.08173 0.578592,
2.08746 0.578589,
2.09254 0.578566,
2.09761 0.578543,
2.10489 0.576985,
2.11222 0.575683,
2.11801 0.572978,
2.12318 0.570197,
2.12813 0.567921,
2.13292 0.565546,
2.13774 0.562955,
2.14302 0.559888,
2.14789 0.556498,
2.15225 0.552934,
2.15663 0.54937,
2.1607 0.544869,
2.16478 0.540365,
2.16857 0.535503,
2.17236 0.53064,
2.17582 0.52533,
2.17928 0.520018,
2.18264 0.512264,
2.18532 0.505264,
2.18737 0.499237,
2.18906 0.493733,
2.19074 0.488231,
2.19171 0.48286,
2.19214 0.476823,
2.19252 0.470222,
2.19376 0.464691,
2.19463 0.458782,
2.1953 0.452812,
2.19571 0.4468,
2.19614 0.440786,
2.19424 0.43504,
2.19194 0.429864,
2.18925 0.424716,
2.18655 0.419568,
2.18292 0.414754,
2.17833 0.411437,
2.17364 0.408334,
2.1689 0.405562,
2.164 0.402894,
2.15842 0.400262,
2.15276 0.398185,
2.14673 0.396286,
2.14061 0.395022,
2.13448 0.393756,
2.12842 0.393618,
2.12254 0.393543,
2.11685 0.394018,
2.11114 0.394264,
2.10538 0.394986,
2.09963 0.395709,
2.095 0.396544,
2.08906 0.399996,
2.08314 0.403447,
2.07842 0.407796,
2.07385 0.411543,
2.06906 0.41494,
2.06376 0.417852,
2.05864 0.41963,
2.05344 0.421324,
2.04846 0.42303,
2.04347 0.424735,
2.03857 0.426741,
2.03383 0.429434,
2.02911 0.432129,
2.02435 0.435481,
2.02025 0.43982,
2.01786 0.44406,
2.01272 0.451005,
2.00943 0.457527,
2.00703 0.463215,
2.00464 0.468901,
2.00305 0.47364,
2.00274 0.478613,
2.00247 0.483611,
2.00223 0.488608,
2.00282 0.494006,
2.00342 0.499403,
2.00439 0.504781,
2.00516 0.513382,
2.00744 0.520333,
2.00859 0.523911,
2.01118 0.528703,
2.01379 0.533495,
2.01636 0.537879,
2.02119 0.543512,
2.02558 0.548336,
2.03021 0.552624,
2.03435 0.556565,
2.0388 0.56007,
"/>
</Transform>

</Section>
