<?xml version="1.0"?>
<!DOCTYPE Section SYSTEM "section.dtd">

<Section index="599" thickness="0.00164" alignLocked="true">
<Transform dim="0"
 xcoef=" 0 1 0 0 0 0"
 ycoef=" 0 0 1 0 0 0">
<Contour name="OuterMembrane" hidden="false" closed="true" simplified="true" border="1 0 0" fill="1 0 0" mode="11"
points="2.01497 0.557051,
2.01356 0.556878,
2.01505 0.557287,
2.01959 0.557912,
2.02406 0.557984,
2.02853 0.558056,
2.03352 0.559355,
2.038 0.560888,
2.04198 0.562435,
2.04557 0.564913,
2.04933 0.567527,
2.05302 0.569987,
2.05649 0.57245,
2.06023 0.574941,
2.06384 0.577526,
2.0675 0.580112,
2.07104 0.582684,
2.07463 0.585029,
2.07822 0.587374,
2.08211 0.589378,
2.08598 0.591295,
2.08987 0.593214,
2.09472 0.594531,
2.09859 0.595546,
2.10246 0.596563,
2.1087 0.597004,
2.11322 0.597145,
2.11886 0.597193,
2.12449 0.597239,
2.12875 0.596243,
2.13302 0.595248,
2.13804 0.593031,
2.14199 0.59078,
2.14574 0.588496,
2.14981 0.585888,
2.15386 0.583282,
2.15816 0.57996,
2.16065 0.576562,
2.16314 0.573164,
2.16593 0.568875,
2.168 0.563909,
2.16985 0.559311,
2.17164 0.554837,
2.1731 0.550748,
2.17474 0.546858,
2.17638 0.542909,
2.178 0.53896,
2.18058 0.533846,
2.18287 0.529233,
2.18484 0.525272,
2.18661 0.521318,
2.1884 0.517123,
2.19032 0.513022,
2.19212 0.508782,
2.19412 0.504477,
2.19581 0.500339,
2.19732 0.496394,
2.19909 0.492235,
2.20149 0.487905,
2.20475 0.483982,
2.20833 0.480487,
2.21208 0.477128,
2.21575 0.473717,
2.21943 0.470304,
2.22261 0.465621,
2.22538 0.46116,
2.22755 0.456925,
2.22971 0.452691,
2.23043 0.44866,
2.23083 0.443605,
2.23119 0.438567,
2.23135 0.434085,
2.23153 0.429603,
2.23104 0.425651,
2.22919 0.421526,
2.22702 0.417439,
2.22484 0.41316,
2.22266 0.408882,
2.22015 0.405457,
2.21515 0.399534,
2.21236 0.39708,
2.20692 0.392393,
2.20359 0.390243,
2.19886 0.387355,
2.1945 0.384301,
2.19029 0.381479,
2.18607 0.378658,
2.18215 0.37597,
2.17823 0.373284,
2.17413 0.370538,
2.17002 0.367791,
2.16642 0.365795,
2.16139 0.363542,
2.15649 0.361436,
2.15217 0.359701,
2.14812 0.358187,
2.14391 0.35708,
2.13977 0.356403,
2.13566 0.356019,
2.13131 0.355846,
2.12656 0.355746,
2.12173 0.35565,
2.11691 0.355554,
2.11353 0.355849,
2.10968 0.356982,
2.10583 0.358115,
2.1014 0.360333,
2.09697 0.362548,
2.09367 0.365198,
2.09038 0.367847,
2.08816 0.370319,
2.08541 0.375034,
2.08239 0.379489,
2.07913 0.383931,
2.07586 0.38837,
2.07206 0.393167,
2.06863 0.397892,
2.06553 0.401774,
2.06261 0.40549,
2.05953 0.408986,
2.05622 0.412529,
2.0528 0.416014,
2.05016 0.418859,
2.04751 0.421705,
2.04277 0.424316,
2.03824 0.426185,
2.03403 0.427681,
2.02971 0.428778,
2.02515 0.429928,
2.02043 0.431323,
2.01566 0.432716,
2.01089 0.434108,
2.00639 0.436119,
2.00251 0.438229,
1.99862 0.440338,
1.99472 0.443618,
1.99098 0.446351,
1.98742 0.44933,
1.9842 0.452237,
1.98099 0.455141,
1.9785 0.458487,
1.97686 0.462459,
1.97522 0.466431,
1.97389 0.472113,
1.97256 0.477796,
1.97197 0.482278,
1.97125 0.487091,
1.97069 0.492051,
1.97061 0.497409,
1.97136 0.502862,
1.97207 0.507021,
1.97276 0.511181,
1.97405 0.515368,
1.97525 0.519355,
1.97641 0.523214,
1.97764 0.527106,
1.97912 0.530976,
1.9813 0.53505,
1.98409 0.539027,
1.98689 0.543004,
1.99188 0.546709,
1.99667 0.549526,
2.00141 0.552099,
2.00615 0.554673,
"/>
<Contour name="InnerMembrane" hidden="false" closed="true" simplified="true" border="1 0 0" fill="1 0 0" mode="11"
points="2.0215 0.471088,
2.02063 0.475234,
2.02002 0.478905,
2.01941 0.482575,
2.01928 0.486444,
2.01923 0.489597,
2.0192 0.492749,
2.01933 0.495967,
2.01979 0.499165,
2.02046 0.502537,
2.02112 0.505907,
2.02233 0.508997,
2.02345 0.511946,
2.02465 0.51499,
2.02576 0.518056,
2.02702 0.520903,
2.02829 0.52375,
2.02991 0.526729,
2.03148 0.52972,
2.03308 0.53271,
2.03527 0.535157,
2.03747 0.537602,
2.04006 0.539819,
2.04265 0.542036,
2.04508 0.544465,
2.04765 0.545972,
2.05116 0.547847,
2.05405 0.549336,
2.05692 0.550827,
2.05953 0.551765,
2.06255 0.553034,
2.06558 0.554304,
2.06827 0.555265,
2.07098 0.556406,
2.07386 0.557339,
2.07681 0.558535,
2.07977 0.559732,
2.08288 0.561105,
2.08601 0.562477,
2.08941 0.56352,
2.09325 0.564367,
2.09672 0.564888,
2.10012 0.56518,
2.10368 0.565634,
2.10745 0.565851,
2.11107 0.566026,
2.11452 0.566117,
2.11785 0.566156,
2.12116 0.566223,
2.12418 0.566251,
2.12716 0.566256,
2.13005 0.566261,
2.13293 0.566266,
2.13728 0.565126,
2.14074 0.563996,
2.14386 0.562796,
2.14697 0.561597,
2.14968 0.560098,
2.15332 0.557584,
2.15503 0.555981,
2.15668 0.553433,
2.15834 0.550884,
2.16031 0.545754,
2.16096 0.543125,
2.16173 0.539352,
2.16223 0.535508,
2.1625 0.531998,
2.16278 0.52849,
2.16323 0.524293,
2.16341 0.520721,
2.16354 0.517126,
2.16359 0.514256,
2.16362 0.510375,
2.1636 0.506847,
2.16362 0.503265,
2.16364 0.500326,
2.16419 0.496648,
2.16495 0.492961,
2.16572 0.489273,
2.16811 0.486129,
2.17088 0.483447,
2.17333 0.481074,
2.17592 0.478988,
2.17854 0.476796,
2.18104 0.474906,
2.18355 0.473017,
2.18578 0.471136,
2.18732 0.469353,
2.18991 0.465898,
2.19161 0.462327,
2.19332 0.458757,
2.19398 0.455717,
2.19432 0.452766,
2.19455 0.449573,
2.19468 0.446244,
2.19475 0.44333,
2.19476 0.440496,
2.19478 0.437662,
2.19411 0.434828,
2.19327 0.43184,
2.19217 0.428742,
2.19071 0.425665,
2.18925 0.42259,
2.18799 0.419417,
2.18591 0.416795,
2.18382 0.414479,
2.18176 0.412253,
2.17969 0.410026,
2.177 0.408253,
2.17438 0.406512,
2.17177 0.40477,
2.16915 0.403306,
2.16633 0.401826,
2.1635 0.400349,
2.16014 0.398855,
2.15667 0.397618,
2.15321 0.39655,
2.14974 0.395483,
2.14627 0.394753,
2.14259 0.394341,
2.13908 0.394153,
2.13553 0.393992,
2.13197 0.393831,
2.12906 0.393477,
2.12537 0.393295,
2.12239 0.393203,
2.11817 0.393523,
2.11394 0.393843,
2.11001 0.395702,
2.10647 0.397167,
2.10294 0.398623,
2.09936 0.400235,
2.09579 0.401846,
2.09253 0.403325,
2.0897 0.404811,
2.08654 0.406654,
2.08336 0.408498,
2.08155 0.409702,
2.07886 0.412711,
2.07639 0.41534,
2.07391 0.417895,
2.07152 0.420514,
2.06896 0.422881,
2.06638 0.425247,
2.06384 0.427512,
2.06128 0.429778,
2.05856 0.43195,
2.05582 0.434121,
2.05323 0.436299,
2.05077 0.438379,
2.04869 0.44094,
2.04641 0.443856,
2.04415 0.44677,
2.0415 0.449178,
2.03893 0.451515,
2.03617 0.453565,
2.03391 0.455841,
2.03165 0.458119,
2.02925 0.461701,
2.02617 0.464983,
2.02383 0.468035,
"/>
<Contour name="CristaeMembrane" hidden="false" closed="true" simplified="true" border="1 0 0" fill="1 0 0" mode="11"
points="2.0933 0.517505,
2.09372 0.517901,
2.09415 0.518358,
2.09584 0.519993,
2.09669 0.520875,
2.09763 0.521804,
2.09854 0.522732,
2.09922 0.523237,
2.10076 0.524146,
2.10155 0.524792,
2.10233 0.525246,
2.10338 0.525691,
2.10443 0.526135,
2.1055 0.526832,
2.10653 0.52713,
2.10756 0.527429,
2.10881 0.527962,
2.11006 0.528495,
2.11088 0.529092,
2.11196 0.529604,
2.11342 0.529963,
2.11421 0.530342,
2.11511 0.530624,
2.11644 0.530945,
2.11776 0.531265,
2.11881 0.531522,
2.12019 0.531554,
2.12136 0.531567,
2.12244 0.531575,
2.12352 0.531583,
2.12505 0.531575,
2.12603 0.531422,
2.12697 0.531111,
2.12793 0.530586,
2.12895 0.529625,
2.12997 0.528662,
2.13097 0.527647,
2.13152 0.52647,
2.13208 0.52529,
2.13215 0.523891,
2.1322 0.522694,
2.13221 0.521558,
2.13221 0.52048,
2.13221 0.519404,
2.13218 0.518251,
2.13185 0.51699,
2.13128 0.51535,
2.13093 0.514248,
2.13056 0.513514,
2.13006 0.512825,
2.12905 0.511288,
2.12839 0.510332,
2.12762 0.509556,
2.12683 0.50878,
2.12618 0.50809,
2.12526 0.507393,
2.12405 0.506835,
2.12329 0.506639,
2.12203 0.505786,
2.12027 0.504895,
2.11929 0.504188,
2.11831 0.503482,
2.11763 0.50288,
2.11662 0.502325,
2.1156 0.501769,
2.11452 0.501204,
2.11342 0.500638,
2.11234 0.50031,
2.11125 0.499982,
2.11037 0.499551,
2.1093 0.49925,
2.10804 0.499201,
2.10701 0.499178,
2.1056 0.499165,
2.10432 0.49916,
2.10304 0.499155,
2.10182 0.499336,
2.1011 0.499574,
2.09963 0.500325,
2.09792 0.501174,
2.0969 0.501665,
2.09589 0.502563,
2.09489 0.50346,
2.09435 0.504113,
2.09351 0.505783,
2.09339 0.507126,
2.09328 0.508469,
2.09312 0.509645,
2.09284 0.510806,
2.09256 0.511965,
2.09241 0.51406,
2.09244 0.514835,
2.09262 0.515714,
2.09294 0.516575,
2.0933 0.517281,
2.09377 0.51793,
"/>
</Transform>

</Section>
