<?xml version="1.0"?>
<!DOCTYPE Section SYSTEM "section.dtd">

<Section index="675" thickness="0.00164" alignLocked="true">
<Transform dim="0"
 xcoef=" 0 1 0 0 0 0"
 ycoef=" 0 0 1 0 0 0">
<Contour name="OuterMembrane" hidden="false" closed="true" simplified="true" border="1 0 0" fill="1 0 0" mode="11"
points="2.00652 0.577118,
2.01392 0.585874,
2.02235 0.590951,
2.03542 0.598388,
2.04036 0.600578,
2.05141 0.603666,
2.06091 0.605616,
2.07644 0.605867,
2.08077 0.605462,
2.08515 0.60465,
2.09297 0.602252,
2.10158 0.599176,
2.10601 0.597916,
2.1103 0.596245,
2.11511 0.593783,
2.11954 0.590861,
2.12842 0.586018,
2.13277 0.583122,
2.14002 0.576129,
2.15075 0.565393,
2.1537 0.561183,
2.15801 0.553113,
2.16536 0.539453,
2.16806 0.533362,
2.17113 0.52201,
2.17426 0.512659,
2.17897 0.498407,
2.18013 0.493356,
2.18066 0.485117,
2.18071 0.475785,
2.18072 0.46647,
2.18151 0.456586,
2.18194 0.440494,
2.1813 0.434192,
2.17853 0.424703,
2.17569 0.416663,
2.16982 0.404468,
2.16701 0.400201,
2.16242 0.393344,
2.15366 0.383978,
2.15022 0.381162,
2.14174 0.375439,
2.13559 0.371921,
2.1248 0.368173,
2.11635 0.365125,
2.10227 0.360679,
2.09202 0.359272,
2.08337 0.358645,
2.06957 0.358601,
2.06064 0.360141,
2.05166 0.361272,
2.03688 0.366007,
2.02889 0.369745,
2.02086 0.374351,
2.01654 0.377039,
2.00829 0.38295,
2.00403 0.385849,
1.99296 0.396375,
1.98996 0.400039,
1.98353 0.408296,
1.98037 0.412693,
1.97771 0.417428,
1.97431 0.427687,
1.97046 0.437813,
1.96897 0.444186,
1.96871 0.453642,
1.96857 0.46384,
1.96864 0.472963,
1.96869 0.482085,
1.96985 0.490276,
1.97126 0.498644,
1.9721 0.507104,
1.97392 0.515418,
1.97694 0.52511,
1.97902 0.529841,
1.98412 0.539963,
1.98975 0.554477,
1.99257 0.558973,
1.998 0.567133,
2.00192 0.572412,
"/>
<Contour name="InnerMembrane" hidden="false" closed="true" simplified="true" border="1 0 0" fill="1 0 0" mode="11"
points="2.04979 0.570264,
2.05766 0.570031,
2.06342 0.568393,
2.06925 0.564581,
2.07375 0.561393,
2.0785 0.559742,
2.08324 0.558089,
2.08783 0.557757,
2.09221 0.556605,
2.09661 0.555447,
2.10109 0.5541,
2.10556 0.552752,
2.11378 0.550532,
2.11855 0.548956,
2.12339 0.547014,
2.12824 0.545074,
2.13246 0.542064,
2.13671 0.538579,
2.14095 0.535094,
2.14478 0.530896,
2.14784 0.526448,
2.15081 0.521276,
2.1536 0.516534,
2.15639 0.511793,
2.15819 0.506976,
2.15998 0.501651,
2.16177 0.496326,
2.16295 0.490996,
2.16364 0.485114,
2.16395 0.47959,
2.16421 0.47438,
2.16447 0.46917,
2.1636 0.46169,
2.16188 0.455448,
2.16037 0.449385,
2.15873 0.44365,
2.15701 0.437969,
2.15509 0.432924,
2.15283 0.428179,
2.15055 0.423437,
2.14738 0.419683,
2.14358 0.41541,
2.1405 0.412084,
2.13574 0.407652,
2.13121 0.403865,
2.12659 0.400504,
2.12195 0.397144,
2.11701 0.394966,
2.11209 0.392788,
2.10771 0.390768,
2.10319 0.388673,
2.09812 0.386679,
2.09303 0.384687,
2.0866 0.384193,
2.08082 0.383858,
2.07526 0.38357,
2.06998 0.383473,
2.0646 0.383371,
2.05846 0.383324,
2.05371 0.384126,
2.04895 0.384926,
2.04457 0.38683,
2.04019 0.388734,
2.03593 0.391237,
2.03168 0.393844,
2.02738 0.396173,
2.02312 0.398633,
2.01889 0.401428,
2.01458 0.40436,
2.01023 0.407635,
2.0061 0.41094,
2.002 0.414215,
1.99841 0.417552,
1.99545 0.421491,
1.99263 0.425437,
1.98999 0.429739,
1.98783 0.434226,
1.98555 0.438803,
1.98368 0.44343,
1.98184 0.448099,
1.98041 0.452902,
1.9801 0.457973,
1.97996 0.462523,
1.97994 0.466993,
1.9803 0.471882,
1.98066 0.476773,
1.98161 0.481238,
1.98246 0.487506,
1.9833 0.493184,
1.9841 0.498693,
1.98492 0.5042,
1.98655 0.509523,
1.98819 0.514845,
1.99048 0.519542,
1.99288 0.523978,
1.99517 0.527988,
1.99747 0.531996,
2.00036 0.536449,
2.00323 0.5409,
2.00615 0.544644,
2.00908 0.548477,
2.01217 0.552267,
2.01523 0.556057,
2.01868 0.559266,
2.02214 0.562474,
2.02624 0.564718,
2.03034 0.566961,
2.03547 0.568322,
2.0406 0.569684,
2.04936 0.57033,
"/>
</Transform>

</Section>
