<?xml version="1.0"?>
<!DOCTYPE Section SYSTEM "section.dtd">

<Section index="586" thickness="0.00164" alignLocked="true">
<Transform dim="0"
 xcoef=" 0 1 0 0 0 0"
 ycoef=" 0 0 1 0 0 0">
<Contour name="OuterMembrane" hidden="false" closed="true" simplified="true" border="1 0 0" fill="1 0 0" mode="11"
points="2.00229 0.52171,
2.00185 0.520846,
2.00423 0.527499,
2.00688 0.531781,
2.00954 0.536062,
2.01256 0.540808,
2.01608 0.545751,
2.02109 0.549598,
2.02656 0.553497,
2.03196 0.557425,
2.03757 0.561028,
2.04323 0.564678,
2.04792 0.567448,
2.05221 0.569761,
2.05651 0.572073,
2.06563 0.574812,
2.07075 0.575414,
2.0764 0.575771,
2.08209 0.576086,
2.0878 0.576401,
2.09374 0.575281,
2.10009 0.573549,
2.10548 0.57145,
2.11088 0.569351,
2.1156 0.567104,
2.12014 0.564344,
2.12483 0.560959,
2.12924 0.557682,
2.13367 0.554405,
2.13787 0.551042,
2.14223 0.547093,
2.14669 0.542912,
2.15025 0.539496,
2.15411 0.535129,
2.15798 0.530761,
2.16114 0.525108,
2.16421 0.519272,
2.1668 0.513737,
2.16901 0.508577,
2.1709 0.503327,
2.17289 0.498063,
2.175 0.492645,
2.17756 0.487493,
2.17994 0.482186,
2.1825 0.471026,
2.18602 0.459918,
2.18763 0.454344,
2.18842 0.448715,
2.18871 0.443079,
2.18855 0.437542,
2.18809 0.432212,
2.18664 0.427466,
2.18519 0.42272,
2.18163 0.41797,
2.17758 0.413377,
2.17284 0.409579,
2.16788 0.406049,
2.16285 0.402538,
2.15773 0.399478,
2.15261 0.396418,
2.14706 0.394333,
2.14135 0.393431,
2.13561 0.3924,
2.12987 0.391368,
2.12408 0.390856,
2.11839 0.390535,
2.1128 0.390336,
2.10722 0.390138,
2.09971 0.390358,
2.09589 0.391132,
2.09025 0.3934,
2.0846 0.395666,
2.07982 0.398722,
2.0757 0.401948,
2.07158 0.405173,
2.06643 0.410828,
2.06182 0.416032,
2.05777 0.41986,
2.05267 0.42249,
2.04746 0.425213,
2.04223 0.427933,
2.03727 0.430918,
2.03281 0.434167,
2.02834 0.437418,
2.02422 0.440709,
2.02018 0.444327,
2.0163 0.448443,
2.0131 0.452819,
2.01033 0.457447,
2.0082 0.462293,
2.00606 0.467139,
2.0039 0.47188,
2.0026 0.476938,
2.00172 0.483546,
2.0011 0.489847,
2.00072 0.496187,
2.00044 0.50174,
2.00024 0.507242,
2.00078 0.512531,
2.00169 0.51803,
"/>
</Transform>

</Section>
