<?xml version="1.0"?>
<!DOCTYPE Section SYSTEM "section.dtd">

<Section index="634" thickness="0.00164" alignLocked="true">
<Transform dim="0"
 xcoef=" 0 1 0 0 0 0"
 ycoef=" 0 0 1 0 0 0">
<Contour name="OuterMembrane" hidden="false" closed="true" simplified="true" border="1 0 0" fill="1 0 0" mode="11"
points="2.03955 0.619246,
2.04669 0.62353,
2.05118 0.62546,
2.0562 0.627364,
2.06114 0.628655,
2.06725 0.629811,
2.07358 0.630493,
2.08 0.630915,
2.08642 0.631266,
2.09285 0.631618,
2.09963 0.631069,
2.10633 0.630026,
2.11306 0.628983,
2.12124 0.627787,
2.12598 0.626327,
2.131 0.62492,
2.13617 0.623579,
2.1415 0.622231,
2.14691 0.620842,
2.15234 0.619454,
2.15916 0.618045,
2.16598 0.616637,
2.17197 0.614867,
2.17795 0.613096,
2.18268 0.61021,
2.18738 0.607323,
2.19225 0.604627,
2.19589 0.600758,
2.19967 0.596835,
2.2036 0.59284,
2.20703 0.588767,
2.21047 0.584693,
2.21369 0.579004,
2.21639 0.573436,
2.21908 0.567866,
2.22154 0.561838,
2.22402 0.555811,
2.22545 0.550778,
2.22701 0.545451,
2.22884 0.54015,
2.2306 0.534735,
2.2327 0.529376,
2.23437 0.523422,
2.23562 0.517812,
2.23686 0.512202,
2.23809 0.505576,
2.2389 0.49886,
2.23926 0.49264,
2.23957 0.486732,
2.23975 0.48133,
2.23983 0.47593,
2.23983 0.470298,
2.23985 0.465137,
2.23988 0.459976,
2.23862 0.451428,
2.23785 0.447358,
2.23502 0.438416,
2.23296 0.433106,
2.23094 0.427986,
2.2286 0.422933,
2.22641 0.417592,
2.22394 0.412116,
2.22169 0.40746,
2.21925 0.403109,
2.21626 0.398868,
2.21326 0.394625,
2.20938 0.390041,
2.20546 0.385807,
2.20134 0.381726,
2.19724 0.377648,
2.19332 0.373223,
2.18815 0.369769,
2.18243 0.366425,
2.17669 0.36308,
2.17098 0.360262,
2.16528 0.357686,
2.15955 0.355109,
2.15375 0.352593,
2.14848 0.351252,
2.14276 0.349687,
2.13667 0.348223,
2.13095 0.347111,
2.12521 0.346001,
2.12013 0.345489,
2.11473 0.345218,
2.10915 0.344984,
2.10255 0.344866,
2.09694 0.344812,
2.0913 0.344797,
2.08549 0.344762,
2.08062 0.344748,
2.07457 0.34512,
2.0697 0.345778,
2.06481 0.346435,
2.05982 0.348398,
2.05367 0.351208,
2.04733 0.352748,
2.04098 0.354288,
2.03463 0.35662,
2.02896 0.359836,
2.02327 0.363053,
2.01787 0.366435,
2.01266 0.369779,
2.00752 0.373303,
2.00278 0.377049,
1.99847 0.38148,
1.99435 0.386074,
1.99032 0.390799,
1.98634 0.395283,
1.9833 0.39967,
1.98035 0.404003,
1.9774 0.408334,
1.97508 0.413316,
1.97277 0.418298,
1.971 0.422926,
1.96923 0.427556,
1.96734 0.432293,
1.96523 0.439192,
1.96372 0.444511,
1.96237 0.450264,
1.9607 0.455925,
1.95931 0.461417,
1.95847 0.466623,
1.95793 0.471861,
1.9577 0.478162,
1.95747 0.484463,
1.95821 0.49027,
1.95895 0.496077,
1.96095 0.501422,
1.9627 0.506944,
1.96456 0.512602,
1.9659 0.518652,
1.96725 0.524702,
1.96895 0.531107,
1.97064 0.537515,
1.97307 0.543293,
1.97636 0.5488,
1.97968 0.554309,
1.98251 0.558882,
1.9857 0.563084,
1.9885 0.567507,
1.99132 0.571929,
1.99665 0.57833,
2.00177 0.583788,
2.00534 0.588286,
2.00972 0.592822,
2.014 0.597685,
2.01828 0.602547,
2.0226 0.60753,
2.0282 0.611566,
2.03388 0.615405,
"/>
<Contour name="InnerMembrane" hidden="false" closed="true" simplified="true" border="1 0 0" fill="1 0 0" mode="11"
points="2.07162 0.372344,
2.06533 0.372113,
2.05915 0.371911,
2.05321 0.371511,
2.04749 0.371011,
2.04177 0.370509,
2.03621 0.370371,
2.03081 0.372004,
2.02586 0.374656,
2.02151 0.378227,
2.01794 0.382574,
2.01157 0.38941,
2.01176 0.389328,
2.01051 0.390248,
2.00779 0.39278,
2.00397 0.397882,
2.0007 0.403251,
1.99744 0.408619,
1.99404 0.413997,
1.99048 0.42002,
1.98847 0.426164,
1.98647 0.432309,
1.9845 0.438182,
1.98233 0.443672,
1.97964 0.450131,
1.97871 0.455831,
1.97836 0.461624,
1.97802 0.467415,
1.97818 0.473388,
1.97835 0.479329,
1.97873 0.485258,
1.97937 0.491167,
1.98023 0.497281,
1.98181 0.504836,
1.98309 0.509933,
1.98451 0.515031,
1.98629 0.520342,
1.98804 0.525681,
1.99098 0.530414,
1.9939 0.535148,
1.99703 0.540063,
2.00055 0.545384,
2.00398 0.550482,
2.00739 0.55558,
2.01067 0.560667,
2.01379 0.565949,
2.01709 0.57073,
2.02058 0.575307,
2.02453 0.579089,
2.02847 0.582869,
2.03309 0.58632,
2.03791 0.589304,
2.04249 0.59164,
2.04744 0.594093,
2.05256 0.596607,
2.05766 0.599122,
2.06243 0.601526,
2.06742 0.60349,
2.07255 0.605211,
2.07736 0.606546,
2.08646 0.608437,
2.09502 0.608158,
2.10071 0.60709,
2.10638 0.606023,
2.11196 0.60505,
2.11747 0.604174,
2.12306 0.602857,
2.1292 0.601053,
2.13531 0.599248,
2.14209 0.596939,
2.14692 0.594884,
2.15178 0.592829,
2.1565 0.590787,
2.16134 0.588214,
2.16618 0.585639,
2.17046 0.582608,
2.17443 0.579174,
2.17813 0.575292,
2.18181 0.571107,
2.18507 0.566599,
2.18787 0.562062,
2.19038 0.557426,
2.1926 0.552977,
2.19442 0.548424,
2.19603 0.543471,
2.19765 0.538519,
2.19942 0.533441,
2.20132 0.528364,
2.2028 0.522629,
2.20423 0.516456,
2.20569 0.510594,
2.20736 0.504494,
2.20898 0.497583,
2.20939 0.491262,
2.2098 0.484941,
2.2098 0.479024,
2.20979 0.473196,
2.2097 0.467536,
2.20965 0.462305,
2.20952 0.457114,
2.20929 0.451474,
2.2089 0.445429,
2.20819 0.439891,
2.2077 0.434398,
2.20678 0.429498,
2.20595 0.424737,
2.20506 0.419899,
2.20336 0.414466,
2.20165 0.409032,
2.1996 0.403445,
2.19706 0.397823,
2.19294 0.392926,
2.18883 0.388031,
2.18407 0.383416,
2.18031 0.380114,
2.17605 0.377682,
2.17177 0.37525,
2.16462 0.372313,
2.1597 0.37074,
2.15478 0.369167,
2.14981 0.368761,
2.14486 0.368352,
2.13961 0.368475,
2.13285 0.368767,
2.12611 0.369192,
2.11914 0.369825,
2.11347 0.371109,
2.10779 0.372392,
2.10199 0.373384,
2.09595 0.373864,
2.09072 0.373731,
2.08413 0.37354,
2.0777 0.373133,
"/>
<Contour name="CristaeMembrane" hidden="false" closed="true" simplified="true" border="1 0 0" fill="1 0 0" mode="11"
points="2.11557 0.525381,
2.11532 0.525505,
2.11453 0.52594,
2.11296 0.526727,
2.11176 0.527703,
2.11088 0.528859,
2.10997 0.529932,
2.10907 0.531006,
2.10797 0.531913,
2.10684 0.532626,
2.10573 0.533192,
2.10481 0.533859,
2.10314 0.534916,
2.10209 0.535737,
2.10125 0.536595,
2.1004 0.537454,
2.09959 0.538287,
2.09884 0.539117,
2.09767 0.540741,
2.09679 0.541384,
2.09572 0.541977,
2.09443 0.54123,
2.0932 0.540406,
2.09233 0.540027,
2.09043 0.539066,
2.08943 0.53853,
2.08852 0.537876,
2.08762 0.53722,
2.08669 0.536783,
2.08572 0.536506,
2.0847 0.536383,
2.08337 0.536382,
2.08205 0.53638,
2.08052 0.536383,
2.07885 0.536383,
2.0776 0.536385,
2.07627 0.536521,
2.07496 0.536657,
2.07376 0.536875,
2.07234 0.536964,
2.07091 0.537054,
2.06984 0.536736,
2.06876 0.536419,
2.06704 0.535239,
2.06637 0.534351,
2.06568 0.533466,
2.06509 0.532519,
2.06446 0.531765,
2.06374 0.531125,
2.06289 0.530233,
2.06204 0.529341,
2.06114 0.528283,
2.06025 0.527226,
2.05946 0.526122,
2.05881 0.524967,
2.05813 0.523813,
2.05766 0.522843,
2.05718 0.521876,
2.05684 0.520808,
2.05622 0.518919,
2.05587 0.517992,
2.05538 0.517117,
2.05485 0.516041,
2.05431 0.514965,
2.05367 0.513735,
2.05325 0.512756,
2.0529 0.511636,
2.05254 0.510514,
2.05187 0.509238,
2.05118 0.50796,
2.05056 0.50689,
2.04993 0.505819,
2.04956 0.504666,
2.0491 0.503654,
2.04816 0.502311,
2.04769 0.500808,
2.04705 0.498816,
2.04667 0.497947,
2.04621 0.49628,
2.046 0.495149,
2.0458 0.494017,
2.04579 0.492838,
2.04579 0.491462,
2.04546 0.489939,
2.04519 0.488623,
2.04492 0.487306,
2.04488 0.485993,
2.04452 0.484676,
2.04395 0.483585,
2.04326 0.48269,
2.04229 0.481079,
2.0415 0.480248,
2.0407 0.479415,
2.03965 0.47844,
2.0386 0.477465,
2.03745 0.47691,
2.03649 0.476448,
2.0355 0.475985,
2.03432 0.475592,
2.03314 0.475198,
2.03199 0.474934,
2.03083 0.474885,
2.02886 0.474911,
2.02801 0.475051,
2.02643 0.475656,
2.02517 0.476084,
2.02389 0.476513,
2.02276 0.477122,
2.02163 0.477732,
2.02074 0.478496,
2.01971 0.479126,
2.01869 0.479756,
2.0173 0.481133,
2.01653 0.481906,
2.01576 0.482678,
2.01482 0.483623,
2.01394 0.484518,
2.01343 0.485499,
2.01292 0.486478,
2.01262 0.487634,
2.01202 0.488856,
2.01151 0.489963,
2.01098 0.491068,
2.01049 0.492133,
2.01005 0.493233,
2.00964 0.494475,
2.00926 0.495562,
2.0089 0.496649,
2.00869 0.497729,
2.00831 0.498816,
2.0082 0.499918,
2.00808 0.50102,
2.00808 0.502294,
2.00808 0.503526,
2.00808 0.504771,
2.00808 0.506011,
2.00808 0.507218,
2.0081 0.50841,
2.00813 0.509561,
2.00818 0.510704,
2.00829 0.511903,
2.00851 0.513099,
2.00895 0.514363,
2.00946 0.515601,
2.01003 0.516626,
2.01059 0.51765,
2.0111 0.518878,
2.01171 0.519975,
2.01231 0.521072,
2.0131 0.522061,
2.0139 0.52305,
2.01474 0.523895,
2.01553 0.524684,
2.01633 0.525484,
2.01723 0.52641,
2.01818 0.527391,
2.01927 0.528539,
2.01987 0.529654,
2.02055 0.530607,
2.02123 0.531558,
2.02179 0.532565,
2.02235 0.533574,
2.02312 0.534845,
2.02396 0.536054,
2.0253 0.537093,
2.02611 0.537899,
2.02691 0.538704,
2.02788 0.539649,
2.02881 0.540557,
2.02975 0.541166,
2.03084 0.54203,
2.03193 0.542892,
2.03271 0.543685,
2.03339 0.544711,
2.03406 0.545736,
2.03486 0.546671,
2.03567 0.547476,
2.03647 0.548282,
2.03731 0.549123,
2.03829 0.550097,
2.03896 0.55063,
2.0397 0.551068,
2.04067 0.551834,
2.04162 0.5526,
2.04273 0.553392,
2.0437 0.554044,
2.04465 0.554697,
2.04636 0.555591,
2.04716 0.556462,
2.04811 0.557416,
2.04908 0.558402,
2.05007 0.559404,
2.05082 0.560339,
2.05253 0.561208,
2.05371 0.561657,
2.05464 0.5624,
2.05559 0.563156,
2.05654 0.563783,
2.05751 0.564411,
2.05845 0.565224,
2.0593 0.56603,
2.06014 0.566835,
2.06097 0.56764,
2.06176 0.568422,
2.06253 0.569203,
2.06328 0.570008,
2.06402 0.570881,
2.06476 0.571752,
2.06565 0.572581,
2.06665 0.573144,
2.06742 0.573493,
2.06861 0.574687,
2.06927 0.575205,
2.07094 0.576047,
2.0724 0.576847,
2.07362 0.578038,
2.07476 0.578722,
2.0759 0.579405,
2.07698 0.579938,
2.07819 0.580325,
2.07939 0.58046,
2.08045 0.580696,
2.08152 0.580932,
2.0825 0.581183,
2.08339 0.581278,
2.08452 0.58137,
2.08564 0.581464,
2.08703 0.581647,
2.08836 0.582025,
2.08974 0.582092,
2.09093 0.582439,
2.09215 0.582787,
2.09349 0.582922,
2.09471 0.582912,
2.09594 0.582904,
2.09741 0.582887,
2.09943 0.5829,
2.10053 0.582881,
2.10186 0.58284,
2.10274 0.582636,
2.10358 0.582315,
2.10464 0.581775,
2.10571 0.581236,
2.10753 0.580491,
2.10865 0.580125,
2.1094 0.579814,
2.11012 0.579409,
2.11116 0.578561,
2.11204 0.577874,
2.11291 0.577185,
2.11391 0.576572,
2.11567 0.575425,
2.11681 0.57481,
2.11795 0.574197,
2.11963 0.573706,
2.12052 0.573415,
2.1219 0.572714,
2.12326 0.572012,
2.12429 0.571164,
2.12514 0.5703,
2.12601 0.569438,
2.12703 0.568398,
2.12795 0.567811,
2.12887 0.567222,
2.13013 0.566576,
2.13093 0.566062,
2.13203 0.565336,
2.13313 0.564609,
2.13392 0.563986,
2.13551 0.563025,
2.13667 0.562363,
2.13782 0.5617,
2.13953 0.560618,
2.14046 0.559975,
2.14141 0.559332,
2.14261 0.558538,
2.14351 0.557649,
2.14417 0.556714,
2.14579 0.555394,
2.14683 0.554681,
2.14788 0.553966,
2.14865 0.553366,
2.14976 0.552639,
2.15088 0.551914,
2.1516 0.551224,
2.15343 0.550405,
2.15447 0.549844,
2.15565 0.549475,
2.15683 0.549108,
2.15811 0.548869,
2.15914 0.548355,
2.16016 0.54786,
2.16116 0.547366,
2.16226 0.546819,
2.164 0.545935,
2.16528 0.544949,
2.16628 0.543924,
2.16729 0.542899,
2.16846 0.541738,
2.16962 0.54058,
2.1708 0.539329,
2.17195 0.538189,
2.17311 0.537051,
2.17426 0.536308,
2.17543 0.535565,
2.17674 0.534174,
2.17738 0.533651,
2.17861 0.532418,
2.17949 0.531422,
2.18038 0.530425,
2.1812 0.529407,
2.18199 0.528328,
2.18276 0.527247,
2.18364 0.526164,
2.18469 0.524821,
2.18574 0.523478,
2.18643 0.522142,
2.18722 0.520987,
2.18801 0.519834,
2.18876 0.518361,
2.18951 0.516889,
2.19007 0.515678,
2.19063 0.514466,
2.19088 0.513469,
2.19127 0.5123,
2.19166 0.511129,
2.19176 0.510029,
2.19196 0.508885,
2.19217 0.507744,
2.1926 0.506501,
2.19312 0.505376,
2.19337 0.504092,
2.19337 0.502849,
2.19371 0.501817,
2.19407 0.500785,
2.19421 0.499846,
2.19437 0.498342,
2.19452 0.496836,
2.19483 0.49531,
2.19504 0.493747,
2.19504 0.49251,
2.19503 0.491273,
2.19503 0.48993,
2.19504 0.488515,
2.19504 0.487101,
2.19504 0.485555,
2.19504 0.484225,
2.19504 0.482895,
2.19499 0.481601,
2.19496 0.480307,
2.19457 0.478891,
2.19427 0.477591,
2.19398 0.47629,
2.19363 0.475129,
2.1933 0.47397,
2.19311 0.472868,
2.19281 0.471507,
2.19252 0.470147,
2.19245 0.468573,
2.19216 0.467556,
2.19155 0.465773,
2.19102 0.464386,
2.19083 0.463298,
2.19065 0.462213,
2.19019 0.461096,
2.1896 0.459095,
2.1893 0.457163,
2.18932 0.45592,
2.18933 0.454721,
2.18938 0.453599,
2.18947 0.452343,
2.18963 0.451177,
2.18996 0.449978,
2.19065 0.44801,
2.19089 0.44688,
2.19111 0.444829,
2.19143 0.443991,
2.19173 0.442546,
2.19193 0.44043,
2.19209 0.439326,
2.19242 0.43806,
2.19307 0.436637,
2.19334 0.435507,
2.19371 0.433839,
2.19419 0.431969,
2.19421 0.430936,
2.19452 0.429887,
2.19483 0.428839,
2.19493 0.427619,
2.19501 0.4264,
2.19499 0.42496,
2.19494 0.423673,
2.19489 0.422398,
2.19475 0.42118,
2.19414 0.419833,
2.19343 0.418585,
2.19271 0.417337,
2.19204 0.416642,
2.19096 0.415584,
2.18989 0.414526,
2.18909 0.413792,
2.18822 0.413259,
2.18728 0.41287,
2.18612 0.412609,
2.18492 0.41257,
2.18353 0.412583,
2.18213 0.412598,
2.18102 0.412631,
2.17992 0.412663,
2.17874 0.412768,
2.17736 0.413072,
2.17598 0.413373,
2.17474 0.413759,
2.17339 0.414056,
2.17147 0.414638,
2.17072 0.414986,
2.17003 0.415428,
2.1689 0.416471,
2.16797 0.417501,
2.16705 0.418533,
2.16623 0.419487,
2.16541 0.420604,
2.16469 0.421621,
2.16396 0.422636,
2.1636 0.423482,
2.16313 0.424534,
2.16265 0.425585,
2.16247 0.426861,
2.16229 0.428138,
2.16214 0.4293,
2.16185 0.430451,
2.16163 0.431676,
2.16124 0.433217,
2.16083 0.434757,
2.16047 0.436087,
2.16011 0.437416,
2.1597 0.438638,
2.15929 0.439858,
2.15888 0.441063,
2.15849 0.442269,
2.15785 0.444032,
2.15712 0.445144,
2.15639 0.446255,
2.15565 0.447477,
2.15485 0.448668,
2.15404 0.44986,
2.1536 0.451112,
2.15252 0.452914,
2.15198 0.454331,
2.15119 0.455787,
2.15042 0.457242,
2.14984 0.458288,
2.14924 0.459289,
2.14863 0.460289,
2.14789 0.461311,
2.14714 0.46215,
2.14658 0.463184,
2.14579 0.464082,
2.14502 0.464981,
2.14407 0.465975,
2.14304 0.467069,
2.14259 0.467828,
2.14187 0.468796,
2.14115 0.469763,
2.1404 0.47065,
2.13992 0.471592,
2.13907 0.472477,
2.1382 0.473363,
2.13697 0.474524,
2.13617 0.474916,
2.13541 0.475418,
2.13443 0.476377,
2.13333 0.477091,
2.13223 0.477803,
2.13113 0.478841,
2.13041 0.479926,
2.12972 0.480884,
2.12902 0.481842,
2.12821 0.482744,
2.12754 0.484087,
2.12685 0.485429,
2.12657 0.48627,
2.12641 0.487142,
2.12611 0.488497,
2.1258 0.489852,
2.12526 0.491065,
2.1249 0.492141,
2.12434 0.493742,
2.12364 0.494809,
2.12295 0.495879,
2.12218 0.49682,
2.12139 0.497592,
2.12062 0.498357,
2.11985 0.499119,
2.11896 0.500016,
2.11839 0.500771,
2.11793 0.501587,
2.1175 0.50285,
2.11706 0.503956,
2.11662 0.505061,
2.11612 0.506078,
2.11581 0.507168,
2.11509 0.509194,
2.11491 0.51014,
2.1146 0.511318,
2.11427 0.512493,
2.11386 0.513704,
2.11347 0.514914,
2.11329 0.51587,
2.11324 0.51679,
2.11275 0.518689,
2.11248 0.519821,
2.11243 0.520905,
2.1124 0.521989,
2.11239 0.523139,
2.11235 0.524333,
2.11229 0.52562,
2.11345 0.526443,
2.11521 0.525563,
"/>
<Contour name="CristaeMembrane" hidden="false" closed="true" simplified="true" border="1 0 0" fill="1 0 0" mode="11"
points="2.16795 0.521259,
2.1686 0.520774,
2.16921 0.520169,
2.16982 0.519562,
2.17034 0.518812,
2.17088 0.517987,
2.17151 0.51721,
2.17215 0.516433,
2.17279 0.515564,
2.1732 0.51475,
2.17361 0.513938,
2.17398 0.513118,
2.17408 0.512195,
2.1742 0.511273,
2.1742 0.510507,
2.1742 0.509643,
2.1742 0.50871,
2.17421 0.507787,
2.17421 0.506863,
2.17415 0.506027,
2.17393 0.505215,
2.17344 0.504246,
2.17292 0.503634,
2.17239 0.503022,
2.17188 0.502143,
2.17131 0.501341,
2.17074 0.500539,
2.17038 0.499821,
2.17 0.499101,
2.16954 0.498006,
2.1689 0.497263,
2.16826 0.496521,
2.1676 0.495849,
2.16696 0.495193,
2.16637 0.494627,
2.16585 0.494093,
2.165 0.493148,
2.16467 0.492364,
2.16405 0.491618,
2.16342 0.49087,
2.16268 0.490135,
2.16221 0.489799,
2.1617 0.489529,
2.1607 0.48936,
2.15967 0.489263,
2.15865 0.489207,
2.15762 0.489151,
2.15639 0.488556,
2.15571 0.488392,
2.15488 0.488359,
2.15404 0.488328,
2.15322 0.488372,
2.15242 0.488418,
2.15165 0.488651,
2.15101 0.488966,
2.15043 0.489371,
2.14993 0.489866,
2.14953 0.490401,
2.14912 0.491232,
2.14863 0.491877,
2.14814 0.49252,
2.14748 0.49315,
2.14683 0.493779,
2.14615 0.494672,
2.14574 0.495588,
2.14561 0.496152,
2.14555 0.49673,
2.14556 0.497868,
2.14538 0.498844,
2.14512 0.499815,
2.14496 0.500843,
2.14479 0.501873,
2.14476 0.504059,
2.14504 0.505118,
2.1454 0.505837,
2.1461 0.506739,
2.14589 0.5075,
2.14574 0.508466,
2.14564 0.509487,
2.1456 0.510442,
2.14558 0.511272,
2.14556 0.512101,
2.14556 0.512936,
2.14556 0.513807,
2.14555 0.514745,
2.14558 0.515619,
2.1456 0.516495,
2.14581 0.517284,
2.1461 0.518024,
2.1464 0.518763,
2.1465 0.519334,
2.14669 0.519934,
2.14733 0.521051,
2.14776 0.521912,
2.1481 0.522693,
2.14845 0.523473,
2.14906 0.524201,
2.14965 0.52493,
2.15107 0.526424,
2.15127 0.52662,
2.15247 0.527716,
2.15324 0.528131,
2.15409 0.528387,
2.15496 0.528431,
2.15585 0.528451,
2.15673 0.528472,
2.1577 0.528339,
2.15867 0.527967,
2.15958 0.52734,
2.16044 0.526488,
2.16114 0.525761,
2.16186 0.525035,
2.16298 0.524133,
2.1637 0.523808,
2.16446 0.523185,
2.16531 0.522675,
2.16616 0.522186,
2.167 0.521697,
"/>
</Transform>

</Section>
