<?xml version="1.0"?>
<!DOCTYPE Section SYSTEM "section.dtd">

<Section index="22" thickness="0.05" alignLocked="true">
<Transform dim="6"
 xcoef=" 0.42826674906167 0.791507373339813 0.418408992367364 0 0 0"
 ycoef=" 2.40925163806596 -0.549063030565455 0.78257109292893 0 0 0">
<Image mag="0.0022159" contrast="1" brightness="0"
 src="R34CA1-B_S12.122.jpg" />
<Contour name="domain1" hidden="false" closed="true" simplified="false" border="1 0 1" fill="1 0 1" mode="11"
 points="0 0,
	4096 0,
	4096 4096,
	0 4096,
	"/>
</Transform>

<Transform dim="0"
 xcoef=" 0 1 0 0 0 0"
 ycoef=" 0 0 1 0 0 0">
<Contour name="Ea1" hidden="false" closed="true" simplified="true" border="0.984314 0.207843 0.0156863" fill="1 1 0.690196" mode="9"
 points="3.96734 2.58181,
	3.96796 2.57681,
	3.97484 2.56681,
	3.97983 2.56368,
	3.98983 2.56243,
	3.99483 2.56118,
	4.00483 2.56056,
	4.01483 2.55868,
	4.01983 2.55931,
	4.02483 2.56181,
	4.02983 2.56618,
	4.03608 2.57618,
	4.03858 2.58618,
	4.03296 2.60618,
	4.03108 2.61118,
	4.03046 2.61368,
	4.02983 2.61493,
	4.03983 2.6168,
	4.04483 2.61743,
	4.04983 2.61993,
	4.05233 2.62118,
	4.05671 2.62618,
	4.06171 2.6293,
	4.06296 2.6293,
	4.06796 2.6343,
	4.07795 2.6393,
	4.08045 2.63993,
	4.08545 2.63805,
	4.09545 2.6293,
	4.10545 2.62243,
	4.11545 2.6143,
	4.12045 2.61055,
	4.13045 2.60618,
	4.13295 2.60493,
	4.1342 2.6043,
	4.1442 2.60743,
	4.1492 2.61243,
	4.15233 2.61743,
	4.15483 2.62743,
	4.15545 2.62993,
	4.14983 2.64993,
	4.1442 2.65993,
	4.13545 2.66993,
	4.12545 2.67493,
	4.11545 2.67868,
	4.10545 2.67993,
	4.09545 2.67868,
	4.09045 2.67868,
	4.08545 2.67743,
	4.08358 2.67618,
	4.06358 2.68618,
	4.05858 2.68868,
	4.05608 2.68992,
	4.05546 2.68992,
	4.04608 2.69242,
	4.03546 2.69367,
	4.03046 2.69305,
	4.02046 2.68743,
	4.01046 2.67805,
	4.00608 2.67305,
	3.99546 2.65305,
	3.98608 2.63305,
	3.97921 2.61305,
	3.97109 2.59305,
	3.96734 2.58306,
	3.96734 2.58243,
	"/>
</Transform>

<Transform dim="0"
 xcoef=" 0 1 0 0 0 0"
 ycoef=" 0 0 1 0 0 0">
<Contour name="Ea1" hidden="false" closed="true" simplified="true" border="0.984314 0.207843 0.0156863" fill="1 1 0.690196" mode="9"
 points="2.08357 2.12351,
	2.0842 2.11335,
	2.08865 2.09303,
	2.09182 2.07271,
	2.09373 2.06255,
	2.09754 2.05239,
	2.09944 2.04731,
	2.10008 2.04477,
	2.10833 2.03461,
	2.11849 2.02572,
	2.12167 2.02064,
	2.1223 2.01937,
	2.12484 2.01683,
	2.135 2.01111,
	2.14008 2.00794,
	2.14199 2.00667,
	2.14326 2.00667,
	2.14707 2.00286,
	2.14834 2.00159,
	2.15088 2.00159,
	2.15532 1.99778,
	2.15786 1.99714,
	2.16294 1.99397,
	2.16358 1.99397,
	2.17247 1.99143,
	2.17755 1.99143,
	2.18009 1.99143,
	2.18136 1.99143,
	2.18199 1.99016,
	2.19215 1.98952,
	2.20231 1.98762,
	2.20485 1.98762,
	2.21501 1.98317,
	2.22009 1.98127,
	2.22263 1.98063,
	2.22517 1.97809,
	2.22771 1.97682,
	2.22898 1.97492,
	2.23914 1.96984,
	2.24168 1.96857,
	2.24486 1.96349,
	2.24486 1.96222,
	2.2493 1.95714,
	2.2493 1.95587,
	2.25057 1.95523,
	2.25057 1.95269,
	2.25184 1.95142,
	2.25184 1.94888,
	2.25311 1.94761,
	2.25311 1.94507,
	2.25438 1.9438,
	2.25438 1.94126,
	2.25438 1.93999,
	2.25629 1.93745,
	2.25692 1.93237,
	2.25692 1.9311,
	2.25819 1.92983,
	2.25819 1.92729,
	2.25946 1.92602,
	2.25946 1.92094,
	2.26073 1.9184,
	2.26073 1.90824,
	2.25883 1.89808,
	2.25502 1.88792,
	2.25438 1.88284,
	2.25311 1.88157,
	2.25311 1.87141,
	2.25311 1.86633,
	2.25565 1.86125,
	2.26073 1.85808,
	2.27089 1.85617,
	2.27597 1.85681,
	2.27851 1.85744,
	2.27978 1.85744,
	2.28931 1.8676,
	2.29947 1.87268,
	2.31979 1.87903,
	2.34011 1.88348,
	2.35027 1.88729,
	2.35535 1.88856,
	2.37567 1.88792,
	2.38583 1.88729,
	2.40615 1.8911,
	2.42646 1.9038,
	2.43662 1.91078,
	2.44678 1.91904,
	2.45186 1.92158,
	2.4544 1.92221,
	2.46456 1.91967,
	2.47472 1.91904,
	2.4798 1.91713,
	2.48107 1.9165,
	2.48615 1.9184,
	2.48869 1.9184,
	2.49377 1.92158,
	2.50012 1.93174,
	2.50901 1.95206,
	2.51155 1.95714,
	2.51282 1.96222,
	2.51282 1.96476,
	2.51473 1.96984,
	2.51473 1.98,
	2.5179 2.00032,
	2.51981 2.01048,
	2.51981 2.0308,
	2.51981 2.03588,
	2.51981 2.03842,
	2.51663 2.0435,
	2.51536 2.04413,
	2.51346 2.05429,
	2.51092 2.05937,
	2.50965 2.06191,
	2.50965 2.06445,
	2.5052 2.07461,
	2.50393 2.07969,
	2.5033 2.08223,
	2.50076 2.08414,
	2.49504 2.0943,
	2.49187 2.09938,
	2.48298 2.10954,
	2.47853 2.11462,
	2.46837 2.12287,
	2.46583 2.12478,
	2.46329 2.12985,
	2.45821 2.13493,
	2.45377 2.13811,
	2.44361 2.14192,
	2.44107 2.14319,
	2.43599 2.14827,
	2.43345 2.15081,
	2.43218 2.15589,
	2.43281 2.15843,
	2.43472 2.1597,
	2.44107 2.16986,
	2.45758 2.19018,
	2.46202 2.20034,
	2.46266 2.22066,
	2.46075 2.22574,
	2.45694 2.23082,
	2.45504 2.23272,
	2.44488 2.23526,
	2.42456 2.23526,
	2.4144 2.23717,
	2.40932 2.2378,
	2.39916 2.24352,
	2.389 2.2505,
	2.38392 2.25304,
	2.3744 2.2613,
	2.36614 2.27019,
	2.35598 2.27717,
	2.33566 2.2867,
	2.3255 2.2886,
	2.30518 2.29813,
	2.26454 2.32035,
	2.24422 2.32607,
	2.23914 2.32797,
	2.23406 2.32734,
	2.2239 2.32162,
	2.20358 2.30702,
	2.19342 2.2994,
	2.18326 2.28924,
	2.17501 2.27908,
	2.1712 2.274,
	2.15088 2.25876,
	2.13056 2.24034,
	2.12484 2.23018,
	2.11786 2.20986,
	2.11468 2.18954,
	2.11405 2.18446,
	2.11341 2.18192,
	2.10389 2.1724,
	2.0969 2.16224,
	2.08738 2.14192,
	2.08484 2.13176,
	2.08357 2.12668,
	2.08357 2.12414,
	"/>
</Transform>

<Transform dim="0"
 xcoef=" 0 1 0 0 0 0"
 ycoef=" 0 0 1 0 0 0">
<Contour name="Ed1" hidden="false" closed="true" simplified="true" border="0.541176 0.756863 0.0352941" fill="0.501961 1 1" mode="9"
 points="2.35298 2.39146,
	2.35571 2.36963,
	2.37482 2.34779,
	2.383 2.33688,
	2.38846 2.33142,
	2.39938 2.32596,
	2.40483 2.32596,
	2.41029 2.32323,
	2.42121 2.31232,
	2.4253 2.3014,
	2.42803 2.27957,
	2.43485 2.26866,
	2.45668 2.25365,
	2.4676 2.24819,
	2.47442 2.23727,
	2.49625 2.21954,
	2.51808 2.21544,
	2.53992 2.21681,
	2.58358 2.23318,
	2.60541 2.24137,
	2.62724 2.24546,
	2.64907 2.24546,
	2.65999 2.24682,
	2.6709 2.25501,
	2.675 2.26047,
	2.68182 2.2823,
	2.68318 2.29322,
	2.68318 2.29867,
	2.6559 2.34234,
	2.58221 2.42966,
	2.57949 2.43376,
	2.56857 2.44331,
	2.56721 2.44467,
	2.54128 2.47878,
	2.53036 2.4897,
	2.51945 2.49789,
	2.50853 2.50198,
	2.4867 2.50061,
	2.44304 2.48833,
	2.42121 2.48015,
	2.39938 2.46787,
	2.35981 2.4242,
	2.35571 2.41329,
	2.35298 2.39282,
	"/>
</Transform>

<Transform dim="0"
 xcoef=" 0 1 0 0 0 0"
 ycoef=" 0 0 1 0 0 0">
<Contour name="Ed4" hidden="false" closed="true" simplified="true" border="0.541176 0.756863 0.0352941" fill="0.501961 1 1" mode="9"
 points="1.54672 2.8775,
	1.54993 2.87429,
	1.55635 2.87108,
	1.55956 2.86947,
	1.56116 2.86867,
	1.574 2.86787,
	1.58041 2.86747,
	1.58362 2.86707,
	1.60929 2.8779,
	1.61571 2.8803,
	1.61892 2.88151,
	1.63176 2.8783,
	1.63817 2.87669,
	1.64138 2.87589,
	1.65422 2.86907,
	1.67989 2.84701,
	1.69272 2.83819,
	1.69914 2.83418,
	1.72481 2.82254,
	1.73765 2.81733,
	1.74406 2.81452,
	1.79541 2.78404,
	1.80182 2.78003,
	1.81707 2.75436,
	1.82469 2.74152,
	1.8283 2.7351,
	1.8295 2.7335,
	1.83592 2.72949,
	1.84233 2.72788,
	1.84554 2.72708,
	1.84635 2.72668,
	1.85276 2.72829,
	1.85597 2.72949,
	1.86881 2.72989,
	1.88164 2.72949,
	1.89448 2.72548,
	1.9009 2.72347,
	1.90731 2.72227,
	1.92015 2.72147,
	1.92657 2.72107,
	1.97791 2.74313,
	1.99074 2.74834,
	1.99716 2.75035,
	2.02283 2.75516,
	2.03567 2.75716,
	2.04208 2.75837,
	2.09343 2.75797,
	2.10626 2.75716,
	2.10947 2.75676,
	2.1223 2.75115,
	2.12872 2.74834,
	2.13193 2.74714,
	2.13354 2.74674,
	2.14637 2.74874,
	2.15279 2.74954,
	2.156 2.74994,
	2.18167 2.76158,
	2.18809 2.76479,
	2.18969 2.76559,
	2.19571 2.77842,
	2.19851 2.78484,
	2.19972 2.78805,
	2.20012 2.78965,
	2.19731 2.80249,
	2.19811 2.81532,
	2.19851 2.82174,
	2.19851 2.82335,
	2.20894 2.84902,
	2.22058 2.87469,
	2.22378 2.88111,
	2.24304 2.90678,
	2.24785 2.91319,
	2.27352 2.93566,
	2.28636 2.94608,
	2.29277 2.9513,
	2.29919 2.95571,
	2.31203 2.96293,
	2.31844 2.96654,
	2.33128 2.97536,
	2.3377 2.97978,
	2.36337 2.99341,
	2.3762 3.00304,
	2.38904 3.01387,
	2.40709 3.03954,
	2.41631 3.05238,
	2.42073 3.05879,
	2.42393 3.06521,
	2.42634 3.07805,
	2.42594 3.08126,
	2.41712 3.10693,
	2.4127 3.11976,
	2.4115 3.12297,
	2.4107 3.12458,
	2.4099 3.13099,
	2.4095 3.1342,
	2.40909 3.13581,
	2.41351 3.16148,
	2.41551 3.18715,
	2.42033 3.21282,
	2.42073 3.21603,
	2.41832 3.2417,
	2.41712 3.25453,
	2.41511 3.26737,
	2.40268 3.31871,
	2.40067 3.33155,
	2.40348 3.35722,
	2.40187 3.38289,
	2.40107 3.39572,
	2.39666 3.42139,
	2.39626 3.43423,
	2.38984 3.4599,
	2.38663 3.47273,
	2.38503 3.47915,
	2.38382 3.49199,
	2.38382 3.4984,
	2.38342 3.50161,
	2.38944 3.52728,
	2.39265 3.54012,
	2.39425 3.54654,
	2.39465 3.54975,
	2.39305 3.55616,
	2.39185 3.55937,
	2.38743 3.56579,
	2.3766 3.57862,
	2.37099 3.58504,
	2.36457 3.58986,
	2.35174 3.59667,
	2.3004 3.61994,
	2.28756 3.62515,
	2.27472 3.62916,
	2.26189 3.63157,
	2.25868 3.63197,
	2.20734 3.62636,
	2.18167 3.62355,
	2.16883 3.62235,
	2.14316 3.61472,
	2.13033 3.61031,
	2.12391 3.60831,
	2.1207 3.6067,
	2.1199 3.6059,
	2.11669 3.60831,
	2.11509 3.60951,
	2.11428 3.61031,
	2.08861 3.61232,
	2.0854 3.61312,
	2.05973 3.6063,
	2.03406 3.59587,
	2.02123 3.59066,
	1.99556 3.58304,
	1.98272 3.57903,
	1.9763 3.57742,
	1.97309 3.57622,
	1.96668 3.57542,
	1.95384 3.57502,
	1.94742 3.57461,
	1.89608 3.57742,
	1.87041 3.57742,
	1.85758 3.57742,
	1.83191 3.57903,
	1.81907 3.57983,
	1.81265 3.58023,
	1.79982 3.57822,
	1.78698 3.57542,
	1.77415 3.56579,
	1.76773 3.56098,
	1.76492 3.55777,
	1.75931 3.54493,
	1.7565 3.53851,
	1.75489 3.53531,
	1.75329 3.52247,
	1.75209 3.51605,
	1.75128 3.51284,
	1.74447 3.50001,
	1.74086 3.49359,
	1.73885 3.49038,
	1.68751 3.44466,
	1.66184 3.42219,
	1.649 3.41096,
	1.64258 3.40495,
	1.61691 3.39211,
	1.60408 3.3873,
	1.59766 3.38489,
	1.59124 3.38128,
	1.58483 3.37687,
	1.57961 3.37045,
	1.5768 3.36724,
	1.56678 3.34157,
	1.56076 3.32874,
	1.55514 3.30307,
	1.55354 3.29023,
	1.55314 3.28702,
	1.55274 3.28542,
	1.56437 3.25975,
	1.56758 3.25333,
	1.56918 3.25012,
	1.5748 3.2437,
	1.5772 3.24049,
	1.57921 3.23408,
	1.58122 3.22124,
	1.58162 3.21803,
	1.58122 3.21482,
	1.5772 3.20199,
	1.5748 3.19557,
	1.56156 3.1699,
	1.55555 3.15706,
	1.55314 3.15065,
	1.55234 3.14904,
	1.55113 3.13621,
	1.54953 3.08487,
	1.54873 3.0592,
	1.54833 3.05278,
	1.54592 3.03994,
	1.54592 3.03914,
	1.54431 3.02992,
	1.54431 3.02671,
	1.54271 3.0235,
	1.5407 3.01708,
	1.5399 3.01387,
	1.5387 2.9882,
	1.5387 2.98178,
	1.5387 2.98018,
	1.5379 2.97857,
	1.5379 2.97697,
	1.53709 2.97536,
	1.53709 2.97376,
	1.53629 2.97216,
	1.53589 2.96574,
	1.53549 2.96253,
	1.53469 2.96093,
	1.53469 2.90958,
	1.53469 2.90317,
	1.53589 2.89675,
	1.54151 2.88391,
	1.54391 2.8807,
	1.54552 2.8791,
	1.54632 2.8779,
	"/>
</Transform>

<Transform dim="0"
 xcoef=" 0 1 0 0 0 0"
 ycoef=" 0 0 1 0 0 0">
<Contour name="Ea5" hidden="false" closed="true" simplified="true" border="0.984314 0.207843 0.0156863" fill="1 1 0.690196" mode="9"
 points="2.40106 3.57319,
	2.40705 3.56832,
	2.40855 3.56682,
	2.41154 3.56083,
	2.41342 3.55484,
	2.41379 3.55184,
	2.41304 3.54585,
	2.40518 3.52187,
	2.40405 3.51888,
	2.40443 3.50689,
	2.40593 3.5009,
	2.4108 3.48891,
	2.41192 3.48591,
	2.41229 3.47992,
	2.41192 3.47393,
	2.40967 3.46194,
	2.4093 3.45895,
	2.40892 3.45745,
	2.41042 3.44546,
	2.4108 3.44246,
	2.41941 3.41849,
	2.42016 3.39452,
	2.42016 3.38253,
	2.42016 3.38103,
	2.41941 3.37954,
	2.41941 3.36755,
	2.41829 3.35556,
	2.41641 3.34957,
	2.41492 3.33758,
	2.41454 3.33459,
	2.41492 3.33159,
	2.41492 3.33009,
	2.42053 3.31811,
	2.42353 3.31211,
	2.42803 3.30013,
	2.43027 3.29413,
	2.4314 3.28814,
	2.43327 3.28215,
	2.43439 3.27615,
	2.43477 3.26417,
	2.43439 3.25817,
	2.43364 3.25518,
	2.4329 3.25368,
	2.43252 3.24169,
	2.43215 3.2357,
	2.4329 3.22371,
	2.4329 3.21772,
	2.4329 3.21472,
	2.43364 3.21173,
	2.43364 3.20873,
	2.43926 3.19675,
	2.44076 3.19375,
	2.44151 3.18776,
	2.44076 3.17577,
	2.44039 3.17277,
	2.43776 3.16678,
	2.43589 3.16079,
	2.43477 3.1488,
	2.43514 3.13681,
	2.43514 3.13082,
	2.43702 3.11883,
	2.43964 3.10685,
	2.44188 3.10085,
	2.44376 3.09786,
	2.44601 3.09186,
	2.44713 3.08887,
	2.44788 3.07688,
	2.4475 3.07089,
	2.44601 3.0649,
	2.44263 3.0589,
	2.44076 3.05591,
	2.43814 3.05291,
	2.43702 3.05141,
	2.43514 3.04542,
	2.43402 3.04242,
	2.42278 3.03044,
	2.41978 3.02744,
	2.4078 3.01882,
	2.40181 3.0132,
	2.39881 3.01021,
	2.39656 3.00721,
	2.39506 3.00571,
	2.38982 2.99373,
	2.38832 2.99073,
	2.38682 2.98474,
	2.38607 2.97874,
	2.3857 2.97575,
	2.3872 2.96376,
	2.3872 2.96076,
	2.39956 2.93679,
	2.40143 2.9338,
	2.40255 2.9323,
	2.42653 2.92031,
	2.43851 2.91357,
	2.4505 2.90533,
	2.46249 2.89596,
	2.46848 2.89109,
	2.47148 2.88885,
	2.49545 2.866,
	2.4977 2.863,
	2.49919 2.8615,
	2.50406 2.84952,
	2.50631 2.83753,
	2.50781 2.83154,
	2.49657 2.80756,
	2.49358 2.80157,
	2.49133 2.79558,
	2.49095 2.79258,
	2.48796 2.78659,
	2.48683 2.78359,
	2.48608 2.78209,
	2.48571 2.7761,
	2.48459 2.77011,
	2.47972 2.75812,
	2.4741 2.74613,
	2.47148 2.74014,
	2.46436 2.72816,
	2.46061 2.72216,
	2.45612 2.71617,
	2.45387 2.71317,
	2.45275 2.71018,
	2.45237 2.70718,
	2.452 2.70568,
	2.45387 2.69369,
	2.45837 2.68171,
	2.45986 2.67871,
	2.45986 2.67572,
	2.46286 2.66373,
	2.46398 2.65174,
	2.46436 2.63976,
	2.46511 2.63676,
	2.46511 2.63376,
	2.46398 2.63077,
	2.46398 2.61878,
	2.46623 2.61279,
	2.4696 2.60679,
	2.47148 2.6038,
	2.47297 2.60267,
	2.47635 2.59668,
	2.47784 2.59368,
	2.47859 2.59219,
	2.48121 2.58919,
	2.48646 2.5772,
	2.48983 2.56522,
	2.4902 2.56222,
	2.4947 2.55023,
	2.4977 2.54424,
	2.52167 2.52064,
	2.53365 2.50866,
	2.53965 2.50266,
	2.54227 2.49967,
	2.54377 2.49817,
	2.55051 2.48618,
	2.55388 2.48019,
	2.56287 2.4682,
	2.57298 2.45622,
	2.58497 2.44648,
	2.59696 2.43749,
	2.60894 2.42775,
	2.63292 2.40602,
	2.65689 2.38243,
	2.6685 2.37044,
	2.67112 2.36445,
	2.673 2.35845,
	2.67861 2.34647,
	2.6876 2.33448,
	2.6906 2.32849,
	2.69472 2.3165,
	2.69996 2.29253,
	2.70259 2.28054,
	2.70596 2.26856,
	2.71233 2.25657,
	2.71307 2.25507,
	2.72506 2.24458,
	2.73105 2.23971,
	2.73405 2.23747,
	2.73555 2.23597,
	2.74754 2.22997,
	2.75353 2.22735,
	2.7775 2.22098,
	2.78949 2.21799,
	2.80147 2.21574,
	2.81346 2.21462,
	2.82545 2.21424,
	2.84942 2.21162,
	2.87339 2.20525,
	2.89736 2.19402,
	2.92134 2.18091,
	2.92433 2.17828,
	2.92583 2.17679,
	2.93257 2.1648,
	2.94906 2.14083,
	2.95917 2.11685,
	2.96516 2.10487,
	2.97228 2.09288,
	2.9764 2.08689,
	2.98202 2.0749,
	2.98839 2.05093,
	2.98988 2.04494,
	2.99475 2.03295,
	2.99812 2.02096,
	3.00487 1.92507,
	3.00861 1.87713,
	3.00899 1.86514,
	3.00861 1.85315,
	3.01011 1.84716,
	3.01049 1.84416,
	3.01311 1.83817,
	3.01498 1.83218,
	3.01498 1.83068,
	3.0161 1.82768,
	3.01835 1.80371,
	3.01873 1.79772,
	3.01985 1.79172,
	3.01948 1.76775,
	3.01873 1.76476,
	3.0191 1.75277,
	3.02097 1.74078,
	3.02135 1.73779,
	3.02584 1.7258,
	3.02772 1.71981,
	3.03408 1.70782,
	3.0397 1.70183,
	3.0457 1.69771,
	3.05169 1.69434,
	3.05768 1.69022,
	3.06068 1.68834,
	3.06667 1.68235,
	3.07266 1.67748,
	3.08465 1.66999,
	3.09064 1.66662,
	3.09664 1.66212,
	3.09926 1.65913,
	3.10563 1.64714,
	3.10638 1.64564,
	3.11836 1.63366,
	3.12436 1.62804,
	3.13634 1.62204,
	3.14233 1.61905,
	3.14833 1.61717,
	3.15132 1.61643,
	3.15732 1.61343,
	3.16031 1.61156,
	3.16331 1.60893,
	3.16481 1.60744,
	3.16631 1.60669,
	3.18054 1.58271,
	3.18391 1.57672,
	3.18541 1.57372,
	3.1914 1.56773,
	3.1929 1.56623,
	3.21687 1.55462,
	3.24085 1.549,
	3.24684 1.5475,
	3.25283 1.54713,
	3.25883 1.54788,
	3.27081 1.55125,
	3.29479 1.56286,
	3.31876 1.57372,
	3.33074 1.57747,
	3.34273 1.58234,
	3.3667 1.59395,
	3.39068 1.61081,
	3.39667 1.61493,
	3.40379 1.62691,
	3.40566 1.63291,
	3.40641 1.6359,
	3.40678 1.64789,
	3.40603 1.67186,
	3.40566 1.68385,
	3.40491 1.68984,
	3.40603 1.70183,
	3.40678 1.70782,
	3.40828 1.71381,
	3.4109 1.71981,
	3.42289 1.72955,
	3.44686 1.74228,
	3.45885 1.74902,
	3.46484 1.75239,
	3.46784 1.75427,
	3.47982 1.76588,
	3.48282 1.76888,
	3.48394 1.77037,
	3.48732 1.79435,
	3.48844 1.80633,
	3.48881 1.81233,
	3.48919 1.81532,
	3.48881 1.81832,
	3.48245 1.83031,
	3.48057 1.8333,
	3.47533 1.8393,
	3.46934 1.84267,
	3.46334 1.84491,
	3.46035 1.84566,
	3.45435 1.84903,
	3.45136 1.85091,
	3.44761 1.8569,
	3.44536 1.86289,
	3.44387 1.87488,
	3.44686 1.88687,
	3.44799 1.89286,
	3.45173 1.90485,
	3.45473 1.91683,
	3.45585 1.91983,
	3.44574 1.9438,
	3.44312 1.94979,
	3.44124 1.95579,
	3.44049 1.95878,
	3.44012 1.96028,
	3.45023 2.00823,
	3.45136 2.01422,
	3.45173 2.02621,
	3.45173 2.0292,
	3.44911 2.04119,
	3.44799 2.04718,
	3.44611 2.05318,
	3.44836 2.07715,
	3.45173 2.10112,
	3.45398 2.11311,
	3.45435 2.1161,
	3.45548 2.1191,
	3.45585 2.1206,
	3.44424 2.14457,
	3.44124 2.15056,
	3.43263 2.16255,
	3.42813 2.16854,
	3.41727 2.18053,
	3.40753 2.19252,
	3.39854 2.2045,
	3.39667 2.2075,
	3.39068 2.21312,
	3.3667 2.23185,
	3.36071 2.23634,
	3.34872 2.24346,
	3.34573 2.24533,
	3.34011 2.25132,
	3.33824 2.25432,
	3.33299 2.26031,
	3.33 2.26331,
	3.31801 2.2693,
	3.31202 2.27155,
	3.30902 2.2723,
	3.29703 2.2693,
	3.28505 2.26369,
	3.27905 2.25994,
	3.27606 2.25807,
	3.27456 2.25694,
	3.26257 2.26294,
	3.25658 2.26893,
	3.24871 2.28092,
	3.24684 2.28391,
	3.23523 2.2959,
	3.22324 2.30714,
	3.21126 2.31725,
	3.20526 2.32249,
	3.1959 2.33448,
	3.18391 2.34609,
	3.17792 2.35171,
	3.17492 2.35396,
	3.17005 2.35995,
	3.16369 2.37194,
	3.16031 2.37793,
	3.15207 2.38992,
	3.14271 2.4019,
	3.13784 2.4079,
	3.12585 2.41913,
	3.10712 2.44311,
	3.08727 2.46708,
	3.07716 2.47906,
	3.07491 2.48206,
	3.06892 2.48656,
	3.02097 2.51128,
	2.997 2.52439,
	2.98501 2.53001,
	2.96104 2.53937,
	2.94906 2.54536,
	2.93707 2.55398,
	2.92508 2.56372,
	2.92171 2.56971,
	2.92021 2.57271,
	2.91759 2.5757,
	2.91647 2.57683,
	2.91385 2.57908,
	2.90785 2.58245,
	2.90635 2.5832,
	2.90336 2.58619,
	2.90036 2.58769,
	2.89849 2.58956,
	2.89774 2.58956,
	2.8925 2.59406,
	2.89175 2.59406,
	2.89137 2.59481,
	2.88875 2.59556,
	2.88837 2.59631,
	2.88688 2.59668,
	2.88425 2.59855,
	2.88276 2.59855,
	2.87976 2.6008,
	2.87901 2.60155,
	2.87751 2.60155,
	2.87452 2.60455,
	2.87377 2.60455,
	2.87264 2.60567,
	2.87152 2.60604,
	2.87114 2.60679,
	2.86965 2.60679,
	2.86852 2.60754,
	2.86702 2.60754,
	2.86553 2.60829,
	2.86403 2.60829,
	2.86253 2.60904,
	2.86103 2.60904,
	2.86028 2.60979,
	2.85878 2.60979,
	2.85803 2.61054,
	2.85654 2.61054,
	2.85504 2.61166,
	2.85204 2.61279,
	2.85129 2.61354,
	2.84979 2.61354,
	2.84942 2.61429,
	2.8468 2.61503,
	2.84567 2.61616,
	2.84305 2.61728,
	2.8423 2.61728,
	2.84155 2.61878,
	2.84005 2.61878,
	2.83931 2.61878,
	2.83856 2.61953,
	2.82657 2.61953,
	2.82058 2.61953,
	2.81758 2.61953,
	2.81646 2.61878,
	2.79248 2.61878,
	2.79099 2.61803,
	2.78799 2.61803,
	2.78649 2.61803,
	2.78499 2.61728,
	2.78349 2.61728,
	2.78312 2.61653,
	2.78162 2.61653,
	2.7805 2.61578,
	2.7775 2.61578,
	2.77675 2.61578,
	2.77638 2.61503,
	2.76439 2.61503,
	2.76139 2.61503,
	2.7599 2.61503,
	2.75915 2.61503,
	2.75877 2.61578,
	2.75578 2.61616,
	2.75016 2.61803,
	2.74604 2.62215,
	2.74491 2.62253,
	2.74454 2.62402,
	2.74304 2.62515,
	2.74229 2.62627,
	2.74154 2.62665,
	2.74154 2.63863,
	2.74154 2.64463,
	2.74154 2.64537,
	2.74229 2.64575,
	2.74304 2.64837,
	2.74304 2.64987,
	2.74379 2.65024,
	2.74379 2.65174,
	2.74454 2.65287,
	2.74454 2.65586,
	2.74491 2.65624,
	2.74491 2.65998,
	2.74267 2.67197,
	2.74154 2.67497,
	2.73967 2.67796,
	2.73405 2.68358,
	2.73105 2.68545,
	2.72843 2.68808,
	2.72731 2.68957,
	2.72469 2.70156,
	2.72132 2.71355,
	2.71607 2.72553,
	2.71345 2.73153,
	2.71195 2.73452,
	2.70633 2.73977,
	2.70334 2.74201,
	2.70334 2.74276,
	2.70184 2.74351,
	2.70184 2.74501,
	2.69996 2.74801,
	2.69734 2.754,
	2.69734 2.75475,
	2.69584 2.75625,
	2.69435 2.75924,
	2.6921 2.76224,
	2.69172 2.77423,
	2.69023 2.78022,
	2.68498 2.79221,
	2.68311 2.7982,
	2.68273 2.7997,
	2.68236 2.80045,
	2.68498 2.80644,
	2.68648 2.80944,
	2.6891 2.81243,
	2.69622 2.82442,
	2.70109 2.83641,
	2.70371 2.8424,
	2.70483 2.8454,
	2.70483 2.84689,
	2.72881 2.89484,
	2.74117 2.91881,
	2.74229 2.92481,
	2.74229 2.93679,
	2.74229 2.94279,
	2.74754 2.95477,
	2.75016 2.96676,
	2.75503 2.97874,
	2.7569 2.98474,
	2.76027 3.00871,
	2.76102 3.01171,
	2.76664 3.02369,
	2.76926 3.02969,
	2.77113 3.04167,
	2.77226 3.05366,
	2.77301 3.05965,
	2.77937 3.07164,
	2.78424 3.07763,
	2.78687 3.08063,
	2.79323 3.09261,
	2.79548 3.09861,
	2.7981 3.11059,
	2.80222 3.13457,
	2.80447 3.14655,
	2.80485 3.14955,
	2.81683 3.17352,
	2.8232 3.18551,
	2.83856 3.20948,
	2.84867 3.22147,
	2.85279 3.22746,
	2.85953 3.23945,
	2.8629 3.24544,
	2.87114 3.25743,
	2.88126 3.26941,
	2.88688 3.27541,
	2.8895 3.2784,
	2.90148 3.30237,
	2.90486 3.31436,
	2.9071 3.32635,
	2.90785 3.33833,
	2.90561 3.36231,
	2.90448 3.37429,
	2.90411 3.38029,
	2.90486 3.39227,
	2.90523 3.39826,
	2.90561 3.40126,
	2.90336 3.41325,
	2.90186 3.42523,
	2.89961 3.43123,
	2.89811 3.43722,
	2.89736 3.44321,
	2.89736 3.44621,
	2.88276 3.47018,
	2.87939 3.47618,
	2.87789 3.47917,
	2.87714 3.48217,
	2.87601 3.50614,
	2.87564 3.51213,
	2.87452 3.51813,
	2.87414 3.52112,
	2.86103 3.5451,
	2.85504 3.55708,
	2.85204 3.56308,
	2.8468 3.58705,
	2.84455 3.59904,
	2.83294 3.62301,
	2.82657 3.63499,
	2.80934 3.65897,
	2.79735 3.68294,
	2.79623 3.68893,
	2.79548 3.70092,
	2.79361 3.70691,
	2.79061 3.71291,
	2.78874 3.7159,
	2.78275 3.72152,
	2.77076 3.73051,
	2.75877 3.738,
	2.75278 3.74137,
	2.74679 3.74325,
	2.7348 3.74512,
	2.7318 3.74549,
	2.72581 3.74812,
	2.72281 3.74961,
	2.71794 3.75561,
	2.71195 3.76759,
	2.70746 3.77958,
	2.70184 3.79157,
	2.69847 3.79756,
	2.69285 3.80355,
	2.68985 3.8058,
	2.67787 3.81217,
	2.66588 3.82191,
	2.65577 3.83389,
	2.64415 3.84588,
	2.62018 3.85861,
	2.60819 3.86423,
	2.6022 3.86685,
	2.59022 3.87023,
	2.57823 3.86873,
	2.56624 3.86498,
	2.54227 3.85487,
	2.49432 3.84251,
	2.47035 3.83577,
	2.44638 3.82453,
	2.44039 3.82116,
	2.4284 3.81254,
	2.42241 3.80842,
	2.41754 3.80243,
	2.41154 3.79044,
	2.40855 3.78445,
	2.40705 3.77846,
	2.40555 3.75448,
	2.4048 3.7425,
	2.39993 3.71852,
	2.39731 3.71253,
	2.39169 3.70654,
	2.3887 3.70392,
	2.3857 3.70204,
	2.38008 3.69605,
	2.37821 3.69305,
	2.37708 3.69155,
	2.37521 3.67957,
	2.37708 3.66758,
	2.38308 3.64361,
	2.3857 3.63762,
	2.38907 3.63162,
	2.39469 3.62563,
	2.39694 3.62263,
	2.39956 3.61664,
	2.40143 3.61065,
	2.40218 3.60765,
	2.40106 3.59566,
	2.40031 3.58967,
	2.40068 3.57768,
	2.40106 3.57469,
	2.40106 3.57356,
	"/>
</Transform>

<Transform dim="0"
 xcoef=" 0 1 0 0 0 0"
 ycoef=" 0 0 1 0 0 0">
<Contour name="ER(a5)6" hidden="false" closed="true" simplified="true" border="0 0.882 0.882" fill="0.502 1 1" mode="9"
 points="3.3328 2.17129,
	3.32564 2.16636,
	3.32384 2.16457,
	3.31623 2.15023,
	3.31488 2.14306,
	3.31399 2.13948,
	3.31399 2.13231,
	3.31399 2.13052,
	3.31757 2.12335,
	3.32116 2.12066,
	3.33236 2.10633,
	3.33728 2.09916,
	3.34893 2.08482,
	3.35431 2.07765,
	3.35744 2.07407,
	3.36775 2.05973,
	3.37492 2.05481,
	3.38209 2.05436,
	3.38388 2.05391,
	3.39105 2.05705,
	3.39463 2.05929,
	3.4009 2.06601,
	3.40359 2.06959,
	3.40493 2.07317,
	3.40538 2.08034,
	3.40225 2.10901,
	3.40045 2.11618,
	3.39553 2.13052,
	3.38925 2.14485,
	3.38074 2.15919,
	3.37357 2.16502,
	3.36999 2.16726,
	3.35565 2.17129,
	3.34848 2.17263,
	3.34132 2.17263,
	3.34087 2.17263,
	3.3346 2.17308,
	3.3337 2.17263,
	"/>
</Transform>

<Transform dim="0"
 xcoef=" 0 1 0 0 0 0"
 ycoef=" 0 0 1 0 0 0">
<Contour name="ER(a5)6" hidden="false" closed="true" simplified="true" border="0 0.882 0.882" fill="0.502 1 1" mode="9"
 points="2.7486 2.55434,
	2.75577 2.54,
	2.75935 2.53283,
	2.76114 2.52925,
	2.76204 2.52745,
	2.81939 2.484,
	2.84806 2.46249,
	2.86239 2.45398,
	2.86598 2.45264,
	2.87315 2.45129,
	2.87494 2.45085,
	2.90361 2.46339,
	2.91078 2.46787,
	2.91795 2.47459,
	2.92153 2.47504,
	2.92332 2.47504,
	2.92691 2.47638,
	2.9287 2.47728,
	2.94304 2.47728,
	2.9502 2.47728,
	2.95379 2.47728,
	2.95558 2.47728,
	2.95737 2.47638,
	2.96454 2.46921,
	2.97171 2.46473,
	2.97798 2.45757,
	2.99232 2.44636,
	2.99949 2.44099,
	3.00128 2.43964,
	3.00217 2.43875,
	3.00307 2.43875,
	3.00486 2.43696,
	3.01203 2.43382,
	3.0192 2.43248,
	3.02637 2.42979,
	3.02995 2.42755,
	3.03757 2.41321,
	3.04115 2.40604,
	3.04966 2.39171,
	3.0519 2.38812,
	3.06579 2.37379,
	3.07878 2.35945,
	3.08371 2.35228,
	3.09178 2.33795,
	3.09581 2.33078,
	3.09805 2.32719,
	3.11238 2.31689,
	3.14106 2.30255,
	3.14464 2.30121,
	3.15629 2.28687,
	3.15898 2.28329,
	3.15987 2.2815,
	3.16659 2.27433,
	3.17242 2.26716,
	3.17734 2.25999,
	3.18048 2.24566,
	3.18093 2.24207,
	3.18272 2.23849,
	3.18944 2.23132,
	3.19303 2.22818,
	3.19482 2.22639,
	3.20199 2.2237,
	3.21632 2.22102,
	3.23066 2.21609,
	3.23424 2.21564,
	3.26291 2.20175,
	3.27008 2.19817,
	3.27367 2.19682,
	3.27725 2.19638,
	3.28084 2.19682,
	3.28128 2.19727,
	3.28352 2.19951,
	3.28352 2.20041,
	3.28442 2.20086,
	3.28442 2.20265,
	3.28263 2.20489,
	3.27546 2.20982,
	3.27187 2.2125,
	3.2432 2.22908,
	3.21453 2.24476,
	3.20243 2.25865,
	3.19706 2.26582,
	3.18855 2.28015,
	3.17421 2.29404,
	3.1639 2.30838,
	3.15674 2.32271,
	3.15405 2.3263,
	3.14016 2.34063,
	3.13658 2.34377,
	3.12224 2.35184,
	3.11507 2.35632,
	3.1079 2.36214,
	3.10432 2.36483,
	3.09222 2.37916,
	3.07878 2.3935,
	3.07385 2.40067,
	3.05952 2.42934,
	3.05549 2.43651,
	3.05325 2.44009,
	3.02457 2.46249,
	3.01024 2.47145,
	3.00307 2.47459,
	2.98873 2.47773,
	2.9744 2.48265,
	2.96006 2.48848,
	2.95289 2.49161,
	2.94572 2.49565,
	2.93139 2.50998,
	2.91929 2.52432,
	2.91392 2.53149,
	2.90988 2.53865,
	2.89958 2.55299,
	2.8942 2.56016,
	2.89196 2.56374,
	2.89107 2.56554,
	2.8848 2.5727,
	2.87046 2.58435,
	2.85612 2.59286,
	2.84179 2.5969,
	2.8382 2.59779,
	2.80953 2.59376,
	2.79519 2.59107,
	2.78086 2.59062,
	2.75218 2.57674,
	2.74905 2.57315,
	2.7486 2.55882,
	2.7486 2.55523,
	2.7486 2.55478,
	"/>
</Transform>

<Transform dim="0"
 xcoef=" 0 1 0 0 0 0"
 ycoef=" 0 0 1 0 0 0">
<Contour name="ER(a5)7" hidden="false" closed="true" simplified="true" border="0 0.882 0.882" fill="0.502 1 1" mode="9"
 points="3 2.08229,
	3.00379 2.07015,
	3.00531 2.06712,
	3.00758 2.06409,
	3.01327 2.0584,
	3.01934 2.05536,
	3.02237 2.05385,
	3.03451 2.05271,
	3.04664 2.05309,
	3.05271 2.05461,
	3.05878 2.0584,
	3.06181 2.06029,
	3.08115 2.08456,
	3.08381 2.0876,
	3.09025 2.09973,
	3.09253 2.1058,
	3.09404 2.11794,
	3.09404 2.12097,
	3.09404 2.12249,
	3.08836 2.12742,
	3.08532 2.12969,
	3.08381 2.13083,
	3.07774 2.12969,
	3.0747 2.12893,
	3.07167 2.12666,
	3.07015 2.12552,
	3.06598 2.11945,
	3.06409 2.11642,
	3.06295 2.1149,
	3.06257 2.11414,
	3.05043 2.11263,
	3.0383 2.11225,
	3.03223 2.11073,
	3.0292 2.10959,
	3.02768 2.10921,
	3.01555 2.09898,
	3.00948 2.09556,
	3.00645 2.09367,
	3.00303 2.0876,
	3.00114 2.08456,
	3.00038 2.08305,
	3 2.08267,
	"/>
</Transform>

<Transform dim="0"
 xcoef=" 0 1 0 0 0 0"
 ycoef=" 0 0 1 0 0 0">
<Contour name="Emito(a5)1" hidden="false" closed="true" simplified="true" border="0 0 1" fill="0 0 1" mode="9"
 points="2.61967 2.93013,
	2.62786 2.92706,
	2.63605 2.92706,
	2.64015 2.92604,
	2.65653 2.93013,
	2.67292 2.94037,
	2.6893 2.95471,
	2.70568 2.97109,
	2.71387 2.97826,
	2.72411 2.99464,
	2.72821 3.01103,
	2.72821 3.01512,
	2.73435 3.03151,
	2.73845 3.04277,
	2.74152 3.06018,
	2.74255 3.06837,
	2.75791 3.10114,
	2.76712 3.1339,
	2.76712 3.138,
	2.76917 3.1421,
	2.76917 3.17486,
	2.76917 3.18305,
	2.77224 3.19125,
	2.77326 3.19944,
	2.80398 3.26497,
	2.80603 3.28135,
	2.80706 3.28955,
	2.81422 3.30593,
	2.81627 3.31003,
	2.82139 3.34279,
	2.81934 3.37556,
	2.82139 3.40833,
	2.81832 3.44109,
	2.8173 3.45748,
	2.81115 3.49024,
	2.80398 3.50663,
	2.80296 3.52301,
	2.80398 3.53939,
	2.80501 3.54759,
	2.79989 3.56397,
	2.79272 3.58035,
	2.78862 3.58855,
	2.78043 3.59571,
	2.76405 3.6039,
	2.75586 3.60493,
	2.72309 3.62131,
	2.70773 3.65306,
	2.70056 3.66944,
	2.69749 3.67251,
	2.68111 3.67558,
	2.66472 3.67558,
	2.64834 3.67149,
	2.63196 3.66022,
	2.62479 3.65408,
	2.61967 3.6377,
	2.6166 3.57216,
	2.61557 3.55578,
	2.61455 3.54759,
	2.61455 3.54349,
	2.60533 3.52711,
	2.59305 3.51072,
	2.58588 3.49434,
	2.58281 3.48615,
	2.58178 3.47796,
	2.5869 3.46157,
	2.60226 3.42881,
	2.60943 3.41242,
	2.61148 3.40423,
	2.61148 3.39604,
	2.61865 3.37966,
	2.63503 3.3643,
	2.63912 3.36122,
	2.64629 3.34484,
	2.66472 3.31207,
	2.6678 3.30388,
	2.66472 3.2875,
	2.65039 3.25473,
	2.6422 3.23835,
	2.63708 3.23016,
	2.634 3.22196,
	2.63093 3.21787,
	2.60329 3.15336,
	2.58793 3.12059,
	2.58178 3.10421,
	2.57871 3.09602,
	2.57666 3.09192,
	2.57666 3.08373,
	2.57461 3.07554,
	2.57461 3.04277,
	2.57461 3.03458,
	2.57666 3.02639,
	2.57666 3.0182,
	2.57973 3.00181,
	2.58076 2.99362,
	2.59612 2.96085,
	2.60636 2.94447,
	2.61148 2.93628,
	2.61865 2.93116,
	"/>
</Transform>

<Transform dim="0"
 xcoef=" 0 1 0 0 0 0"
 ycoef=" 0 0 1 0 0 0">
<Contour name="Emito(a5)5" hidden="false" closed="true" simplified="true" border="0 0 1" fill="0 0 1" mode="9"
 points="3.09227 1.97596,
	3.09681 1.95516,
	3.10526 1.93437,
	3.10851 1.92398,
	3.11046 1.91878,
	3.11761 1.90838,
	3.12865 1.88759,
	3.13385 1.87719,
	3.1501 1.83561,
	3.15854 1.81481,
	3.16244 1.80442,
	3.16829 1.79402,
	3.17154 1.78362,
	3.18713 1.76283,
	3.19038 1.75763,
	3.20013 1.74854,
	3.22027 1.72774,
	3.22872 1.71735,
	3.23132 1.71215,
	3.24691 1.69136,
	3.25536 1.68096,
	3.26121 1.67056,
	3.282 1.65497,
	3.2924 1.64717,
	3.29759 1.64392,
	3.30799 1.64067,
	3.31319 1.63873,
	3.32359 1.63938,
	3.32878 1.64197,
	3.33918 1.65042,
	3.34893 1.66017,
	3.35412 1.66537,
	3.35802 1.67056,
	3.36322 1.68096,
	3.36647 1.69136,
	3.36972 1.71215,
	3.37037 1.72255,
	3.36907 1.74334,
	3.35607 1.78492,
	3.35282 1.79532,
	3.33463 1.83691,
	3.33008 1.8473,
	3.31969 1.8577,
	3.30734 1.87849,
	3.2859 1.92008,
	3.27615 1.94087,
	3.25926 1.98246,
	3.25471 1.987,
	3.24431 1.99415,
	3.23392 2.0039,
	3.22872 2.00715,
	3.21832 2.01169,
	3.21312 2.01429,
	3.19233 2.02794,
	3.18648 2.03834,
	3.18453 2.04093,
	3.17414 2.04743,
	3.16894 2.05068,
	3.16634 2.05198,
	3.15594 2.05068,
	3.15334 2.05003,
	3.14295 2.04158,
	3.12216 2.02794,
	3.11176 2.01754,
	3.09552 1.99675,
	3.09227 1.97661,
	"/>
</Transform>

<Transform dim="0"
 xcoef=" 0 1 0 0 0 0"
 ycoef=" 0 0 1 0 0 0">
<Contour name="Ed9" hidden="false" closed="true" simplified="true" border="0.541 0.757 0.035" fill="0.502 1 1" mode="9"
 points="3.0318 1.42627,
	3.04619 1.38439,
	3.05011 1.37393,
	3.06713 1.3543,
	3.08806 1.3399,
	3.0933 1.33729,
	3.10638 1.31635,
	3.11685 1.29542,
	3.12208 1.29149,
	3.13255 1.28887,
	3.13517 1.28756,
	3.1561 1.29542,
	3.16134 1.29803,
	3.17704 1.31897,
	3.19143 1.36084,
	3.19798 1.38178,
	3.19928 1.42365,
	3.19536 1.43412,
	3.19405 1.45505,
	3.19405 1.46029,
	3.18751 1.47075,
	3.18489 1.47599,
	3.17442 1.48253,
	3.15349 1.48907,
	3.13255 1.49169,
	3.11161 1.49169,
	3.09068 1.49431,
	3.06974 1.49431,
	3.05927 1.49431,
	3.04881 1.48907,
	3.03965 1.47861,
	3.03572 1.47337,
	3.0318 1.45244,
	3.0318 1.4315,
	3.0318 1.42757,
	"/>
</Transform>

<Transform dim="0"
 xcoef=" 0 1 0 0 0 0"
 ycoef=" 0 0 1 0 0 0">
<Contour name="Ed10" hidden="false" closed="true" simplified="true" border="0.541 0.757 0.035" fill="0.502 1 1" mode="9"
 points="0.169916 4.35909,
	"/>
</Transform>

<Transform dim="0"
 xcoef=" 0 1 0 0 0 0"
 ycoef=" 0 0 1 0 0 0">
<Contour name="Ed10" hidden="false" closed="true" simplified="true" border="0.541 0.757 0.035" fill="0.502 1 1" mode="9"
 points="0.33421 4.44306,
	"/>
</Transform>

<Transform dim="0"
 xcoef=" 0 1 0 0 0 0"
 ycoef=" 0 0 1 0 0 0">
<Contour name="Ed10" hidden="false" closed="true" simplified="true" border="0.541 0.757 0.035" fill="0.502 1 1" mode="9"
 points="-0.0686159 3.72017,
	-0.0576629 3.68122,
	-0.0503609 3.64228,
	-0.0467099 3.62281,
	-0.0321059 3.58386,
	-0.0248039 3.56439,
	-0.00411498 3.52545,
	0.009272 3.50598,
	0.016574 3.49624,
	0.020225 3.49137,
	0.039697 3.48529,
	0.0494329 3.48407,
	0.0543009 3.48285,
	0.0640369 3.48772,
	0.0689049 3.49259,
	0.0774239 3.51206,
	0.0932449 3.53153,
	0.112717 3.54249,
	0.122453 3.54857,
	0.139491 3.56804,
	0.158963 3.58508,
	0.168699 3.59238,
	0.173567 3.59603,
	0.193039 3.59968,
	0.212511 3.59725,
	0.231983 3.59117,
	0.251455 3.57778,
	0.255106 3.53883,
	0.25754 3.51936,
	0.273361 3.48042,
	0.279446 3.46095,
	0.280663 3.44148,
	0.284314 3.422,
	0.285531 3.41227,
	0.300135 3.37332,
	0.320824 3.33438,
	0.33056 3.32586,
	0.350031 3.31369,
	0.359767 3.30639,
	0.398711 3.28813,
	0.418183 3.28083,
	0.496071 3.22972,
	0.505807 3.22363,
	0.583695 3.19808,
	0.603167 3.19077,
	0.622639 3.1786,
	0.640894 3.15913,
	0.670102 3.12019,
	0.676187 3.11045,
	0.693225 3.09098,
	0.696876 3.08124,
	0.702961 3.0423,
	0.701744 3.02283,
	0.700527 3.01309,
	0.702961 2.99362,
	0.704178 2.98388,
	0.722433 2.94494,
	0.740688 2.92547,
	0.76016 2.90843,
	0.799104 2.88044,
	0.818576 2.8707,
	0.828312 2.86583,
	0.847784 2.8488,
	0.85752 2.84149,
	0.928106 2.76361,
	0.946361 2.74414,
	0.985304 2.71128,
	0.99504 2.70276,
	1.01451 2.6918,
	1.05346 2.66381,
	1.06319 2.65651,
	1.06806 2.65408,
	1.07293 2.64921,
	1.15082 2.6127,
	1.17029 2.60296,
	1.20923 2.58836,
	1.21897 2.58593,
	1.25791 2.58471,
	1.29686 2.59079,
	1.30659 2.59323,
	1.34554 2.6127,
	1.36501 2.62122,
	1.38448 2.6273,
	1.39422 2.63095,
	1.43316 2.63582,
	1.45263 2.63339,
	1.4721 2.63461,
	1.49158 2.63947,
	1.53052 2.64312,
	1.54999 2.64434,
	1.56946 2.64799,
	1.58894 2.65529,
	1.5938 2.65651,
	1.61328 2.67477,
	1.62666 2.69424,
	1.64613 2.70763,
	1.66561 2.71858,
	1.68143 2.73805,
	1.68386 2.74779,
	1.67899 2.78673,
	1.67047 2.8062,
	1.66804 2.81107,
	1.64979 2.83054,
	1.6437 2.84028,
	1.62423 2.85366,
	1.60476 2.86097,
	1.59989 2.86218,
	1.56094 2.85245,
	1.54147 2.85245,
	1.522 2.8561,
	1.51226 2.86097,
	1.50253 2.86827,
	1.49279 2.88774,
	1.48914 2.92668,
	1.49279 2.96563,
	1.49401 3.00457,
	1.48792 3.02404,
	1.48306 3.03378,
	1.45141 3.07272,
	1.43316 3.0922,
	1.42464 3.10193,
	1.40639 3.14088,
	1.38083 3.21876,
	1.36014 3.25771,
	1.34919 3.27718,
	1.34188 3.29665,
	1.33702 3.31612,
	1.32971 3.3356,
	1.28955 3.41348,
	1.2786 3.43296,
	1.26156 3.45243,
	1.25548 3.4719,
	1.25304 3.49137,
	1.25304 3.51084,
	1.24574 3.53032,
	1.24209 3.54979,
	1.23844 3.62768,
	1.23357 3.64715,
	1.23236 3.66662,
	1.23114 3.67636,
	1.23479 3.69583,
	1.24087 3.7153,
	1.24331 3.72504,
	1.24331 3.74451,
	1.23722 3.78345,
	1.22627 3.8224,
	1.21775 3.86134,
	1.20923 3.88081,
	1.18368 3.91976,
	1.17881 3.92949,
	1.17151 3.93923,
	1.16299 3.9587,
	1.15934 3.96844,
	1.15934 3.98791,
	1.15934 3.99764,
	1.15934 4.00251,
	1.1569 4.00738,
	1.1569 4.01712,
	1.15325 4.02685,
	1.15082 4.03172,
	1.13134 4.05119,
	1.11187 4.06823,
	1.107 4.0731,
	1.02912 4.11447,
	1.00964 4.12786,
	0.999908 4.13516,
	0.990172 4.14003,
	0.985304 4.13881,
	0.965833 4.14612,
	0.960965 4.14612,
	0.951229 4.1522,
	0.946361 4.15342,
	0.926889 4.16681,
	0.907417 4.18628,
	0.902549 4.19115,
	0.883077 4.2021,
	0.863605 4.20697,
	0.824661 4.20332,
	0.785717 4.19601,
	0.766245 4.19236,
	0.756509 4.19358,
	0.746773 4.19845,
	0.727301 4.21427,
	0.717565 4.224,
	0.678621 4.25443,
	0.668885 4.26173,
	0.659149 4.2666,
	0.639677 4.26782,
	0.629941 4.26903,
	0.627507 4.27147,
	0.611686 4.28607,
	0.572742 4.31893,
	0.55327 4.33475,
	0.543534 4.34205,
	0.538666 4.34449,
	0.519194 4.36274,
	0.509458 4.36883,
	0.470514 4.3737,
	0.460778 4.37735,
	0.451042 4.38343,
	0.43157 4.40047,
	0.426702 4.40534,
	0.387758 4.42603,
	0.348814 4.44185,
	0.309871 4.44428,
	0.270927 4.44063,
	0.231983 4.42238,
	0.222247 4.41629,
	0.18452 4.37735,
	0.177218 4.36761,
	0.169916 4.34814,
	0.167482 4.3384,
	0.166265 4.33597,
	0.17235 4.3165,
	0.178435 4.30676,
	0.19669 4.28851,
	0.200341 4.26903,
	0.206426 4.24956,
	0.214945 4.23009,
	0.219813 4.22035,
	0.227115 4.21062,
	0.266059 4.17289,
	0.285531 4.15342,
	0.302569 4.13395,
	0.332994 4.095,
	0.340295 4.07553,
	0.342729 4.03659,
	0.340295 3.99764,
	0.332994 3.9587,
	0.326909 3.93923,
	0.290399 3.86134,
	0.28188 3.8516,
	0.262408 3.837,
	0.242936 3.82605,
	0.223464 3.81874,
	0.213728 3.81388,
	0.174784 3.80414,
	0.165048 3.80049,
	0.126104 3.81388,
	0.0871599 3.82483,
	0.0676879 3.82483,
	0.0482159 3.83335,
	0.009272 3.84552,
	0.00440401 3.84795,
	0.00197001 3.84917,
	-0.017502 3.83822,
	-0.0369739 3.82118,
	-0.0576629 3.78223,
	-0.0625309 3.7725,
	-0.0661819 3.75303,
	-0.0673989 3.73355,
	-0.0686159 3.72382,
	-0.0686159 3.72138,
	"/>
<Contour name="Ed10" hidden="false" closed="true" simplified="true" border="0.541 0.757 0.035" fill="0.502 1 1" mode="9"
 points="0.618988 4.27755,
	"/>
</Transform>

<Transform dim="0"
 xcoef=" 0 1 0 0 0 0"
 ycoef=" 0 0 1 0 0 0">
<Contour name="Ed10" hidden="false" closed="true" simplified="true" border="0.541 0.757 0.035" fill="0.502 1 1" mode="9"
 points="2.02885 3.7452,
	2.03074 3.74331,
	2.03832 3.73999,
	2.05347 3.73668,
	2.06862 3.73526,
	2.08377 3.73289,
	2.09892 3.72958,
	2.1065 3.72816,
	2.1368 3.71821,
	2.14438 3.71585,
	2.15195 3.71253,
	2.15574 3.71064,
	2.17089 3.70543,
	2.20119 3.70022,
	2.21634 3.69785,
	2.21824 3.69738,
	2.23339 3.70117,
	2.24097 3.70306,
	2.24475 3.70401,
	2.2599 3.7149,
	2.27458 3.7291,
	2.29163 3.75941,
	2.29589 3.76698,
	2.30204 3.78213,
	2.30394 3.78971,
	2.30441 3.7935,
	2.30299 3.80107,
	2.30252 3.80486,
	2.2992 3.81243,
	2.29778 3.81622,
	2.29542 3.82001,
	2.28926 3.82759,
	2.27411 3.8399,
	2.25896 3.85031,
	2.24381 3.85884,
	2.24002 3.85931,
	2.23244 3.85836,
	2.22866 3.85836,
	2.22108 3.85505,
	2.21445 3.84747,
	2.1922 3.81717,
	2.18652 3.80959,
	2.18367 3.80581,
	2.18225 3.80391,
	2.17468 3.80012,
	2.15953 3.79397,
	2.15195 3.79018,
	2.14816 3.78829,
	2.14627 3.78734,
	2.11597 3.78781,
	2.10082 3.79444,
	2.09703 3.79586,
	2.09513 3.79681,
	2.08756 3.79728,
	2.08377 3.79776,
	2.0762 3.79681,
	2.06862 3.7916,
	2.06246 3.78403,
	2.05962 3.77645,
	2.04873 3.7613,
	2.03358 3.75325,
	2.02979 3.75088,
	2.02885 3.74994,
	2.02885 3.74615,
	2.02885 3.74567,
	"/>
</Transform>

<Transform dim="0"
 xcoef=" 0 1 0 0 0 0"
 ycoef=" 0 0 1 0 0 0">
<Contour name="Ea5(v34)" hidden="false" closed="true" simplified="true" border="1 0 0" fill="1 1 1" mode="9"
 points="3.03959 2.01005,
	3.04051 2.00426,
	3.04317 1.99903,
	3.04732 1.99489,
	3.05254 1.99223,
	3.05833 1.99131,
	3.06412 1.99223,
	3.06934 1.99489,
	3.07349 1.99903,
	3.07615 2.00426,
	3.07707 2.01005,
	3.07615 2.01584,
	3.07349 2.02106,
	3.06934 2.02521,
	3.06412 2.02787,
	3.05833 2.02878,
	3.05254 2.02787,
	3.04732 2.02521,
	3.04317 2.02106,
	"/>
<Contour name="Ea5(v36)" hidden="false" closed="true" simplified="true" border="1 0 0" fill="1 1 1" mode="9"
 points="3.02835 1.94447,
	3.02927 1.9381,
	3.03193 1.93235,
	3.03607 1.92779,
	3.0413 1.92487,
	3.04709 1.92386,
	3.05288 1.92487,
	3.0581 1.92779,
	3.06225 1.93235,
	3.06491 1.9381,
	3.06582 1.94447,
	3.06491 1.95084,
	3.06225 1.95658,
	3.0581 1.96114,
	3.05288 1.96407,
	3.04709 1.96508,
	3.0413 1.96407,
	3.03607 1.96114,
	3.03193 1.95658,
	"/>
<Contour name="Ea5(v37)" hidden="false" closed="true" simplified="true" border="1 0 0" fill="1 1 1" mode="9"
 points="3.03397 1.85922,
	3.03493 1.85342,
	3.03772 1.84813,
	3.04208 1.84383,
	3.04765 1.8409,
	3.05391 1.8396,
	3.06031 1.84003,
	3.06629 1.84218,
	3.07131 1.84583,
	3.07493 1.85068,
	3.07683 1.85628,
	3.07683 1.86215,
	3.07493 1.86775,
	3.07131 1.8726,
	3.06629 1.87625,
	3.06031 1.8784,
	3.05391 1.87883,
	3.04765 1.87753,
	3.04208 1.8746,
	3.03772 1.8703,
	"/>
<Contour name="Ea5(v38)" hidden="false" closed="true" simplified="true" border="1 0 0" fill="1 1 1" mode="9"
 points="3.10517 1.77584,
	3.10609 1.76947,
	3.10875 1.76372,
	3.11289 1.75916,
	3.11812 1.75623,
	3.12391 1.75523,
	3.1297 1.75623,
	3.13492 1.75916,
	3.13907 1.76372,
	3.14173 1.76947,
	3.14264 1.77584,
	3.14173 1.78221,
	3.13907 1.78795,
	3.13492 1.79251,
	3.1297 1.79544,
	3.12391 1.79645,
	3.11812 1.79544,
	3.11289 1.79251,
	3.10875 1.78795,
	"/>
<Contour name="Ea5(v39)" hidden="false" closed="true" simplified="true" border="1 0 0" fill="1 1 1" mode="9"
 points="3.04147 1.77865,
	3.04234 1.77257,
	3.04487 1.76708,
	3.0488 1.76273,
	3.05377 1.75994,
	3.05927 1.75897,
	3.06477 1.75994,
	3.06973 1.76273,
	3.07367 1.76708,
	3.07619 1.77257,
	3.07707 1.77865,
	3.07619 1.78473,
	3.07367 1.79021,
	3.06973 1.79456,
	3.06477 1.79736,
	3.05927 1.79832,
	3.05377 1.79736,
	3.0488 1.79456,
	3.04487 1.79021,
	"/>
<Contour name="Ea5(v40)" hidden="false" closed="true" simplified="true" border="1 0 0" fill="1 1 1" mode="9"
 points="3.07144 1.73274,
	3.07227 1.72811,
	3.07467 1.72393,
	3.0784 1.72061,
	3.0831 1.71849,
	3.08831 1.71775,
	3.09352 1.71849,
	3.09822 1.72061,
	3.10195 1.72393,
	3.10435 1.72811,
	3.10517 1.73274,
	3.10435 1.73737,
	3.10195 1.74155,
	3.09822 1.74487,
	3.09352 1.747,
	3.08831 1.74773,
	3.0831 1.747,
	3.0784 1.74487,
	3.07467 1.74155,
	"/>
<Contour name="Ea5(v41)" hidden="false" closed="true" simplified="true" border="1 0 0" fill="1 1 1" mode="9"
 points="2.53182 2.71924,
	2.53274 2.71345,
	2.5354 2.70822,
	2.53955 2.70408,
	2.54477 2.70142,
	2.55056 2.7005,
	2.55635 2.70142,
	2.56157 2.70408,
	2.56572 2.70822,
	2.56838 2.71345,
	2.5693 2.71924,
	2.56838 2.72503,
	2.56572 2.73025,
	2.56157 2.73439,
	2.55635 2.73706,
	2.55056 2.73797,
	2.54477 2.73706,
	2.53955 2.73439,
	2.5354 2.73025,
	"/>
<Contour name="Ea5(v42)" hidden="false" closed="true" simplified="true" border="1 0 0" fill="1 1 1" mode="9"
 points="2.53557 2.8888,
	2.5363 2.88297,
	2.53846 2.87745,
	2.54193 2.87255,
	2.54652 2.86852,
	2.55198 2.86558,
	2.55802 2.86389,
	2.56432 2.86355,
	2.57053 2.86457,
	2.57632 2.8669,
	2.58138 2.87041,
	2.58544 2.87491,
	2.58827 2.88015,
	2.58972 2.88587,
	2.58972 2.89174,
	2.58827 2.89746,
	2.58544 2.9027,
	2.58138 2.9072,
	2.57632 2.91071,
	2.57053 2.91304,
	2.56432 2.91406,
	2.55802 2.91372,
	2.55198 2.91203,
	2.54652 2.90909,
	2.54193 2.90506,
	2.53846 2.90016,
	"/>
<Contour name="Ea5(v43)" hidden="false" closed="true" simplified="true" border="1 0 0" fill="1 1 1" mode="9"
 points="2.65361 2.8785,
	2.65449 2.87187,
	2.65703 2.86583,
	2.66102 2.86092,
	2.6661 2.85757,
	2.67182 2.85608,
	2.67766 2.85658,
	2.68312 2.85903,
	2.68771 2.86321,
	2.69101 2.86874,
	2.69274 2.87515,
	2.69274 2.88185,
	2.69101 2.88826,
	2.68771 2.89379,
	2.68312 2.89797,
	2.67766 2.90042,
	2.67182 2.90092,
	2.6661 2.89943,
	2.66102 2.89608,
	2.65703 2.89117,
	"/>
<Contour name="Ea5(v44)" hidden="false" closed="true" simplified="true" border="1 0 0" fill="1 1 1" mode="9"
 points="2.49622 3.09678,
	2.49696 3.09049,
	2.49912 3.0846,
	2.50257 3.07947,
	2.5071 3.07543,
	2.51241 3.07273,
	2.51817 3.07154,
	2.52403 3.07194,
	2.52962 3.0739,
	2.53457 3.07729,
	2.53859 3.08192,
	2.54142 3.08747,
	2.54288 3.09361,
	2.54288 3.09995,
	2.54142 3.1061,
	2.53859 3.11165,
	2.53457 3.11627,
	2.52962 3.11967,
	2.52403 3.12163,
	2.51817 3.12203,
	2.51241 3.12084,
	2.5071 3.11814,
	2.50257 3.1141,
	2.49912 3.10897,
	2.49696 3.10307,
	"/>
<Contour name="Ea5(v45)" hidden="false" closed="true" simplified="true" border="1 0 0" fill="1 1 1" mode="9"
 points="2.53744 3.1914,
	2.53821 3.18462,
	2.54046 3.17829,
	2.54403 3.17286,
	2.54869 3.16869,
	2.55411 3.16607,
	2.55993 3.16517,
	2.56575 3.16607,
	2.57117 3.16869,
	2.57583 3.17286,
	2.5794 3.17829,
	2.58165 3.18462,
	2.58241 3.1914,
	2.58165 3.19819,
	2.5794 3.20452,
	2.57583 3.20995,
	2.57117 3.21412,
	2.56575 3.21674,
	2.55993 3.21764,
	2.55411 3.21674,
	2.54869 3.21412,
	2.54403 3.20995,
	2.54046 3.20452,
	"/>
<Contour name="Ea5(v47)" hidden="false" closed="true" simplified="true" border="1 0 0" fill="1 1 1" mode="9"
 points="2.5693 3.24949,
	2.57035 3.2437,
	2.57341 3.23848,
	2.57818 3.23433,
	2.58419 3.23167,
	2.59084 3.23075,
	2.5975 3.23167,
	2.60351 3.23433,
	2.60828 3.23848,
	2.61134 3.2437,
	2.61239 3.24949,
	2.61134 3.25528,
	2.60828 3.2605,
	2.60351 3.26465,
	2.5975 3.26731,
	2.59084 3.26823,
	2.58419 3.26731,
	2.57818 3.26465,
	2.57341 3.2605,
	"/>
<Contour name="Ea5(v48)" hidden="false" closed="true" simplified="true" border="1 0 0" fill="1 1 1" mode="9"
 points="2.5618 3.30102,
	2.56268 3.29522,
	2.56522 3.28993,
	2.56921 3.28563,
	2.57429 3.2827,
	2.58001 3.2814,
	2.58585 3.28184,
	2.59131 3.28398,
	2.5959 3.28763,
	2.5992 3.29248,
	2.60093 3.29808,
	2.60093 3.30395,
	2.5992 3.30955,
	2.5959 3.3144,
	2.59131 3.31805,
	2.58585 3.3202,
	2.58001 3.32063,
	2.57429 3.31933,
	2.56921 3.3164,
	2.56522 3.3121,
	"/>
<Contour name="Ea5(v49)" hidden="false" closed="true" simplified="true" border="1 0 0" fill="1 1 1" mode="9"
 points="2.61239 3.32256,
	2.61331 3.31677,
	2.61597 3.31155,
	2.62012 3.3074,
	2.62534 3.30474,
	2.63113 3.30383,
	2.63692 3.30474,
	2.64214 3.3074,
	2.64629 3.31155,
	2.64895 3.31677,
	2.64987 3.32256,
	2.64895 3.32835,
	2.64629 3.33358,
	2.64214 3.33772,
	2.63692 3.34038,
	2.63113 3.3413,
	2.62534 3.34038,
	2.62012 3.33772,
	2.61597 3.33358,
	"/>
<Contour name="Ea5(v50)" hidden="false" closed="true" simplified="true" border="1 0 0" fill="1 1 1" mode="9"
 points="2.56555 3.36191,
	2.56642 3.3561,
	2.56897 3.35077,
	2.57299 3.34633,
	2.57815 3.34316,
	2.58403 3.34151,
	2.59016 3.34151,
	2.59605 3.34316,
	2.60121 3.34633,
	2.60522 3.35077,
	2.60777 3.3561,
	2.60864 3.36191,
	2.60777 3.36772,
	2.60522 3.37305,
	2.60121 3.37749,
	2.59605 3.38066,
	2.59016 3.38231,
	2.58403 3.38231,
	2.57815 3.38066,
	2.57299 3.37749,
	2.56897 3.37305,
	2.56642 3.36772,
	"/>
<Contour name="Ea5(v51)" hidden="false" closed="true" simplified="true" border="1 0 0" fill="1 1 1" mode="9"
 points="2.4981 3.24902,
	2.49897 3.24226,
	2.50152 3.23609,
	2.5055 3.23108,
	2.51058 3.22765,
	2.5163 3.22613,
	2.52215 3.22664,
	2.52761 3.22914,
	2.53219 3.23341,
	2.5355 3.23906,
	2.53723 3.2456,
	2.53723 3.25244,
	2.5355 3.25898,
	2.53219 3.26463,
	2.52761 3.2689,
	2.52215 3.2714,
	2.5163 3.27191,
	2.51058 3.27039,
	2.5055 3.26697,
	2.50152 3.26195,
	"/>
<Contour name="Ea5(v52)" hidden="false" closed="true" simplified="true" border="1 0 0" fill="1 1 1" mode="9"
 points="2.44938 3.26073,
	2.4503 3.25378,
	2.45296 3.24752,
	2.45711 3.24254,
	2.46233 3.23935,
	2.46812 3.23825,
	2.47391 3.23935,
	2.47913 3.24254,
	2.48328 3.24752,
	2.48594 3.25378,
	2.48686 3.26073,
	2.48594 3.26768,
	2.48328 3.27395,
	2.47913 3.27892,
	2.47391 3.28211,
	2.46812 3.28322,
	2.46233 3.28211,
	2.45711 3.27892,
	2.45296 3.27395,
	"/>
<Contour name="Ea5(v53)" hidden="false" closed="true" simplified="true" border="1 0 0" fill="1 1 1" mode="9"
 points="2.44376 3.38252,
	2.44456 3.37645,
	2.4469 3.37084,
	2.4506 3.36609,
	2.45539 3.36256,
	2.46092 3.36051,
	2.46678 3.36009,
	2.47252 3.36133,
	2.47773 3.36415,
	2.48202 3.36833,
	2.48507 3.37356,
	2.48665 3.37946,
	2.48665 3.38558,
	2.48507 3.39148,
	2.48202 3.39671,
	2.47773 3.40089,
	2.47252 3.40371,
	2.46678 3.40495,
	2.46092 3.40453,
	2.45539 3.40248,
	2.4506 3.39895,
	2.4469 3.3942,
	2.44456 3.38859,
	"/>
<Contour name="Ea5(v54)" hidden="false" closed="true" simplified="true" border="1 0 0" fill="1 1 1" mode="9"
 points="2.49248 3.35723,
	2.49335 3.35115,
	2.49588 3.34566,
	2.49981 3.34131,
	2.50478 3.33852,
	2.51028 3.33755,
	2.51578 3.33852,
	2.52074 3.34131,
	2.52468 3.34566,
	2.52721 3.35115,
	2.52808 3.35723,
	2.52721 3.36331,
	2.52468 3.36879,
	2.52074 3.37314,
	2.51578 3.37594,
	2.51028 3.3769,
	2.50478 3.37594,
	2.49981 3.37314,
	2.49588 3.36879,
	"/>
<Contour name="Ea5(v55)" hidden="false" closed="true" simplified="true" border="1 0 0" fill="1 1 1" mode="9"
 points="2.51121 3.4228,
	2.51209 3.41645,
	2.51463 3.41067,
	2.51862 3.40596,
	2.5237 3.40275,
	2.52942 3.40132,
	2.53526 3.4018,
	2.54072 3.40414,
	2.54531 3.40815,
	2.54861 3.41346,
	2.55034 3.41959,
	2.55034 3.42602,
	2.54861 3.43215,
	2.54531 3.43746,
	2.54072 3.44147,
	2.53526 3.44381,
	2.52942 3.44429,
	2.5237 3.44286,
	2.51862 3.43965,
	2.51463 3.43494,
	"/>
<Contour name="Ea5(v56)" hidden="false" closed="true" simplified="true" border="1 0 0" fill="1 1 1" mode="9"
 points="2.53557 3.49869,
	2.53645 3.49261,
	2.53899 3.48708,
	2.54298 3.48258,
	2.54806 3.4795,
	2.55377 3.47814,
	2.55962 3.4786,
	2.56508 3.48084,
	2.56967 3.48467,
	2.57297 3.48975,
	2.5747 3.49562,
	2.5747 3.50176,
	2.57297 3.50763,
	2.56967 3.51271,
	2.56508 3.51654,
	2.55962 3.51878,
	2.55377 3.51924,
	2.54806 3.51787,
	2.54298 3.5148,
	2.53899 3.5103,
	"/>
<Contour name="Ea5(v58)" hidden="false" closed="true" simplified="true" border="1 0 0" fill="1 1 1" mode="9"
 points="2.47749 3.47902,
	2.4784 3.47351,
	2.48107 3.46855,
	2.48521 3.46461,
	2.49043 3.46209,
	2.49622 3.46122,
	2.50201 3.46209,
	2.50724 3.46461,
	2.51138 3.46855,
	2.51404 3.47351,
	2.51496 3.47902,
	2.51404 3.48452,
	2.51138 3.48948,
	2.50724 3.49342,
	2.50201 3.49594,
	2.49622 3.49682,
	2.49043 3.49594,
	2.48521 3.49342,
	2.48107 3.48948,
	"/>
<Contour name="Ea5(v59)" hidden="false" closed="true" simplified="true" border="1 0 0" fill="1 1 1" mode="9"
 points="2.49997 3.52305,
	2.50093 3.51726,
	2.50373 3.51203,
	2.50808 3.50789,
	2.51357 3.50523,
	2.51964 3.50431,
	2.52572 3.50523,
	2.53121 3.50789,
	2.53556 3.51203,
	2.53836 3.51726,
	2.53932 3.52305,
	2.53836 3.52884,
	2.53556 3.53406,
	2.53121 3.53821,
	2.52572 3.54087,
	2.51964 3.54178,
	2.51357 3.54087,
	2.50808 3.53821,
	2.50373 3.53406,
	"/>
<Contour name="Ea5(v60)" hidden="false" closed="true" simplified="true" border="1 0 0" fill="1 1 1" mode="9"
 points="2.44751 3.55584,
	2.44834 3.54977,
	2.45078 3.54419,
	2.45462 3.53955,
	2.45956 3.53624,
	2.46519 3.53451,
	2.47105 3.53451,
	2.47668 3.53624,
	2.48162 3.53955,
	2.48546 3.54419,
	2.48789 3.54977,
	2.48873 3.55584,
	2.48789 3.56191,
	2.48546 3.56749,
	2.48162 3.57212,
	2.47668 3.57544,
	2.47105 3.57716,
	2.46519 3.57716,
	2.45956 3.57544,
	2.45462 3.57212,
	2.45078 3.56749,
	2.44834 3.56191,
	"/>
<Contour name="Ea5(v61)" hidden="false" closed="true" simplified="true" border="1 0 0" fill="1 1 1" mode="9"
 points="2.41753 3.48183,
	2.41831 3.47546,
	2.42057 3.46971,
	2.42409 3.46515,
	2.42853 3.46222,
	2.43346 3.46122,
	2.43838 3.46222,
	2.44282 3.46515,
	2.44634 3.46971,
	2.4486 3.47546,
	2.44938 3.48183,
	2.4486 3.48819,
	2.44634 3.49394,
	2.44282 3.4985,
	2.43838 3.50143,
	2.43346 3.50244,
	2.42853 3.50143,
	2.42409 3.4985,
	2.42057 3.49394,
	"/>
<Contour name="Ea5(v62)" hidden="false" closed="true" simplified="true" border="1 0 0" fill="1 1 1" mode="9"
 points="2.44563 3.73852,
	2.44651 3.73245,
	2.44905 3.72691,
	2.45304 3.72241,
	2.45812 3.71933,
	2.46384 3.71797,
	2.46969 3.71843,
	2.47514 3.72067,
	2.47973 3.7245,
	2.48303 3.72958,
	2.48476 3.73545,
	2.48476 3.74159,
	2.48303 3.74746,
	2.47973 3.75254,
	2.47514 3.75637,
	2.46969 3.75861,
	2.46384 3.75907,
	2.45812 3.75771,
	2.45304 3.75463,
	2.44905 3.75013,
	"/>
</Transform>

<Transform dim="0"
 xcoef=" 0 1 0 0 0 0"
 ycoef=" 0 0 1 0 0 0">
<Contour name="Ea1(v3)" hidden="false" closed="true" simplified="true" border="0.996078 0.270588 0.027451" fill="1 0 0" mode="9"
 points="2.2517 2.24559,
	2.25202 2.24163,
	2.25297 2.23782,
	2.25451 2.23431,
	2.25658 2.23124,
	2.2591 2.22871,
	2.26198 2.22683,
	2.26511 2.22568,
	2.26836 2.22529,
	2.27161 2.22568,
	2.27474 2.22683,
	2.27762 2.22871,
	2.28014 2.23124,
	2.28221 2.23431,
	2.28375 2.23782,
	2.2847 2.24163,
	2.28502 2.24559,
	2.2847 2.24956,
	2.28375 2.25337,
	2.28221 2.25688,
	2.28014 2.25995,
	2.27762 2.26248,
	2.27474 2.26435,
	2.27161 2.26551,
	2.26836 2.2659,
	2.26511 2.26551,
	2.26198 2.26435,
	2.2591 2.26248,
	2.25658 2.25995,
	2.25451 2.25688,
	2.25297 2.25337,
	"/>
<Contour name="Ea1(v4)" hidden="false" closed="true" simplified="true" border="0.996078 0.270588 0.027451" fill="1 0 0" mode="9"
 points="2.2996 2.22789,
	2.29989 2.22427,
	2.30076 2.22076,
	2.30218 2.21748,
	2.3041 2.21453,
	2.30646 2.21202,
	2.30919 2.21001,
	2.31219 2.20858,
	2.31538 2.20777,
	2.31864 2.20761,
	2.32188 2.2081,
	2.32498 2.20922,
	2.32786 2.21095,
	2.33042 2.21322,
	2.33257 2.21596,
	2.33424 2.21908,
	2.33539 2.22249,
	2.33597 2.22607,
	2.33597 2.22971,
	2.33539 2.23329,
	2.33424 2.2367,
	2.33257 2.23983,
	2.33042 2.24257,
	2.32786 2.24484,
	2.32498 2.24656,
	2.32188 2.24769,
	2.31864 2.24818,
	2.31538 2.24801,
	2.31219 2.2472,
	2.30919 2.24577,
	2.30646 2.24377,
	2.3041 2.24125,
	2.30218 2.23831,
	2.30076 2.23503,
	"/>
<Contour name="Ea1(v5)" hidden="false" closed="true" simplified="true" border="0.996078 0.270588 0.027451" fill="1 0 0" mode="9"
 points="2.19447 2.21153,
	2.19558 2.20584,
	2.19882 2.2007,
	2.20386 2.19662,
	2.21021 2.194,
	2.21725 2.19309,
	2.22429 2.194,
	2.23064 2.19662,
	2.23568 2.2007,
	2.23891 2.20584,
	2.24003 2.21153,
	2.23891 2.21723,
	2.23568 2.22237,
	2.23064 2.22645,
	2.22429 2.22907,
	2.21725 2.22997,
	2.21021 2.22907,
	2.20386 2.22645,
	2.19882 2.22237,
	"/>
<Contour name="Ea1(v6)" hidden="false" closed="true" simplified="true" border="0.996078 0.270588 0.027451" fill="1 0 0" mode="9"
 points="2.2422 2.17899,
	2.24316 2.17196,
	2.24598 2.1655,
	2.25043 2.16014,
	2.25615 2.1563,
	2.26266 2.1543,
	2.26946 2.1543,
	2.27597 2.1563,
	2.28169 2.16014,
	2.28614 2.1655,
	2.28896 2.17196,
	2.28992 2.17899,
	2.28896 2.18602,
	2.28614 2.19248,
	2.28169 2.19785,
	2.27597 2.20169,
	2.26946 2.20369,
	2.26266 2.20369,
	2.25615 2.20169,
	2.25043 2.19785,
	2.24598 2.19248,
	2.24316 2.18602,
	"/>
<Contour name="Ea1(v7)" hidden="false" closed="true" simplified="true" border="0.996078 0.270588 0.027451" fill="1 0 0" mode="9"
 points="2.29426 2.16706,
	2.29522 2.16103,
	2.29799 2.15558,
	2.30231 2.15127,
	2.30775 2.14849,
	2.31379 2.14754,
	2.31982 2.14849,
	2.32526 2.15127,
	2.32958 2.15558,
	2.33236 2.16103,
	2.33331 2.16706,
	2.33236 2.17309,
	2.32958 2.17854,
	2.32526 2.18286,
	2.31982 2.18563,
	2.31379 2.18659,
	2.30775 2.18563,
	2.30231 2.18286,
	2.29799 2.17854,
	"/>
<Contour name="Ea1(v8)" hidden="false" closed="true" simplified="true" border="0.996078 0.270588 0.027451" fill="1 0 0" mode="9"
 points="2.30728 2.1215,
	2.30818 2.11614,
	2.3108 2.1113,
	2.31488 2.10746,
	2.32002 2.105,
	2.32572 2.10415,
	2.33142 2.105,
	2.33656 2.10746,
	2.34064 2.1113,
	2.34326 2.11614,
	2.34416 2.1215,
	2.34326 2.12687,
	2.34064 2.1317,
	2.33656 2.13554,
	2.33142 2.13801,
	2.32572 2.13886,
	2.32002 2.13801,
	2.31488 2.13554,
	2.3108 2.1317,
	"/>
<Contour name="Ea1(v9)" hidden="false" closed="true" simplified="true" border="0.996078 0.270588 0.027451" fill="1 0 0" mode="9"
 points="2.35718 2.15513,
	2.35797 2.14943,
	2.36028 2.14429,
	2.36388 2.14021,
	2.36842 2.13759,
	2.37345 2.13669,
	2.37847 2.13759,
	2.38301 2.14021,
	2.38661 2.14429,
	2.38892 2.14943,
	2.38972 2.15513,
	2.38892 2.16083,
	2.38661 2.16597,
	2.38301 2.17005,
	2.37847 2.17267,
	2.37345 2.17357,
	2.36842 2.17267,
	2.36388 2.17005,
	2.36028 2.16597,
	"/>
<Contour name="Ea1(v10)" hidden="false" closed="true" simplified="true" border="0.996078 0.270588 0.027451" fill="1 0 0" mode="9"
 points="2.33765 2.05425,
	2.33861 2.04755,
	2.34138 2.0415,
	2.3457 2.0367,
	2.35114 2.03362,
	2.35718 2.03256,
	2.36321 2.03362,
	2.36865 2.0367,
	2.37297 2.0415,
	2.37575 2.04755,
	2.3767 2.05425,
	2.37575 2.06095,
	2.37297 2.067,
	2.36865 2.0718,
	2.36321 2.07488,
	2.35718 2.07594,
	2.35114 2.07488,
	2.3457 2.0718,
	2.34138 2.067,
	"/>
<Contour name="Ea1(v11)" hidden="false" closed="true" simplified="true" border="0.996078 0.270588 0.027451" fill="1 0 0" mode="9"
 points="2.30728 2.00327,
	2.30823 1.99824,
	2.31101 1.99371,
	2.31533 1.99011,
	2.32077 1.98779,
	2.3268 1.987,
	2.33284 1.98779,
	2.33828 1.99011,
	2.3426 1.99371,
	2.34537 1.99824,
	2.34633 2.00327,
	2.34537 2.0083,
	2.3426 2.01283,
	2.33828 2.01643,
	2.33284 2.01874,
	2.3268 2.01954,
	2.32077 2.01874,
	2.31533 2.01643,
	2.31101 2.01283,
	"/>
<Contour name="Ea1(v12)" hidden="false" closed="true" simplified="true" border="0.996078 0.270588 0.027451" fill="1 0 0" mode="9"
 points="2.33548 1.95663,
	2.33649 1.94992,
	2.33942 1.94387,
	2.34398 1.93908,
	2.34972 1.93599,
	2.35609 1.93493,
	2.36246 1.93599,
	2.36821 1.93908,
	2.37276 1.94387,
	2.37569 1.94992,
	2.3767 1.95663,
	2.37569 1.96333,
	2.37276 1.96938,
	2.36821 1.97418,
	2.36246 1.97726,
	2.35609 1.97832,
	2.34972 1.97726,
	2.34398 1.97418,
	2.33942 1.96938,
	"/>
<Contour name="Ea1(v13)" hidden="false" closed="true" simplified="true" border="0.996078 0.270588 0.027451" fill="1 0 0" mode="9"
 points="2.18362 2.12259,
	2.18463 2.11689,
	2.18756 2.11175,
	2.19212 2.10767,
	2.19786 2.10505,
	2.20423 2.10415,
	2.2106 2.10505,
	2.21634 2.10767,
	2.2209 2.11175,
	2.22383 2.11689,
	2.22484 2.12259,
	2.22383 2.12829,
	2.2209 2.13343,
	2.21634 2.13751,
	2.2106 2.14013,
	2.20423 2.14103,
	2.19786 2.14013,
	2.19212 2.13751,
	2.18756 2.13343,
	"/>
<Contour name="Ea1(v14)" hidden="false" closed="true" simplified="true" border="0.996078 0.270588 0.027451" fill="1 0 0" mode="9"
 points="2.25738 2.09655,
	2.25839 2.08952,
	2.26132 2.08317,
	2.26588 2.07813,
	2.27162 2.07489,
	2.27799 2.07378,
	2.28436 2.07489,
	2.29011 2.07813,
	2.29467 2.08317,
	2.29759 2.08952,
	2.2986 2.09655,
	2.29759 2.10359,
	2.29467 2.10994,
	2.29011 2.11498,
	2.28436 2.11822,
	2.27799 2.11933,
	2.27162 2.11822,
	2.26588 2.11498,
	2.26132 2.10994,
	"/>
<Contour name="Ea1(v15)" hidden="false" closed="true" simplified="true" border="0.996078 0.270588 0.027451" fill="1 0 0" mode="9"
 points="2.19447 2.06293,
	2.19532 2.05622,
	2.19778 2.05018,
	2.20162 2.04538,
	2.20646 2.0423,
	2.21182 2.04123,
	2.21719 2.0423,
	2.22203 2.04538,
	2.22586 2.05018,
	2.22833 2.05622,
	2.22918 2.06293,
	2.22833 2.06963,
	2.22586 2.07568,
	2.22203 2.08048,
	2.21719 2.08356,
	2.21182 2.08462,
	2.20646 2.08356,
	2.20162 2.08048,
	2.19778 2.07568,
	"/>
<Contour name="Ea1(v16)" hidden="false" closed="true" simplified="true" border="0.996078 0.270588 0.027451" fill="1 0 0" mode="9"
 points="2.22484 2.02605,
	2.2258 2.02001,
	2.22857 2.01457,
	2.23289 2.01025,
	2.23833 2.00748,
	2.24437 2.00652,
	2.2504 2.00748,
	2.25584 2.01025,
	2.26016 2.01457,
	2.26293 2.02001,
	2.26389 2.02605,
	2.26293 2.03208,
	2.26016 2.03752,
	2.25584 2.04184,
	2.2504 2.04462,
	2.24437 2.04557,
	2.23833 2.04462,
	2.23289 2.04184,
	2.22857 2.03752,
	"/>
<Contour name="Ea1(v17)" hidden="false" closed="true" simplified="true" border="0.996078 0.270588 0.027451" fill="1 0 0" mode="9"
 points="2.13372 2.07269,
	2.13463 2.06632,
	2.13725 2.06058,
	2.14133 2.05602,
	2.14647 2.05309,
	2.15216 2.05208,
	2.15786 2.05309,
	2.163 2.05602,
	2.16708 2.06058,
	2.1697 2.06632,
	2.1706 2.07269,
	2.1697 2.07906,
	2.16708 2.0848,
	2.163 2.08936,
	2.15786 2.09229,
	2.15216 2.0933,
	2.14647 2.09229,
	2.14133 2.08936,
	2.13725 2.0848,
	"/>
</Transform>

<Transform dim="0"
 xcoef=" 0 1 0 0 0 0"
 ycoef=" 0 0 1 0 0 0">
<Contour name="Ed2" hidden="false" closed="true" simplified="true" border="0.541176 0.756863 0.0352941" fill="0.501961 1 1" mode="9"
 points="-0.170277 1.32596,
	-0.161488 1.30838,
	-0.126334 1.28971,
	-0.108757 1.28202,
	-0.0736035 1.27982,
	-0.0560266 1.28092,
	-0.0384496 1.28751,
	-0.00329568 1.2963,
	0.0054928 1.2985,
	0.0406467 1.2963,
	0.0582237 1.29081,
	0.0758006 1.28312,
	0.0801949 1.28202,
	0.082392 1.28092,
	0.0867862 1.28202,
	0.0889834 1.28312,
	0.124137 1.26225,
	0.132926 1.26115,
	0.150503 1.26334,
	0.154897 1.26334,
	0.163685 1.26774,
	0.180164 1.28312,
	0.188952 1.28751,
	0.197741 1.28861,
	0.206529 1.28751,
	0.224106 1.27763,
	0.232895 1.26994,
	0.23619 1.26554,
	0.239486 1.24796,
	0.23619 1.23039,
	0.23619 1.21281,
	0.239486 1.20402,
	0.241683 1.19963,
	0.250472 1.19084,
	0.25926 1.18535,
	0.276837 1.18315,
	0.294414 1.18425,
	0.311991 1.19413,
	0.329568 1.20182,
	0.347145 1.21171,
	0.364722 1.2238,
	0.37351 1.22929,
	0.391087 1.24577,
	0.398777 1.25456,
	0.408664 1.27213,
	0.420748 1.30729,
	0.428438 1.32486,
	0.439424 1.34244,
	0.452607 1.36002,
	0.467987 1.37759,
	0.50314 1.40286,
	0.520717 1.41495,
	0.591025 1.43362,
	0.599814 1.43911,
	0.604208 1.44131,
	0.608602 1.4457,
	0.612996 1.45449,
	0.622883 1.48965,
	0.626179 1.49844,
	0.631672 1.50722,
	0.665727 1.5281,
	0.683304 1.53798,
	0.718458 1.56325,
	0.727247 1.57094,
	0.744824 1.58083,
	0.762401 1.58852,
	0.779978 1.5984,
	0.806343 1.63356,
	0.810737 1.63795,
	0.845891 1.65773,
	0.863468 1.66981,
	0.877749 1.68629,
	0.894228 1.70167,
	0.908509 1.71925,
	0.9151 1.72803,
	0.924987 1.74561,
	0.948057 1.78077,
	0.954649 1.78955,
	0.963437 1.79505,
	0.972226 1.80274,
	0.97662 1.80713,
	0.981014 1.81592,
	0.992 1.85107,
	1.00189 1.86865,
	1.03594 1.90271,
	1.04034 1.9071,
	1.04363 1.91589,
	1.06011 1.92358,
	1.07769 1.93456,
	1.09526 1.94006,
	1.11284 1.94116,
	1.12163 1.94116,
	1.13921 1.93566,
	1.1436 1.93347,
	1.17875 1.90051,
	1.18644 1.88293,
	1.18974 1.87414,
	1.19523 1.86535,
	1.20182 1.84778,
	1.21611 1.8302,
	1.23368 1.81812,
	1.25126 1.80933,
	1.26005 1.80493,
	1.27763 1.80384,
	1.28641 1.80274,
	1.30399 1.80603,
	1.33914 1.81702,
	1.3743 1.82031,
	1.44461 1.82141,
	1.46218 1.82141,
	1.47976 1.81922,
	1.48415 1.81922,
	1.48855 1.81702,
	1.50063 1.79944,
	1.50503 1.79065,
	1.50613 1.78186,
	1.50173 1.76429,
	1.49953 1.74671,
	1.49953 1.73792,
	1.50283 1.72913,
	1.50832 1.72034,
	1.51601 1.71156,
	1.55117 1.69068,
	1.55996 1.68739,
	1.63026 1.6819,
	1.66542 1.6753,
	1.70057 1.67421,
	1.73572 1.66871,
	1.7533 1.66432,
	1.78846 1.66102,
	1.79724 1.65992,
	1.8324 1.66761,
	1.84997 1.67201,
	1.86755 1.67421,
	1.87634 1.67421,
	1.89392 1.6786,
	1.92907 1.69508,
	1.94665 1.70387,
	1.96423 1.71595,
	1.9818 1.73023,
	1.99059 1.73572,
	1.99718 1.74451,
	1.99938 1.74891,
	2.01586 1.76539,
	2.05101 1.77747,
	2.06859 1.78296,
	2.08617 1.79175,
	2.10374 1.80274,
	2.12132 1.81153,
	2.15647 1.82031,
	2.17405 1.8291,
	2.18284 1.8346,
	2.19163 1.84229,
	2.2103 1.87744,
	2.22019 1.89502,
	2.22458 1.9038,
	2.22678 1.91259,
	2.22788 1.91699,
	2.22568 1.92578,
	2.2158 1.94335,
	2.20701 1.95104,
	2.18943 1.95983,
	2.18064 1.96423,
	2.16306 1.96752,
	2.15428 1.96972,
	2.1367 1.97851,
	2.12791 1.984,
	2.11363 2.00158,
	2.08946 2.03673,
	2.08067 2.05431,
	2.07628 2.07188,
	2.07408 2.07628,
	2.07628 2.07738,
	2.07518 2.08617,
	2.07079 2.09056,
	2.062 2.10814,
	2.0587 2.11253,
	2.05211 2.13011,
	2.05101 2.1389,
	2.0565 2.17405,
	2.0609 2.19163,
	2.06749 2.2092,
	2.07188 2.22678,
	2.06969 2.23557,
	2.06969 2.23777,
	2.05211 2.25425,
	2.04772 2.25754,
	2.03014 2.26084,
	2.02574 2.26084,
	2.00817 2.26853,
	1.99059 2.27182,
	1.95544 2.26962,
	1.95104 2.26962,
	1.93347 2.26084,
	1.89831 2.23996,
	1.88073 2.23118,
	1.86316 2.22568,
	1.84558 2.22458,
	1.83679 2.22349,
	1.80164 2.23008,
	1.76648 2.23118,
	1.7577 2.23008,
	1.74012 2.21909,
	1.70497 2.19163,
	1.70057 2.18723,
	1.68299 2.17954,
	1.6786 2.17844,
	1.64345 2.15208,
	1.62697 2.1356,
	1.5995 2.10045,
	1.59401 2.08287,
	1.59071 2.06529,
	1.58962 2.04772,
	1.59181 2.03014,
	1.59071 2.02574,
	1.57314 2.01256,
	1.56435 2.00707,
	1.5292 2.00597,
	1.51162 2.00487,
	1.47646 1.99938,
	1.46768 1.99828,
	1.45889 1.99938,
	1.42373 2.01696,
	1.40616 2.02574,
	1.371 2.0565,
	1.36221 2.062,
	1.35782 2.0631,
	1.35343 2.06639,
	1.33585 2.07298,
	1.26554 2.08507,
	1.23039 2.08617,
	1.21281 2.09056,
	1.19523 2.10045,
	1.17766 2.11473,
	1.1425 2.1334,
	1.13811 2.1356,
	1.13481 2.13999,
	1.12602 2.14329,
	1.12163 2.14549,
	1.08648 2.14659,
	1.07769 2.14659,
	1.06011 2.1378,
	1.02496 2.11693,
	1.01617 2.11253,
	0.998591 2.11033,
	0.963437 2.11473,
	0.928283 2.13121,
	0.910706 2.14109,
	0.901918 2.14659,
	0.866764 2.17625,
	0.86237 2.18064,
	0.844793 2.2158,
	0.832708 2.23337,
	0.826117 2.24216,
	0.817329 2.24985,
	0.80854 2.25534,
	0.804146 2.25754,
	0.801949 2.25864,
	0.766795 2.24106,
	0.758006 2.23667,
	0.740429 2.23227,
	0.722852 2.23337,
	0.705275 2.23777,
	0.696487 2.23996,
	0.67891 2.23777,
	0.661333 2.23996,
	0.652545 2.24216,
	0.643756 2.24216,
	0.608602 2.23447,
	0.591025 2.22898,
	0.573448 2.22019,
	0.542689 2.18504,
	0.539393 2.18064,
	0.530604 2.17515,
	0.515225 2.15757,
	0.506436 2.15098,
	0.497648 2.14219,
	0.484465 2.12461,
	0.475676 2.11583,
	0.440523 2.04552,
	0.422946 2.01036,
	0.414157 1.99279,
	0.410861 1.984,
	0.400974 1.96642,
	0.392186 1.95873,
	0.385595 1.94994,
	0.375708 1.93237,
	0.361426 1.91479,
	0.352638 1.906,
	0.339455 1.88842,
	0.321878 1.87085,
	0.31309 1.86206,
	0.295513 1.84888,
	0.277936 1.8335,
	0.248275 1.79834,
	0.223008 1.76319,
	0.214219 1.74561,
	0.208726 1.72803,
	0.206529 1.71046,
	0.194445 1.6753,
	0.186755 1.65773,
	0.176868 1.64015,
	0.171375 1.63136,
	0.153798 1.61488,
	0.135123 1.57973,
	0.127433 1.57094,
	0.109856 1.55776,
	0.101068 1.55117,
	0.0659136 1.53139,
	0.0307597 1.51382,
	-0.00439424 1.49953,
	-0.0219712 1.49075,
	-0.0395482 1.48415,
	-0.0571251 1.47427,
	-0.092279 1.4501,
	-0.109856 1.43911,
	-0.14501 1.41055,
	-0.154897 1.39297,
	-0.159291 1.3754,
	-0.16039 1.36661,
	-0.166981 1.34903,
	-0.170277 1.33145,
	-0.170277 1.32706,
	"/>
</Transform>

<Transform dim="0"
 xcoef=" 0 1 0 0 0 0"
 ycoef=" 0 0 1 0 0 0">
<Contour name="Ea2" hidden="false" closed="true" simplified="true" border="0.984314 0.207843 0.0156863" fill="1 1 0.690196" mode="9"
 points="0.12324 -0.485399,
	0.129288 -0.487667,
	0.132313 -0.489179,
	0.14441 -0.485399,
	0.168604 -0.472546,
	0.180701 -0.467253,
	0.18675 -0.464985,
	0.192799 -0.466497,
	0.204896 -0.466497,
	0.216993 -0.464229,
	0.220017 -0.463473,
	0.244212 -0.443059,
	0.252528 -0.430962,
	0.254797 -0.427937,
	0.266894 -0.420377,
	0.269918 -0.418864,
	0.282015 -0.408279,
	0.288064 -0.403743,
	0.291088 -0.400719,
	0.300917 -0.376524,
	0.303185 -0.370476,
	0.315282 -0.362159,
	0.321331 -0.358379,
	0.345525 -0.337965,
	0.35611 -0.325867,
	0.380305 -0.30999,
	0.386353 -0.30621,
	0.391646 -0.300161,
	0.395426 -0.294112,
	0.397694 -0.288064,
	0.402231 -0.282015,
	0.413572 -0.270674,
	0.41962 -0.266894,
	0.431718 -0.262357,
	0.442303 -0.25026,
	0.466497 -0.226066,
	0.472546 -0.220017,
	0.47557 -0.216993,
	0.477082 -0.215481,
	0.489179 -0.212456,
	0.492203 -0.2117,
	0.516398 -0.197335,
	0.528495 -0.19053,
	0.534544 -0.18675,
	0.538324 -0.180701,
	0.543616 -0.168604,
	0.547397 -0.162556,
	0.558738 -0.155751,
	0.570835 -0.14441,
	0.580664 -0.132313,
	0.58142 -0.130801,
	0.579152 -0.124752,
	0.570835 -0.112655,
	0.564786 -0.100558,
	0.562518 -0.0763634,
	0.561762 -0.0703148,
	0.568567 -0.0461204,
	0.576128 -0.0340233,
	0.58142 -0.0279747,
	0.5852 -0.0219261,
	0.588225 -0.00982895,
	0.589737 -0.00378036,
	0.590493 -0.000756073,
	0.601834 0.010585,
	0.607883 0.0151215,
	0.611663 0.020414,
	0.615443 0.0325111,
	0.621492 0.0385597,
	0.627541 0.0408279,
	0.630565 0.041584,
	0.636613 0.0476326,
	0.642662 0.0597298,
	0.645686 0.0657783,
	0.646442 0.0778755,
	0.647198 0.0839241,
	0.649467 0.0899727,
	0.659296 0.10207,
	0.663076 0.108118,
	0.674417 0.117191,
	0.680466 0.121728,
	0.691051 0.133825,
	0.694075 0.136849,
	0.706172 0.14441,
	0.709196 0.150459,
	0.709952 0.162556,
	0.709196 0.174653,
	0.70844 0.180701,
	0.714489 0.192799,
	0.722806 0.204896,
	0.727342 0.216993,
	0.728098 0.220017,
	0.739439 0.230602,
	0.742464 0.233627,
	0.766658 0.233627,
	0.778755 0.233627,
	0.780267 0.233627,
	0.787828 0.245724,
	0.798413 0.257821,
	0.805218 0.269918,
	0.807486 0.275967,
	0.812022 0.300161,
	0.818071 0.324355,
	0.83168 0.34855,
	0.839997 0.360647,
	0.843777 0.366695,
	0.849826 0.36972,
	0.860411 0.381061,
	0.872508 0.384841,
	0.884605 0.392402,
	0.890654 0.396938,
	0.895946 0.402987,
	0.895946 0.409035,
	0.89141 0.421133,
	0.889898 0.424157,
	0.888386 0.436254,
	0.885361 0.448351,
	0.880069 0.460448,
	0.873264 0.472546,
	0.87024 0.478594,
	0.868728 0.480862,
	0.871752 0.486911,
	0.876289 0.49296,
	0.87024 0.495228,
	0.867216 0.49674,
	0.864191 0.495984,
	0.852094 0.488423,
	0.846046 0.483887,
	0.839997 0.477838,
	0.837729 0.465741,
	0.833192 0.459692,
	0.829412 0.435498,
	0.824119 0.423401,
	0.817315 0.399207,
	0.808998 0.375012,
	0.804462 0.362915,
	0.802193 0.356866,
	0.800681 0.353842,
	0.790096 0.341745,
	0.787828 0.338721,
	0.786316 0.332672,
	0.774219 0.322843,
	0.771194 0.319819,
	0.763634 0.307722,
	0.751536 0.298649,
	0.745488 0.294112,
	0.742464 0.291088,
	0.740951 0.288064,
	0.734903 0.283527,
	0.731123 0.277479,
	0.728854 0.27143,
	0.725074 0.265382,
	0.715245 0.253284,
	0.706928 0.241187,
	0.70466 0.238919,
	0.701636 0.238163,
	0.689539 0.226822,
	0.68349 0.221529,
	0.659296 0.216237,
	0.647198 0.215481,
	0.644174 0.214725,
	0.642662 0.214725,
	0.631321 0.202628,
	0.626028 0.19053,
	0.625272 0.187506,
	0.626028 0.181458,
	0.626784 0.178433,
	0.624516 0.172385,
	0.620736 0.166336,
	0.615443 0.162556,
	0.603346 0.1618,
	0.600322 0.1618,
	0.588225 0.154995,
	0.576128 0.149702,
	0.56403 0.145922,
	0.551933 0.136093,
	0.539836 0.134581,
	0.533787 0.133069,
	0.509593 0.133069,
	0.506569 0.133069,
	0.494472 0.125508,
	0.491447 0.113411,
	0.480106 0.101314,
	0.477838 0.0892166,
	0.477082 0.0861923,
	0.465741 0.0740951,
	0.459692 0.0688026,
	0.447595 0.0635101,
	0.43701 0.051413,
	0.429449 0.0393158,
	0.423401 0.0340233,
	0.411304 0.0294868,
	0.399207 0.0272186,
	0.397694 0.0272186,
	0.385597 0.0151215,
	0.368208 -0.00907288,
	0.364427 -0.0151215,
	0.35233 -0.0249504,
	0.340233 -0.0317551,
	0.334184 -0.0340233,
	0.32738 -0.0453644,
	0.324355 -0.051413,
	0.322087 -0.0635101,
	0.313014 -0.0877045,
	0.301673 -0.111899,
	0.296381 -0.123996,
	0.295625 -0.130045,
	0.290332 -0.142142,
	0.275967 -0.166336,
	0.265382 -0.178433,
	0.261601 -0.184482,
	0.259333 -0.187506,
	0.260845 -0.199603,
	0.254041 -0.2117,
	0.25026 -0.217749,
	0.238163 -0.228334,
	0.230602 -0.240431,
	0.224554 -0.24648,
	0.221529 -0.249504,
	0.215481 -0.261601,
	0.214725 -0.26765,
	0.213969 -0.270674,
	0.220017 -0.282771,
	0.219261 -0.294868,
	0.218505 -0.297893,
	0.218505 -0.299405,
	0.206408 -0.310746,
	0.200359 -0.316038,
	0.198091 -0.319063,
	0.182214 -0.367451,
	0.180701 -0.3735,
	0.179945 -0.376524,
	0.174653 -0.382573,
	0.171629 -0.385597,
	0.168604 -0.391646,
	0.167092 -0.39467,
	0.167092 -0.400719,
	0.164068 -0.412816,
	0.162556 -0.418864,
	0.159531 -0.424913,
	0.158019 -0.427937,
	0.151971 -0.431718,
	0.139873 -0.443059,
	0.138361 -0.449107,
	0.138361 -0.461204,
	0.131557 -0.473302,
	0.127776 -0.47935,
	0.125508 -0.482375,
	0.123996 -0.483887,
	0.123996 -0.484643,
	"/>
</Transform>

<Transform dim="0"
 xcoef=" 0 1 0 0 0 0"
 ycoef=" 0 0 1 0 0 0">
<Contour name="ER(a2)1" hidden="false" closed="true" simplified="true" border="0 0.882 0.882" fill="0.502 1 1" mode="9"
 points="0.277666 -0.292693,
	0.288119 -0.296613,
	0.293346 -0.295306,
	0.297266 -0.290733,
	0.303146 -0.280279,
	0.307719 -0.275053,
	0.310333 -0.272439,
	0.314253 -0.261986,
	0.312946 -0.260026,
	0.314906 -0.249573,
	0.315559 -0.244346,
	0.316213 -0.241733,
	0.332546 -0.220826,
	0.342999 -0.213639,
	0.353452 -0.209719,
	0.356066 -0.207759,
	0.362599 -0.197306,
	0.365866 -0.186853,
	0.367826 -0.1764,
	0.388079 -0.134586,
	0.396572 -0.11368,
	0.403759 -0.0927731,
	0.414866 -0.0718665,
	0.418786 -0.0666398,
	0.429239 -0.0561865,
	0.439692 -0.0489999,
	0.444919 -0.0463865,
	0.455372 -0.0385466,
	0.457985 -0.0365866,
	0.459945 -0.0313599,
	0.460599 -0.0261333,
	0.459292 -0.0235199,
	0.454066 -0.0209066,
	0.443612 -0.0215599,
	0.433159 -0.0267866,
	0.427932 -0.0300533,
	0.410292 -0.0509599,
	0.403106 -0.0614132,
	0.397226 -0.0718665,
	0.393959 -0.0770931,
	0.383506 -0.0868931,
	0.374359 -0.1078,
	0.371746 -0.113026,
	0.363252 -0.12348,
	0.358679 -0.128706,
	0.356719 -0.13132,
	0.355412 -0.136546,
	0.355412 -0.141773,
	0.353452 -0.147,
	0.346266 -0.157453,
	0.335812 -0.165946,
	0.330586 -0.17052,
	0.318173 -0.191426,
	0.313599 -0.201879,
	0.311639 -0.222786,
	0.310986 -0.233239,
	0.307719 -0.243693,
	0.299879 -0.254146,
	0.290079 -0.264599,
	0.284199 -0.275053,
	0.280279 -0.285506,
	0.278319 -0.290733,
	0.277666 -0.292039,
	"/>
</Transform>

<Transform dim="0"
 xcoef=" 0 1 0 0 0 0"
 ycoef=" 0 0 1 0 0 0">
<Contour name="Ea2(v1)" hidden="false" closed="true" simplified="true" border="0.611765 0.27451 0.643137" fill="0.458824 0.729412 1" mode="9"
 points="0.491716 -0.14541,
	0.492424 -0.150776,
	0.494484 -0.155665,
	0.497714 -0.159644,
	0.501826 -0.162357,
	0.506456 -0.163564,
	0.511191 -0.163159,
	0.515611 -0.161176,
	0.519323 -0.157793,
	0.521998 -0.153309,
	0.523398 -0.148123,
	0.523398 -0.142697,
	0.521998 -0.137511,
	0.519323 -0.133027,
	0.515611 -0.129644,
	0.511191 -0.127661,
	0.506456 -0.127255,
	0.501826 -0.128463,
	0.497714 -0.131176,
	0.494484 -0.135154,
	"/>
</Transform>

</Section>