<?xml version="1.0"?>
<!DOCTYPE Section SYSTEM "section.dtd">

<Section index="99" thickness="0.05" alignLocked="true">
<Transform dim="0"
 xcoef=" 0 1 0 0 0 0"
 ycoef=" 0 0 1 0 0 0">
<Contour name="d000(apical)" hidden="false" closed="true" simplified="true" border="0.501961 0 1" fill="1 1 0.72549" mode="9"
 points="2.74008 4.61991,
	2.74744 4.6003,
	2.75969 4.5807,
	2.76459 4.57824,
	2.76459 4.57334,
	2.7793 4.55619,
	2.7891 4.54638,
	2.80626 4.53413,
	2.96311 4.48756,
	3.00233 4.48266,
	3.08076 4.48266,
	3.11997 4.48511,
	3.15918 4.49491,
	3.1984 4.51697,
	3.21801 4.52433,
	3.23516 4.53903,
	3.24251 4.54883,
	3.25722 4.58805,
	3.26457 4.59785,
	3.26702 4.60766,
	3.27193 4.61256,
	3.27438 4.65177,
	3.27193 4.7302,
	3.26702 4.74981,
	3.26457 4.78902,
	3.26212 4.80863,
	3.25477 4.82823,
	3.24497 4.90666,
	3.23761 4.94588,
	3.23026 4.96548,
	3.22536 5.0047,
	3.2082 5.04391,
	3.18369 5.08313,
	3.17144 5.10273,
	3.15428 5.11499,
	3.13468 5.11744,
	3.12487 5.11744,
	3.10527 5.10763,
	3.09056 5.09293,
	3.0636 5.05372,
	3.04154 5.01695,
	3.04154 5.01205,
	3.00968 4.97774,
	2.99252 4.96303,
	2.97782 4.94343,
	2.97292 4.93607,
	2.95331 4.91647,
	2.94106 4.89686,
	2.93125 4.85764,
	2.9288 4.83804,
	2.92635 4.82823,
	2.91165 4.80863,
	2.90184 4.79882,
	2.89694 4.78902,
	2.87978 4.77431,
	2.86753 4.75961,
	2.82832 4.73265,
	2.81851 4.72285,
	2.81361 4.72285,
	2.80626 4.71304,
	2.7891 4.70079,
	2.75969 4.66648,
	2.74744 4.64687,
	2.74008 4.62726,
	2.74008 4.62236,
	"/>
</Transform>

<Transform dim="0"
 xcoef=" 0 1 0 0 0 0"
 ycoef=" 0 0 1 0 0 0">
<Contour name="d000(apical)" hidden="false" closed="true" simplified="true" border="0.501961 0 1" fill="1 1 0.72549" mode="9"
 points="5.59781 5.63457,
	5.61007 5.61742,
	5.64683 5.58556,
	5.66153 5.5733,
	5.66889 5.5684,
	5.68359 5.54879,
	5.6983 5.53409,
	5.7032 5.52428,
	5.7032 5.51938,
	5.7081 5.51448,
	5.713 5.47527,
	5.72281 5.43605,
	5.72281 5.42625,
	5.73506 5.40664,
	5.75467 5.40664,
	5.76447 5.40909,
	5.78163 5.4238,
	5.78653 5.4287,
	5.78898 5.4385,
	5.79388 5.44341,
	5.80614 5.52183,
	5.80859 5.54144,
	5.81594 5.55124,
	5.81594 5.56105,
	5.82084 5.57085,
	5.82084 5.58065,
	5.82574 5.59046,
	5.82819 5.66889,
	5.87721 5.74486,
	5.90907 5.78163,
	5.92623 5.79633,
	5.93113 5.80614,
	5.93358 5.82574,
	5.95319 5.86496,
	5.98015 5.90172,
	5.98505 5.91152,
	5.98505 5.91643,
	5.98995 5.92133,
	5.98995 5.94093,
	6.00221 5.98015,
	6.00466 5.98995,
	6.01691 6.00956,
	6.02181 6.01936,
	6.03652 6.09779,
	6.04632 6.1174,
	6.04877 6.15661,
	6.03897 6.15906,
	6.02426 6.14681,
	6.00711 6.12965,
	5.9728 6.10759,
	5.93358 6.08554,
	5.91397 6.07328,
	5.89927 6.05367,
	5.89192 6.04387,
	5.88701 6.03897,
	5.88701 6.03407,
	5.88211 6.03162,
	5.86496 5.99485,
	5.81839 5.91888,
	5.78898 5.88701,
	5.77672 5.86741,
	5.77672 5.86251,
	5.74731 5.82574,
	5.71055 5.79388,
	5.6934 5.78163,
	5.68359 5.77672,
	5.66889 5.75957,
	5.64683 5.72526,
	5.63457 5.71055,
	5.61742 5.69585,
	5.60761 5.68849,
	5.60271 5.68359,
	5.59781 5.66398,
	5.59781 5.64438,
	5.59781 5.63702,
	"/>
</Transform>

<Transform dim="0"
 xcoef=" 0 1 0 0 0 0"
 ycoef=" 0 0 1 0 0 0">
<Contour name="d000(apical)" hidden="false" closed="true" simplified="true" border="0.501961 0 1" fill="1 1 0.72549" mode="9"
 points="3.5043 4.04201,
	3.51809 4.02362,
	3.53647 4.01213,
	3.55485 4.00984,
	3.57324 4.01213,
	3.59162 4.01903,
	3.62609 4.0489,
	3.63528 4.05579,
	3.65366 4.06039,
	3.66285 4.06269,
	3.66745 4.06269,
	3.67205 4.06728,
	3.69043 4.07418,
	3.69962 4.07877,
	3.718 4.08107,
	3.72719 4.08107,
	3.74558 4.09026,
	3.75017 4.09026,
	3.78694 4.11784,
	3.79613 4.12703,
	3.80073 4.14541,
	3.80073 4.18218,
	3.79843 4.20056,
	3.78234 4.21665,
	3.76396 4.22584,
	3.72719 4.22354,
	3.70881 4.22124,
	3.69962 4.22124,
	3.69043 4.21665,
	3.67205 4.21435,
	3.66285 4.21205,
	3.65826 4.21205,
	3.65366 4.20746,
	3.6169 4.19367,
	3.59851 4.18677,
	3.59392 4.18677,
	3.57553 4.17299,
	3.56634 4.16609,
	3.56175 4.1615,
	3.55715 4.1615,
	3.54106 4.14311,
	3.53187 4.12473,
	3.5066 4.08797,
	3.5043 4.0512,
	3.5043 4.04431,
	"/>
</Transform>

<Transform dim="0"
 xcoef=" 0 1 0 0 0 0"
 ycoef=" 0 0 1 0 0 0">
<Contour name="d000(apical)" hidden="false" closed="true" simplified="true" border="0.501961 0 1" fill="1 1 0.72549" mode="9"
 points="5.30231 3.31562,
	5.30678 3.27982,
	5.31573 3.26193,
	5.33139 3.24626,
	5.34929 3.23508,
	5.356 3.22613,
	5.3918 3.21494,
	5.4097 3.21047,
	5.41864 3.21047,
	5.43654 3.20152,
	5.4522 3.18586,
	5.46115 3.17691,
	5.46563 3.17244,
	5.48353 3.1702,
	5.49247 3.1702,
	5.49695 3.1702,
	5.51261 3.18362,
	5.54169 3.25521,
	5.56407 3.32681,
	5.57749 3.3626,
	5.5842 3.37155,
	5.59539 3.40735,
	5.6021 3.42525,
	5.59986 3.46104,
	5.59539 3.47894,
	5.58644 3.49684,
	5.56854 3.5125,
	5.49695 3.51474,
	5.488 3.51474,
	5.48353 3.51474,
	5.47905 3.51026,
	5.46115 3.50579,
	5.44325 3.49684,
	5.44102 3.49236,
	5.43207 3.49013,
	5.42536 3.48341,
	5.42088 3.48341,
	5.40522 3.46552,
	5.38956 3.45209,
	5.37837 3.43643,
	5.36271 3.42077,
	5.356 3.4163,
	5.34258 3.40064,
	5.33363 3.39392,
	5.32244 3.3805,
	5.31126 3.3626,
	5.30454 3.35589,
	5.30231 3.32009,
	5.30231 3.31786,
	"/>
</Transform>

<Transform dim="0"
 xcoef=" 0 1 0 0 0 0"
 ycoef=" 0 0 1 0 0 0">
<Contour name="d000(apical)" hidden="false" closed="true" simplified="true" border="0.501961 0 1" fill="1 1 0.72549" mode="9"
 points="5.53498 5.48353,
	5.54169 5.46563,
	5.54617 5.45668,
	5.55512 5.44773,
	5.55959 5.44325,
	5.59539 5.44549,
	5.61329 5.4522,
	5.64908 5.47458,
	5.66474 5.48576,
	5.67369 5.49247,
	5.67817 5.52827,
	5.67593 5.53722,
	5.64237 5.56183,
	5.62671 5.57302,
	5.61105 5.58868,
	5.59315 5.59986,
	5.57525 5.59763,
	5.5663 5.59091,
	5.55735 5.57302,
	5.55735 5.56407,
	5.55064 5.54617,
	5.53946 5.52827,
	5.53498 5.51932,
	5.53498 5.48576,
	"/>
</Transform>

<Transform dim="0"
 xcoef=" 0 1 0 0 0 0"
 ycoef=" 0 0 1 0 0 0">
<Contour name="d000(apical)" hidden="false" closed="true" simplified="true" border="0.501961 0 1" fill="1 1 0.72549" mode="9"
 points="4.8034 3.21942,
	4.80787 3.21494,
	4.81235 3.17915,
	4.81682 3.1702,
	4.81906 3.1523,
	4.81906 3.14783,
	4.83025 3.12993,
	4.8638 3.10084,
	4.8996 3.07847,
	4.97119 3.0561,
	4.98014 3.05386,
	4.98909 3.04715,
	5.00699 3.04044,
	5.02489 3.02925,
	5.06068 3.01359,
	5.09648 3.01583,
	5.11438 3.01806,
	5.12333 3.0203,
	5.15689 3.0561,
	5.17031 3.07176,
	5.19268 3.14335,
	5.2061 3.17915,
	5.21058 3.1881,
	5.21058 3.19257,
	5.21729 3.20152,
	5.21729 3.20599,
	5.224 3.21494,
	5.22624 3.22389,
	5.23295 3.2306,
	5.24414 3.26416,
	5.24638 3.33576,
	5.23966 3.37155,
	5.21729 3.40735,
	5.21058 3.41406,
	5.19268 3.41853,
	5.18821 3.42301,
	5.11661 3.43867,
	5.09872 3.44314,
	5.06292 3.44091,
	5.04502 3.43196,
	4.9779 3.38497,
	4.96448 3.37155,
	4.95553 3.3626,
	4.94211 3.35142,
	4.92421 3.34918,
	4.91526 3.34918,
	4.90631 3.3447,
	4.89065 3.32681,
	4.87723 3.31338,
	4.86828 3.30667,
	4.85933 3.30443,
	4.84143 3.28877,
	4.81682 3.25521,
	4.80564 3.23732,
	4.8034 3.22165,
	"/>
</Transform>

<Transform dim="0"
 xcoef=" 0 1 0 0 0 0"
 ycoef=" 0 0 1 0 0 0">
<Contour name="d000(apical)" hidden="false" closed="true" simplified="true" border="0.501961 0 1" fill="1 1 0.72549" mode="9"
 points="6.01301 4.6495,
	6.01513 4.64103,
	6.02783 4.62833,
	6.04477 4.61774,
	6.05324 4.61774,
	6.06171 4.62197,
	6.07018 4.63044,
	6.08923 4.66009,
	6.09982 4.67702,
	6.10406 4.68549,
	6.10829 4.68973,
	6.10829 4.69396,
	6.1337 4.72572,
	6.13793 4.72784,
	6.13793 4.73207,
	6.14217 4.73631,
	6.14005 4.77018,
	6.13581 4.77442,
	6.11888 4.7723,
	6.10194 4.76595,
	6.09347 4.76171,
	6.08923 4.76171,
	6.085 4.75748,
	6.06806 4.75113,
	6.05324 4.73842,
	6.04689 4.73207,
	6.03207 4.72572,
	6.02783 4.72572,
	6.02148 4.71725,
	6.01725 4.71513,
	6.01725 4.7109,
	6.01301 4.70666,
	6.01301 4.67279,
	6.01301 4.65585,
	6.01301 4.65162,
	"/>
</Transform>

<Transform dim="0"
 xcoef=" 0 1 0 0 0 0"
 ycoef=" 0 0 1 0 0 0">
<Contour name="d000(apical)" hidden="false" closed="true" simplified="true" border="0.501961 0 1" fill="1 1 0.72549" mode="9"
 points="5.74016 4.1569,
	5.75854 4.15231,
	5.9056 4.14771,
	5.97914 4.12703,
	6.1262 4.12473,
	6.16297 4.12243,
	6.19974 4.11324,
	6.21812 4.10635,
	6.22271 4.10635,
	6.22731 4.10175,
	6.24569 4.09716,
	6.28016 4.07877,
	6.29855 4.07188,
	6.33531 4.06958,
	6.3537 4.06958,
	6.39046 4.08107,
	6.42033 4.11554,
	6.42493 4.12014,
	6.43412 4.1569,
	6.42723 4.23044,
	6.42723 4.24882,
	6.42033 4.2672,
	6.42033 4.34073,
	6.41574 4.35912,
	6.41574 4.36831,
	6.40195 4.38439,
	6.39276 4.39129,
	6.37438 4.39588,
	6.30084 4.39359,
	6.28246 4.39129,
	6.27327 4.39129,
	6.26867 4.39129,
	6.26408 4.38669,
	6.24569 4.38439,
	6.2365 4.3821,
	6.23191 4.3775,
	6.21352 4.3729,
	6.19514 4.36142,
	6.18595 4.35222,
	6.18135 4.34993,
	6.18135 4.34533,
	6.15148 4.31316,
	6.11701 4.29018,
	6.10093 4.2741,
	6.09403 4.2649,
	6.05727 4.25341,
	6.04807 4.25112,
	6.01361 4.23044,
	5.99522 4.22354,
	5.95846 4.22124,
	5.94007 4.22124,
	5.93088 4.21895,
	5.92629 4.21895,
	5.92399 4.21435,
	5.9148 4.21205,
	5.9056 4.20516,
	5.86884 4.19597,
	5.83207 4.19597,
	5.81369 4.20286,
	5.77692 4.20516,
	5.76084 4.19597,
	5.74475 4.18218,
	5.74016 4.17299,
	5.74016 4.1638,
	5.74016 4.1592,
	"/>
</Transform>

<Transform dim="0"
 xcoef=" 0 1 0 0 0 0"
 ycoef=" 0 0 1 0 0 0">
<Contour name="d000(apical)" hidden="false" closed="true" simplified="true" border="0.501961 0 1" fill="1 1 0.72549" mode="9"
 points="3.73188 5.24836,
	3.74506 5.23078,
	3.76265 5.21979,
	3.77144 5.21759,
	3.77583 5.2154,
	3.811 5.22639,
	3.81979 5.23078,
	3.85495 5.23518,
	3.87254 5.23737,
	3.9077 5.23518,
	3.97803 5.22199,
	4.011 5.20221,
	4.03298 5.16704,
	4.03517 5.09671,
	4.02858 5.06155,
	4.02638 5.04397,
	4.0132 5.0088,
	4.0044 4.99122,
	3.97364 4.85056,
	3.96265 4.78023,
	3.95825 4.74507,
	3.96704 4.67474,
	3.97144 4.63957,
	3.97144 4.63078,
	4.00001 4.56045,
	4.03517 4.49012,
	4.03957 4.45496,
	4.04397 4.3143,
	4.04177 4.24397,
	4.04397 4.22638,
	4.05935 4.19122,
	4.06594 4.17364,
	4.07693 4.15605,
	4.14726 4.11649,
	4.18243 4.09671,
	4.25276 4.06375,
	4.28792 4.05715,
	4.3055 4.05495,
	4.3143 4.05276,
	4.38463 4.06814,
	4.41979 4.07473,
	4.42858 4.07693,
	4.43737 4.07473,
	4.5077 4.01759,
	4.54287 3.98682,
	4.55166 3.97803,
	4.62199 3.93847,
	4.63957 3.93847,
	4.64836 3.94067,
	4.66375 3.95825,
	4.67254 3.96704,
	4.69012 4.00221,
	4.7143 4.03737,
	4.74507 4.07254,
	4.77803 4.10331,
	4.79562 4.11869,
	4.86595 4.14506,
	4.93628 4.15166,
	4.97144 4.14726,
	5.0066 4.13847,
	5.07693 4.15166,
	5.14726 4.14726,
	5.16485 4.14506,
	5.20001 4.13188,
	5.21759 4.12748,
	5.25276 4.1121,
	5.27034 4.10331,
	5.28792 4.09891,
	5.32309 4.09671,
	5.35825 4.1121,
	5.39122 4.13188,
	5.44617 4.20221,
	5.47034 4.23737,
	5.49012 4.27254,
	5.50111 4.34287,
	5.49891 4.35166,
	5.48133 4.36265,
	5.46375 4.36924,
	5.42858 4.36485,
	5.39342 4.35386,
	5.38463 4.35166,
	5.34946 4.36265,
	5.34067 4.36485,
	5.32309 4.40001,
	5.3165 4.41759,
	5.3121 4.45276,
	5.3099 4.46155,
	5.32748 4.49671,
	5.33628 4.5143,
	5.39562 4.58463,
	5.4088 4.60221,
	5.41979 4.67254,
	5.43518 4.74287,
	5.45935 4.8132,
	5.46814 4.84836,
	5.47034 4.88353,
	5.47254 4.90111,
	5.47254 4.9099,
	5.50551 4.98023,
	5.52749 5.05056,
	5.53188 5.08573,
	5.53408 5.15606,
	5.52968 5.17364,
	5.52089 5.19122,
	5.52529 5.26155,
	5.52529 5.26595,
	5.46375 5.33628,
	5.44836 5.35386,
	5.4132 5.36924,
	5.39562 5.37803,
	5.36045 5.40221,
	5.27913 5.54067,
	5.25935 5.57584,
	5.22419 5.6088,
	5.20661 5.62639,
	5.19781 5.63518,
	5.15386 5.70551,
	5.14287 5.74067,
	5.12968 5.811,
	5.12529 5.84617,
	5.12309 5.86375,
	5.12309 5.86815,
	5.09452 5.90331,
	5.07913 5.92089,
	5.04397 5.92529,
	5.02639 5.92749,
	4.99122 5.9121,
	4.95606 5.90111,
	4.88573 5.88793,
	4.85056 5.89672,
	4.8154 5.89012,
	4.79781 5.88573,
	4.72748 5.9099,
	4.65715 5.92968,
	4.63957 5.93408,
	4.60441 5.92968,
	4.58682 5.92749,
	4.55166 5.9099,
	4.54287 5.90551,
	4.5077 5.90111,
	4.47254 5.88573,
	4.45496 5.87694,
	4.38463 5.87694,
	4.3143 5.87254,
	4.27913 5.86595,
	4.24397 5.85496,
	4.21759 5.82199,
	4.18462 5.78683,
	4.14946 5.75825,
	4.14067 5.74067,
	4.13847 5.73188,
	4.14946 5.69672,
	4.15825 5.67913,
	4.16265 5.67034,
	4.12968 5.60001,
	4.1055 5.56485,
	4.08792 5.52968,
	4.07913 5.5121,
	4.011 5.45276,
	3.97583 5.43298,
	3.9055 5.4088,
	3.83517 5.37144,
	3.76484 5.32089,
	3.74506 5.28573,
	3.73188 5.25056,
	"/>
</Transform>

</Section>