<?xml version="1.0"?>
<!DOCTYPE Section SYSTEM "section.dtd">

<Section index="60" thickness="0.05" alignLocked="true">
<Transform dim="6"
 xcoef=" -0.537382661890608 0.926329548413158 0.266722722401736 0 0 0"
 ycoef=" 1.86130098134062 -0.360493703891581 0.913372398721231 0 0 0">
<Image mag="0.0022159" contrast="1" brightness="0"
 src="R34CA1-B_S12.159.jpg" />
<Contour name="domain1" hidden="false" closed="true" simplified="false" border="1 0 1" fill="1 0 1" mode="11"
 points="0 0,
	4096 0,
	4096 4096,
	0 4096,
	"/>
</Transform>

<Transform dim="0"
 xcoef=" 0 1 0 0 0 0"
 ycoef=" 0 0 1 0 0 0">
<Contour name="Ea2" hidden="false" closed="true" simplified="true" border="0.984 0.208 0.016" fill="1 1 0.69" mode="9"
 points="2.81776 3.52422,
	2.82884 3.51729,
	2.83161 3.5159,
	2.85378 3.52283,
	2.89813 3.52422,
	2.9203 3.52699,
	2.93138 3.52837,
	2.95355 3.5256,
	2.96464 3.52422,
	2.98681 3.5256,
	3.00898 3.53253,
	3.03115 3.5353,
	3.04224 3.53669,
	3.05332 3.54084,
	3.06441 3.54777,
	3.07411 3.55886,
	3.08104 3.58103,
	3.124 3.62537,
	3.14478 3.64754,
	3.15725 3.66971,
	3.16141 3.6808,
	3.17942 3.70297,
	3.20021 3.72514,
	3.21822 3.74731,
	3.22515 3.7584,
	3.26257 3.80274,
	3.28474 3.82491,
	3.32908 3.85401,
	3.33462 3.85678,
	3.35125 3.87895,
	3.35679 3.89004,
	3.37481 3.91221,
	3.41915 3.95655,
	3.42746 3.96764,
	3.47042 4.01198,
	3.48289 4.03415,
	3.48566 4.03969,
	3.48566 4.04247,
	3.48843 4.05494,
	3.48705 4.06464,
	3.46626 4.08265,
	3.45933 4.10482,
	3.45656 4.11037,
	3.44686 4.12007,
	3.44271 4.12284,
	3.44132 4.12561,
	3.43855 4.12561,
	3.43301 4.13115,
	3.41083 4.13669,
	3.38866 4.13808,
	3.34432 4.12976,
	3.32215 4.11591,
	3.31106 4.11037,
	3.28889 4.09374,
	3.27781 4.08681,
	3.23347 4.07018,
	3.21129 4.06048,
	3.18912 4.04801,
	3.14478 4.01198,
	3.12261 3.9912,
	3.10044 3.97318,
	3.01175 3.8845,
	2.97434 3.84015,
	2.94247 3.79581,
	2.93416 3.78473,
	2.92307 3.76256,
	2.91614 3.75147,
	2.91337 3.74593,
	2.8912 3.73346,
	2.87318 3.71128,
	2.85794 3.68911,
	2.85101 3.67803,
	2.83161 3.63369,
	2.82191 3.61151,
	2.81776 3.58934,
	2.81637 3.545,
	2.81637 3.53392,
	2.81637 3.52837,
	2.81637 3.5256,
	"/>
</Transform>

<Transform dim="0"
 xcoef=" 0 1 0 0 0 0"
 ycoef=" 0 0 1 0 0 0">
<Contour name="Ea2(mito4)" hidden="false" closed="true" simplified="true" border="0 0 1" fill="0 0 1" mode="9"
 points="2.94264 3.59303,
	2.96107 3.56128,
	2.99385 3.5623,
	3.02662 3.56742,
	3.04301 3.57459,
	3.0594 3.58483,
	3.07579 3.60122,
	3.10856 3.62785,
	3.13622 3.66063,
	3.15875 3.6934,
	3.16797 3.70979,
	3.17206 3.71798,
	3.19665 3.75076,
	3.22328 3.78353,
	3.24581 3.81631,
	3.27449 3.84909,
	3.32775 3.91464,
	3.33389 3.92283,
	3.33697 3.92693,
	3.34516 3.9597,
	3.34926 3.97609,
	3.35335 4.00887,
	3.35438 4.04164,
	3.35438 4.04984,
	3.33902 4.08261,
	3.33594 4.08569,
	3.30317 4.08056,
	3.28678 4.07544,
	3.27859 4.07339,
	3.24581 4.05598,
	3.23762 4.05189,
	3.23352 4.04984,
	3.20279 4.01706,
	3.17002 3.98429,
	3.13724 3.95356,
	3.11163 3.92078,
	3.04916 3.85523,
	2.97951 3.72413,
	2.97029 3.70774,
	2.94878 3.64219,
	2.94571 3.634,
	2.94264 3.60122,
	2.94264 3.59405,
	"/>
</Transform>

</Section>