<?xml version="1.0"?>
<!DOCTYPE Section SYSTEM "section.dtd">

<Section index="56" thickness="0.05" alignLocked="true">
<Transform dim="6"
 xcoef=" -0.491383463925775 0.897831987054306 0.285024830068163 0 0 0"
 ycoef=" 1.3189077758276 -0.38473962301696 0.911555514432153 0 0 0">
<Image mag="0.0022159" contrast="1" brightness="0"
 src="R34CA1-B_S12.155.jpg" />
<Contour name="domain1" hidden="false" closed="true" simplified="false" border="1 0 1" fill="1 0 1" mode="11"
 points="0 0,
	4096 0,
	4096 4096,
	0 4096,
	"/>
</Transform>

<Transform dim="0"
 xcoef=" 0 1 0 0 0 0"
 ycoef=" 0 0 1 0 0 0">
<Contour name="Ea2(mito4)" hidden="false" closed="true" simplified="true" border="0 0 1" fill="0 0 1" mode="9"
 points="2.79002 3.50392,
	2.79617 3.47114,
	2.79617 3.43837,
	2.79617 3.43427,
	2.80539 3.41788,
	2.80948 3.40969,
	2.81051 3.40559,
	2.8269 3.39228,
	2.83304 3.38511,
	2.83509 3.38101,
	2.85148 3.36565,
	2.85967 3.35848,
	2.87606 3.34823,
	2.89245 3.34106,
	2.90884 3.34209,
	2.92522 3.34516,
	2.92932 3.34516,
	2.99487 3.36872,
	3.00307 3.37282,
	3.00716 3.37486,
	3.02355 3.39125,
	3.03789 3.40764,
	3.04506 3.42403,
	3.05735 3.44042,
	3.06759 3.47319,
	3.07271 3.48958,
	3.07988 3.50597,
	3.09115 3.52235,
	3.0932 3.53874,
	3.0932 3.55513,
	3.09013 3.57152,
	3.0891 3.58791,
	3.0891 3.5961,
	3.09627 3.61249,
	3.10549 3.64526,
	3.11983 3.67804,
	3.13826 3.71081,
	3.14543 3.7272,
	3.14953 3.7354,
	3.15056 3.75178,
	3.14953 3.76817,
	3.13519 3.80095,
	3.10344 3.8286,
	3.09934 3.83167,
	3.06657 3.8327,
	3.05837 3.8327,
	3.04199 3.82655,
	3.03379 3.8245,
	3.0174 3.81529,
	3.00102 3.80402,
	2.98463 3.7907,
	2.97029 3.77432,
	2.93751 3.74359,
	2.92215 3.7272,
	2.90884 3.71081,
	2.8863 3.67804,
	2.87196 3.66165,
	2.8566 3.64731,
	2.83304 3.61454,
	2.81153 3.58176,
	2.80641 3.57357,
	2.79924 3.54079,
	2.7931 3.5244,
	2.79002 3.50801,
	2.79002 3.50494,
	"/>
</Transform>

<Transform dim="0"
 xcoef=" 0 1 0 0 0 0"
 ycoef=" 0 0 1 0 0 0">
<Contour name="Ea2(v1430)" hidden="false" closed="true" simplified="true" border="0.611765 0.27451 0.643137" fill="0.458824 0.729412 1" mode="9"
 points="3.29998 4.06879,
	3.30079 4.06323,
	3.30315 4.05821,
	3.30683 4.05422,
	3.31147 4.05166,
	3.31661 4.05078,
	3.32175 4.05166,
	3.32638 4.05422,
	3.33006 4.05821,
	3.33242 4.06323,
	3.33324 4.06879,
	3.33242 4.07436,
	3.33006 4.07938,
	3.32638 4.08337,
	3.32175 4.08593,
	3.31661 4.08681,
	3.31147 4.08593,
	3.30683 4.08337,
	3.30315 4.07938,
	"/>
<Contour name="Ea2(v1431)" hidden="false" closed="true" simplified="true" border="0.611765 0.27451 0.643137" fill="0.458824 0.729412 1" mode="9"
 points="3.25287 4.06325,
	3.25368 4.05854,
	3.25604 4.05429,
	3.25972 4.05092,
	3.26436 4.04875,
	3.26949 4.04801,
	3.27463 4.04875,
	3.27927 4.05092,
	3.28295 4.05429,
	3.28531 4.05854,
	3.28612 4.06325,
	3.28531 4.06796,
	3.28295 4.07221,
	3.27927 4.07558,
	3.27463 4.07775,
	3.26949 4.07849,
	3.26436 4.07775,
	3.25972 4.07558,
	3.25604 4.07221,
	"/>
<Contour name="Ea2(v1432)" hidden="false" closed="true" simplified="true" border="0.611765 0.27451 0.643137" fill="0.458824 0.729412 1" mode="9"
 points="3.40806 3.99812,
	3.40915 3.99042,
	3.4123 3.98346,
	3.4172 3.97794,
	3.42338 3.9744,
	3.43023 3.97318,
	3.43709 3.9744,
	3.44327 3.97794,
	3.44817 3.98346,
	3.45132 3.99042,
	3.45241 3.99812,
	3.45132 4.00583,
	3.44817 4.01278,
	3.44327 4.0183,
	3.43709 4.02185,
	3.43023 4.02307,
	3.42338 4.02185,
	3.4172 4.0183,
	3.4123 4.01278,
	"/>
<Contour name="Ea2(v1433)" hidden="false" closed="true" simplified="true" border="0.611765 0.27451 0.643137" fill="0.458824 0.729412 1" mode="9"
 points="3.39698 3.93992,
	3.39786 3.93393,
	3.40042 3.92852,
	3.4044 3.92423,
	3.40942 3.92147,
	3.41499 3.92052,
	3.42056 3.92147,
	3.42558 3.92423,
	3.42957 3.92852,
	3.43212 3.93393,
	3.43301 3.93992,
	3.43212 3.94592,
	3.42957 3.95133,
	3.42558 3.95562,
	3.42056 3.95837,
	3.41499 3.95932,
	3.40942 3.95837,
	3.4044 3.95562,
	3.40042 3.95133,
	"/>
<Contour name="Ea2(v1434)" hidden="false" closed="true" simplified="true" border="0.611765 0.27451 0.643137" fill="0.458824 0.729412 1" mode="9"
 points="3.1531 3.97318,
	3.15404 3.96633,
	3.1568 3.96015,
	3.16109 3.95524,
	3.1665 3.9521,
	3.17249 3.95101,
	3.17849 3.9521,
	3.1839 3.95524,
	3.18819 3.96015,
	3.19095 3.96633,
	3.19189 3.97318,
	3.19095 3.98003,
	3.18819 3.98621,
	3.1839 3.99112,
	3.17849 3.99427,
	3.17249 3.99535,
	3.1665 3.99427,
	3.16109 3.99112,
	3.1568 3.98621,
	"/>
<Contour name="Ea2(v1435)" hidden="false" closed="true" simplified="true" border="0.611765 0.27451 0.643137" fill="0.458824 0.729412 1" mode="9"
 points="3.33324 3.83461,
	3.33405 3.82862,
	3.33641 3.82321,
	3.34009 3.81892,
	3.34473 3.81616,
	3.34986 3.81521,
	3.355 3.81616,
	3.35964 3.81892,
	3.36332 3.82321,
	3.36568 3.82862,
	3.36649 3.83461,
	3.36568 3.84061,
	3.36332 3.84601,
	3.35964 3.85031,
	3.355 3.85306,
	3.34986 3.85401,
	3.34473 3.85306,
	3.34009 3.85031,
	3.33641 3.84601,
	"/>
<Contour name="Ea2(v1436)" hidden="false" closed="true" simplified="true" border="0.611765 0.27451 0.643137" fill="0.458824 0.729412 1" mode="9"
 points="3.28612 3.78196,
	3.28714 3.7751,
	3.29009 3.76892,
	3.29469 3.76402,
	3.30048 3.76087,
	3.30691 3.75978,
	3.31333 3.76087,
	3.31912 3.76402,
	3.32372 3.76892,
	3.32668 3.7751,
	3.32769 3.78196,
	3.32668 3.78881,
	3.32372 3.79499,
	3.31912 3.79989,
	3.31333 3.80304,
	3.30691 3.80413,
	3.30048 3.80304,
	3.29469 3.79989,
	3.29009 3.79499,
	"/>
<Contour name="Ea2(v1437)" hidden="false" closed="true" simplified="true" border="0.611765 0.27451 0.643137" fill="0.458824 0.729412 1" mode="9"
 points="3.26949 3.69604,
	3.27031 3.69005,
	3.27267 3.68464,
	3.27635 3.68035,
	3.28098 3.67759,
	3.28612 3.67664,
	3.29126 3.67759,
	3.2959 3.68035,
	3.29957 3.68464,
	3.30194 3.69005,
	3.30275 3.69604,
	3.30194 3.70204,
	3.29957 3.70744,
	3.2959 3.71174,
	3.29126 3.71449,
	3.28612 3.71544,
	3.28098 3.71449,
	3.27635 3.71174,
	3.27267 3.70744,
	"/>
<Contour name="Ea2(v1438)" hidden="false" closed="true" simplified="true" border="0.611765 0.27451 0.643137" fill="0.458824 0.729412 1" mode="9"
 points="3.23069 3.642,
	3.23171 3.63558,
	3.23466 3.62978,
	3.23926 3.62518,
	3.24506 3.62223,
	3.25148 3.62121,
	3.2579 3.62223,
	3.2637 3.62518,
	3.2683 3.62978,
	3.27125 3.63558,
	3.27226 3.642,
	3.27125 3.64842,
	3.2683 3.65422,
	3.2637 3.65882,
	3.2579 3.66177,
	3.25148 3.66279,
	3.24506 3.66177,
	3.23926 3.65882,
	3.23466 3.65422,
	"/>
<Contour name="Ea2(v1439)" hidden="false" closed="true" simplified="true" border="0.611765 0.27451 0.643137" fill="0.458824 0.729412 1" mode="9"
 points="3.1143 3.58657,
	3.11538 3.58015,
	3.11853 3.57435,
	3.12343 3.56976,
	3.12962 3.5668,
	3.13647 3.56579,
	3.14332 3.5668,
	3.1495 3.56976,
	3.1544 3.57435,
	3.15755 3.58015,
	3.15864 3.58657,
	3.15755 3.593,
	3.1544 3.59879,
	3.1495 3.60339,
	3.14332 3.60634,
	3.13647 3.60736,
	3.12962 3.60634,
	3.12343 3.60339,
	3.11853 3.59879,
	"/>
<Contour name="Ea2(v1442)" hidden="false" closed="true" simplified="true" border="0.611765 0.27451 0.643137" fill="0.458824 0.729412 1" mode="9"
 points="3.16972 3.58242,
	3.17088 3.57556,
	3.17422 3.56938,
	3.17943 3.56448,
	3.186 3.56133,
	3.19328 3.56024,
	3.20056 3.56133,
	3.20713 3.56448,
	3.21234 3.56938,
	3.21568 3.57556,
	3.21684 3.58242,
	3.21568 3.58927,
	3.21234 3.59545,
	3.20713 3.60035,
	3.20056 3.6035,
	3.19328 3.60459,
	3.186 3.6035,
	3.17943 3.60035,
	3.17422 3.59545,
	"/>
<Contour name="Ea2(v1443)" hidden="false" closed="true" simplified="true" border="0.611765 0.27451 0.643137" fill="0.458824 0.729412 1" mode="9"
 points="3.13092 3.48264,
	3.13174 3.47751,
	3.1341 3.47287,
	3.13778 3.46919,
	3.14241 3.46683,
	3.14755 3.46602,
	3.15269 3.46683,
	3.15733 3.46919,
	3.161 3.47287,
	3.16337 3.47751,
	3.16418 3.48264,
	3.16337 3.48778,
	3.161 3.49242,
	3.15733 3.4961,
	3.15269 3.49846,
	3.14755 3.49927,
	3.14241 3.49846,
	3.13778 3.4961,
	3.1341 3.49242,
	"/>
<Contour name="Ea2(v1444)" hidden="false" closed="true" simplified="true" border="0.611765 0.27451 0.643137" fill="0.458824 0.729412 1" mode="9"
 points="3.12815 3.43692,
	3.1291 3.43135,
	3.13186 3.42633,
	3.13615 3.42234,
	3.14156 3.41978,
	3.14755 3.4189,
	3.15355 3.41978,
	3.15896 3.42234,
	3.16325 3.42633,
	3.166 3.43135,
	3.16695 3.43692,
	3.166 3.44248,
	3.16325 3.44751,
	3.15896 3.45149,
	3.15355 3.45405,
	3.14755 3.45493,
	3.14156 3.45405,
	3.13615 3.45149,
	3.13186 3.44751,
	"/>
<Contour name="Ea2(v1445)" hidden="false" closed="true" simplified="true" border="0.611765 0.27451 0.643137" fill="0.458824 0.729412 1" mode="9"
 points="3.04224 3.38426,
	3.04319 3.37784,
	3.04594 3.37204,
	3.05024 3.36744,
	3.05564 3.36449,
	3.06164 3.36348,
	3.06763 3.36449,
	3.07304 3.36744,
	3.07733 3.37204,
	3.08009 3.37784,
	3.08104 3.38426,
	3.08009 3.39068,
	3.07733 3.39648,
	3.07304 3.40108,
	3.06763 3.40403,
	3.06164 3.40505,
	3.05564 3.40403,
	3.05024 3.40108,
	3.04594 3.39648,
	"/>
<Contour name="Ea2(v1446)" hidden="false" closed="true" simplified="true" border="0.611765 0.27451 0.643137" fill="0.458824 0.729412 1" mode="9"
 points="2.98681 3.33853,
	2.98769 3.33254,
	2.99025 3.32713,
	2.99424 3.32284,
	2.99926 3.32008,
	3.00483 3.31913,
	3.01039 3.32008,
	3.01541 3.32284,
	3.0194 3.32713,
	3.02196 3.33254,
	3.02284 3.33853,
	3.02196 3.34453,
	3.0194 3.34994,
	3.01541 3.35423,
	3.01039 3.35698,
	3.00483 3.35793,
	2.99926 3.35698,
	2.99424 3.35423,
	2.99025 3.34994,
	"/>
<Contour name="Ea2(v1447)" hidden="false" closed="true" simplified="true" border="0.611765 0.27451 0.643137" fill="0.458824 0.729412 1" mode="9"
 points="2.9397 3.2928,
	2.94058 3.28638,
	2.94314 3.28059,
	2.94712 3.27599,
	2.95215 3.27304,
	2.95771 3.27202,
	2.96328 3.27304,
	2.9683 3.27599,
	2.97229 3.28059,
	2.97484 3.28638,
	2.97573 3.2928,
	2.97484 3.29923,
	2.97229 3.30502,
	2.9683 3.30962,
	2.96328 3.31257,
	2.95771 3.31359,
	2.95215 3.31257,
	2.94712 3.30962,
	2.94314 3.30502,
	"/>
</Transform>

<Transform dim="0"
 xcoef=" 0 1 0 0 0 0"
 ycoef=" 0 0 1 0 0 0">
<Contour name="Ea5" hidden="false" closed="true" simplified="true" border="0.984 0.208 0.016" fill="1 1 0.69" mode="9"
 points="1.18367 5.8872,
	1.19684 5.87402,
	1.20343 5.86743,
	1.22979 5.84684,
	1.24214 5.83367,
	1.24543 5.83037,
	1.26932 5.77766,
	1.28085 5.75131,
	1.28414 5.74472,
	1.3105 5.71837,
	1.32367 5.70519,
	1.33191 5.69201,
	1.3352 5.68543,
	1.35991 5.65907,
	1.37226 5.6459,
	1.37885 5.63931,
	1.38544 5.63519,
	1.39203 5.63272,
	1.39862 5.63684,
	1.40191 5.63848,
	1.4085 5.64507,
	1.41509 5.64837,
	1.42826 5.64919,
	1.43485 5.6459,
	1.43568 5.64507,
	1.44885 5.65331,
	1.45544 5.65825,
	1.45709 5.66484,
	1.45544 5.67801,
	1.45544 5.6846,
	1.45215 5.69778,
	1.45132 5.70437,
	1.44638 5.71754,
	1.44556 5.72413,
	1.44474 5.7266,
	1.44226 5.72907,
	1.44226 5.73155,
	1.44062 5.73731,
	1.4365 5.7439,
	1.43403 5.75708,
	1.43403 5.78343,
	1.43403 5.79002,
	1.44062 5.81637,
	1.44226 5.82296,
	1.45462 5.84931,
	1.45874 5.86249,
	1.45956 5.86908,
	1.45709 5.88226,
	1.45544 5.88884,
	1.45874 5.9152,
	1.46203 5.92838,
	1.46368 5.93496,
	1.46203 5.94814,
	1.46203 5.97449,
	1.46615 6.00085,
	1.46779 6.01403,
	1.46779 6.02061,
	1.47356 6.04697,
	1.48509 6.07332,
	1.49168 6.0865,
	1.4958 6.09968,
	1.50485 6.15238,
	1.50733 6.17874,
	1.50403 6.23144,
	1.49909 6.2578,
	1.4958 6.28415,
	1.49415 6.31051,
	1.49497 6.33686,
	1.4958 6.35004,
	1.49415 6.36321,
	1.49415 6.3698,
	1.49003 6.38298,
	1.48427 6.38874,
	1.47768 6.39121,
	1.4645 6.39286,
	1.43815 6.39286,
	1.42497 6.38957,
	1.39862 6.37721,
	1.38544 6.3731,
	1.37885 6.36898,
	1.35991 6.34262,
	1.34673 6.31627,
	1.33932 6.28992,
	1.33356 6.27674,
	1.31297 6.25121,
	1.28661 6.23391,
	1.26026 6.21909,
	1.25449 6.21415,
	1.22814 6.16144,
	1.21496 6.13509,
	1.21085 6.12191,
	1.2059 6.09556,
	1.20261 6.08238,
	1.20179 6.07579,
	1.20343 6.06261,
	1.19684 6.03626,
	1.18614 6.00991,
	1.17873 5.98355,
	1.17378 5.9572,
	1.17296 5.93085,
	1.17378 5.91767,
	1.1779 5.90449,
	1.1812 5.8979,
	1.18284 5.89132,
	1.18367 5.88802,
	"/>
</Transform>

<Transform dim="0"
 xcoef=" 0 1 0 0 0 0"
 ycoef=" 0 0 1 0 0 0">
<Contour name="Ea2(ER)" hidden="false" closed="true" simplified="true" border="0.607843 0.768627 0.956863" fill="0.733333 0.752941 0.94902" mode="9"
 points="3.03703 3.35793,
	3.03876 3.35447,
	3.03963 3.35274,
	3.04308 3.35102,
	3.04351 3.35059,
	3.04697 3.35231,
	3.0487 3.35318,
	3.05561 3.35922,
	3.05906 3.36225,
	3.05992 3.36268,
	3.0664 3.36009,
	3.07331 3.36441,
	3.07504 3.36527,
	3.08022 3.37218,
	3.08238 3.37563,
	3.08497 3.38946,
	3.09836 3.4171,
	3.1057 3.43092,
	3.10959 3.43783,
	3.11434 3.46547,
	3.11477 3.46892,
	3.12644 3.49656,
	3.13119 3.51038,
	3.1368 3.5242,
	3.14026 3.53111,
	3.14112 3.53284,
	3.14198 3.53975,
	3.14414 3.54666,
	3.14544 3.55012,
	3.14414 3.55357,
	3.14285 3.5553,
	3.13594 3.55703,
	3.12903 3.55573,
	3.12255 3.54925,
	3.12125 3.54753,
	3.11953 3.54062,
	3.1178 3.5268,
	3.11693 3.51989,
	3.11218 3.50606,
	3.09923 3.47842,
	3.09232 3.4646,
	3.08843 3.45078,
	3.07245 3.42314,
	3.06554 3.40932,
	3.06381 3.40587,
	3.06295 3.40414,
	3.05949 3.40198,
	3.04567 3.38816,
	3.04049 3.38125,
	3.03747 3.37434,
	3.03703 3.36052,
	3.03703 3.35879,
	3.03703 3.35836,
	"/>
</Transform>

<Transform dim="0"
 xcoef=" 0 1 0 0 0 0"
 ycoef=" 0 0 1 0 0 0">
<Contour name="Ea2(ER)" hidden="false" closed="true" simplified="true" border="0.607843 0.768627 0.956863" fill="0.733333 0.752941 0.94902" mode="9"
 points="3.16018 3.63934,
	3.16184 3.63602,
	3.166 3.63519,
	3.17929 3.64266,
	3.19008 3.65595,
	3.19258 3.6626,
	3.19341 3.66924,
	3.19424 3.67256,
	3.19922 3.67921,
	3.20586 3.68419,
	3.21749 3.69748,
	3.22248 3.70412,
	3.22414 3.70745,
	3.23743 3.71658,
	3.24407 3.72323,
	3.25985 3.7498,
	3.26732 3.76309,
	3.27065 3.76974,
	3.2748 3.79631,
	3.27895 3.8096,
	3.28311 3.81625,
	3.28975 3.82289,
	3.29639 3.82788,
	3.29972 3.8312,
	3.30719 3.84449,
	3.31134 3.85113,
	3.33543 3.87771,
	3.34124 3.88435,
	3.3537 3.91093,
	3.36118 3.92422,
	3.36616 3.93086,
	3.37779 3.95744,
	3.3836 3.98402,
	3.40187 4.0106,
	3.40769 4.01724,
	3.4135 4.03053,
	3.41932 4.05711,
	3.41682 4.08369,
	3.41599 4.11026,
	3.41516 4.11359,
	3.41516 4.11525,
	3.40935 4.12189,
	3.40852 4.12272,
	3.40354 4.11608,
	3.40021 4.10943,
	3.39855 4.09614,
	3.39274 4.08286,
	3.38859 4.06957,
	3.37447 4.04299,
	3.36865 4.01641,
	3.36782 4.00977,
	3.3645 4.00312,
	3.35702 3.97654,
	3.3537 3.9699,
	3.35287 3.95661,
	3.35204 3.94997,
	3.34872 3.94332,
	3.34374 3.93668,
	3.33128 3.9101,
	3.32297 3.89681,
	3.31882 3.89017,
	3.30719 3.87688,
	3.30055 3.87023,
	3.29556 3.86359,
	3.28892 3.85861,
	3.27729 3.84532,
	3.27148 3.83867,
	3.26816 3.83203,
	3.25819 3.81874,
	3.25321 3.80545,
	3.25237 3.79881,
	3.24988 3.79216,
	3.23244 3.76558,
	3.22497 3.7523,
	3.21915 3.73901,
	3.20171 3.71243,
	3.18593 3.68585,
	3.18178 3.67921,
	3.17015 3.66592,
	3.16517 3.65927,
	3.16184 3.65263,
	3.16018 3.64017,
	"/>
</Transform>

<Transform dim="0"
 xcoef=" 0 1 0 0 0 0"
 ycoef=" 0 0 1 0 0 0">
<Contour name="Ed4" hidden="false" closed="true" simplified="true" border="0.541176 0.756863 0.0352941" fill="0.501961 1 1" mode="9"
 points="1.83025 4.10023,
	1.83886 4.08188,
	1.84344 4.07271,
	1.84631 4.06353,
	1.84688 4.05894,
	1.84344 4.04059,
	1.84459 4.00389,
	1.84459 3.99472,
	1.84688 3.98554,
	1.84861 3.96719,
	1.84918 3.95802,
	1.84918 3.95343,
	1.85147 3.94425,
	1.85549 3.93508,
	1.85721 3.93049,
	1.86007 3.91214,
	1.86122 3.90297,
	1.8704 3.88462,
	1.87498 3.87544,
	1.88416 3.86684,
	1.89333 3.85939,
	1.89735 3.8548,
	1.89964 3.85422,
	1.90882 3.84562,
	1.9134 3.84333,
	1.9157 3.84161,
	1.92029 3.84046,
	1.92258 3.83931,
	1.94093 3.83931,
	1.94552 3.83931,
	1.95469 3.83587,
	1.96387 3.83129,
	1.97304 3.82498,
	1.99139 3.80777,
	1.99598 3.80376,
	1.99827 3.80147,
	2.00286 3.7986,
	2.01146 3.78942,
	2.02465 3.77107,
	2.03268 3.7619,
	2.03727 3.75731,
	2.04644 3.751,
	2.04874 3.74871,
	2.05791 3.74355,
	2.06709 3.73609,
	2.07512 3.72692,
	2.08142 3.71774,
	2.08486 3.71316,
	2.09404 3.70398,
	2.11239 3.69137,
	2.12157 3.68563,
	2.13074 3.68104,
	2.13992 3.6776,
	2.17662 3.65983,
	2.19497 3.65466,
	2.20414 3.65352,
	2.21332 3.6495,
	2.2179 3.64893,
	2.2202 3.64778,
	2.22479 3.64778,
	2.23396 3.6495,
	2.25231 3.65868,
	2.26149 3.66384,
	2.26607 3.66728,
	2.27066 3.66957,
	2.27984 3.67703,
	2.29819 3.69423,
	2.30564 3.70341,
	2.30851 3.708,
	2.32399 3.72635,
	2.34234 3.74126,
	2.36069 3.75444,
	2.37847 3.77279,
	2.38076 3.77509,
	2.41746 3.79172,
	2.43581 3.79917,
	2.44499 3.80376,
	2.44958 3.80605,
	2.45875 3.81351,
	2.46334 3.81695,
	2.47079 3.82613,
	2.4771 3.8353,
	2.48169 3.83989,
	2.50004 3.84964,
	2.50921 3.85422,
	2.52756 3.86856,
	2.53961 3.88691,
	2.54477 3.89609,
	2.56312 3.91386,
	2.57057 3.92304,
	2.57516 3.92705,
	2.57803 3.93164,
	2.5872 3.93565,
	2.59638 3.93852,
	2.61473 3.94139,
	2.63308 3.94253,
	2.65143 3.9454,
	2.66978 3.95572,
	2.70648 3.9844,
	2.71508 3.99357,
	2.7191 3.99816,
	2.72426 4.00733,
	2.74089 4.04403,
	2.75064 4.06238,
	2.76612 4.08074,
	2.78447 4.09794,
	2.7902 4.10711,
	2.79479 4.11629,
	2.80282 4.12546,
	2.81199 4.13177,
	2.83034 4.14037,
	2.84869 4.14725,
	2.85787 4.1507,
	2.87622 4.16503,
	2.89457 4.18338,
	2.9026 4.19256,
	2.90547 4.20173,
	2.90833 4.22008,
	2.90891 4.23843,
	2.90891 4.24761,
	2.90604 4.26596,
	2.90489 4.27513,
	2.89858 4.29348,
	2.89858 4.29807,
	2.89858 4.29922,
	2.89744 4.30036,
	2.89686 4.30495,
	2.89285 4.31413,
	2.89113 4.31642,
	2.8854 4.33477,
	2.87565 4.35312,
	2.8745 4.35542,
	2.86991 4.35943,
	2.8636 4.3686,
	2.84812 4.38696,
	2.84525 4.39154,
	2.8269 4.4076,
	2.80855 4.42538,
	2.7902 4.4357,
	2.77185 4.4443,
	2.76268 4.44831,
	2.7535 4.45118,
	2.74891 4.4529,
	2.67551 4.46265,
	2.67093 4.46322,
	2.66175 4.46781,
	2.65258 4.47125,
	2.63423 4.47584,
	2.62505 4.47756,
	2.62046 4.47813,
	2.60211 4.48444,
	2.58376 4.49247,
	2.57459 4.49648,
	2.56541 4.49935,
	2.56082 4.49992,
	2.55165 4.49878,
	2.54247 4.49648,
	2.52412 4.48845,
	2.51495 4.48559,
	2.51266 4.48501,
	2.51208 4.48444,
	2.51266 4.48387,
	2.49431 4.47756,
	2.48972 4.47584,
	2.48742 4.47469,
	2.48685 4.47412,
	2.4685 4.48329,
	2.46391 4.48501,
	2.45474 4.48559,
	2.45015 4.48788,
	2.44097 4.49706,
	2.43295 4.50623,
	2.42779 4.51541,
	2.42721 4.52458,
	2.42951 4.53376,
	2.43295 4.53834,
	2.44212 4.54465,
	2.45072 4.55383,
	2.45302 4.55842,
	2.45359 4.56759,
	2.45244 4.57677,
	2.45244 4.57906,
	2.45244 4.58021,
	2.4513 4.58078,
	2.4513 4.58307,
	2.44843 4.58766,
	2.43925 4.59168,
	2.43467 4.59168,
	2.43352 4.59168,
	2.43237 4.59053,
	2.42779 4.58995,
	2.42549 4.58881,
	2.4232 4.58881,
	2.41861 4.58651,
	2.41632 4.58537,
	2.41574 4.58422,
	2.40657 4.5825,
	2.39739 4.57963,
	2.3951 4.57906,
	2.39453 4.57791,
	2.38994 4.57734,
	2.38535 4.57562,
	2.37618 4.5739,
	2.37159 4.57218,
	2.36929 4.5716,
	2.367 4.56988,
	2.36241 4.56988,
	2.35324 4.56702,
	2.33489 4.55727,
	2.3303 4.5544,
	2.32342 4.54523,
	2.31539 4.53605,
	2.31138 4.53146,
	2.30621 4.52229,
	2.30163 4.5177,
	2.29819 4.51311,
	2.29589 4.51082,
	2.29303 4.50623,
	2.28901 4.50164,
	2.28614 4.49706,
	2.27812 4.48788,
	2.25977 4.47125,
	2.25059 4.46322,
	2.24658 4.45864,
	2.24084 4.44946,
	2.23912 4.44717,
	2.23855 4.44602,
	2.23797 4.44659,
	2.22192 4.42824,
	2.20701 4.40989,
	2.19783 4.40072,
	2.18866 4.39326,
	2.18407 4.38982,
	2.16801 4.37147,
	2.16343 4.36746,
	2.15655 4.35828,
	2.1531 4.3537,
	2.14852 4.34968,
	2.13934 4.34452,
	2.13475 4.34165,
	2.13246 4.33993,
	2.12902 4.33649,
	2.1273 4.33477,
	2.12673 4.33477,
	2.11927 4.32904,
	2.11526 4.32445,
	2.11296 4.32216,
	2.10666 4.31298,
	2.08831 4.2975,
	2.08601 4.29578,
	2.08142 4.29463,
	2.07225 4.28718,
	2.0539 4.27857,
	2.0172 4.26768,
	1.99885 4.2608,
	1.9805 4.2522,
	1.97132 4.24818,
	1.96215 4.24187,
	1.9438 4.22639,
	1.93462 4.21722,
	1.91627 4.20403,
	1.9071 4.19829,
	1.88932 4.17994,
	1.87728 4.16159,
	1.85893 4.14496,
	1.84459 4.12661,
	1.83771 4.11744,
	1.83312 4.10826,
	1.8314 4.10367,
	1.83083 4.10138,
	1.83025 4.10081,
	"/>
</Transform>

<Transform dim="0"
 xcoef=" 0 1 0 0 0 0"
 ycoef=" 0 0 1 0 0 0">
<Contour name="Ea4(ER)" hidden="false" closed="true" simplified="true" border="0.580392 0.988235 0.87451" fill="0.733 0.753 0.949" mode="9"
 points="2.96085 3.97305,
	2.96451 3.97168,
	2.97915 3.97397,
	2.98647 3.97763,
	2.99013 3.97991,
	2.99288 3.98357,
	2.99425 3.98723,
	2.99517 3.98907,
	3.00249 3.99593,
	3.00843 4.00325,
	3.01575 4.01057,
	3.0304 4.01926,
	3.03772 4.02521,
	3.04275 4.03253,
	3.05007 4.03894,
	3.05739 4.04397,
	3.06105 4.04672,
	3.06288 4.04855,
	3.06334 4.049,
	3.06654 4.05266,
	3.0821 4.08195,
	3.08439 4.08927,
	3.08713 4.10391,
	3.08851 4.11123,
	3.10086 4.14051,
	3.10177 4.14417,
	3.11687 4.17346,
	3.12831 4.1881,
	3.14067 4.20274,
	3.14295 4.2064,
	3.14982 4.21372,
	3.15393 4.22104,
	3.15897 4.22836,
	3.17086 4.243,
	3.18505 4.25765,
	3.19237 4.26268,
	3.20701 4.27091,
	3.21433 4.27595,
	3.21982 4.28327,
	3.22394 4.29059,
	3.23492 4.30523,
	3.24178 4.31255,
	3.24544 4.31575,
	3.25277 4.31987,
	3.25643 4.32262,
	3.27015 4.33726,
	3.27656 4.34458,
	3.2912 4.35739,
	3.29349 4.36105,
	3.2944 4.36288,
	3.30904 4.37707,
	3.31636 4.3821,
	3.32369 4.38896,
	3.32963 4.39628,
	3.33375 4.4036,
	3.33695 4.41092,
	3.33741 4.41275,
	3.34931 4.4274,
	3.35205 4.43106,
	3.35892 4.4457,
	3.36166 4.45302,
	3.36075 4.46034,
	3.35983 4.46217,
	3.36166 4.46949,
	3.36212 4.47681,
	3.36349 4.48047,
	3.36898 4.48779,
	3.37219 4.49511,
	3.37264 4.50243,
	3.37219 4.50976,
	3.36944 4.51708,
	3.36258 4.52302,
	3.35892 4.5244,
	3.3516 4.52348,
	3.34794 4.52302,
	3.34427 4.52074,
	3.33695 4.51433,
	3.33329 4.51113,
	3.33146 4.50976,
	3.32735 4.50243,
	3.32552 4.49877,
	3.31911 4.46949,
	3.31911 4.46766,
	3.31865 4.46675,
	3.32048 4.45942,
	3.3214 4.45576,
	3.31957 4.44844,
	3.31774 4.44478,
	3.31042 4.43929,
	3.30859 4.43746,
	3.30401 4.43014,
	3.30127 4.42648,
	3.29394 4.42053,
	3.28662 4.41733,
	3.27198 4.41321,
	3.26832 4.41138,
	3.26466 4.40818,
	3.261 4.40086,
	3.25871 4.39354,
	3.25734 4.38622,
	3.25734 4.38256,
	3.2491 4.36792,
	3.24316 4.35327,
	3.23812 4.33863,
	3.23721 4.3368,
	3.22989 4.32948,
	3.22257 4.32353,
	3.21113 4.30889,
	3.20884 4.30523,
	3.20152 4.29791,
	3.19877 4.29425,
	3.19145 4.28876,
	3.17681 4.28098,
	3.17315 4.27869,
	3.16583 4.27137,
	3.15988 4.26405,
	3.15027 4.24941,
	3.14295 4.23477,
	3.13426 4.22013,
	3.12923 4.21281,
	3.11733 4.19816,
	3.11093 4.19084,
	3.094 4.16156,
	3.09034 4.15424,
	3.08805 4.14692,
	3.07432 4.11764,
	3.06929 4.11032,
	3.06334 4.10299,
	3.06014 4.09933,
	3.05648 4.09201,
	3.0551 4.07737,
	3.05373 4.07371,
	3.05144 4.07005,
	3.0368 4.05724,
	3.03497 4.05541,
	3.03085 4.04809,
	3.02353 4.04123,
	3.01987 4.03757,
	3.01713 4.0339,
	3.01347 4.03162,
	2.99883 4.01835,
	2.98418 4.00371,
	2.9819 4.00005,
	2.97549 3.99273,
	2.96131 3.979,
	2.96039 3.97534,
	2.96085 3.97351,
	"/>
</Transform>

<Transform dim="0"
 xcoef=" 0 1 0 0 0 0"
 ycoef=" 0 0 1 0 0 0">
<Contour name="Ea2" hidden="false" closed="true" simplified="true" border="0.984 0.208 0.016" fill="1 1 0.69" mode="9"
 points="2.72791 3.36541,
	2.72978 3.35794,
	2.73118 3.35421,
	2.73585 3.34674,
	2.74145 3.33927,
	2.75546 3.32432,
	2.76293 3.31965,
	2.77787 3.31685,
	2.78161 3.31592,
	2.79655 3.30518,
	2.80028 3.30238,
	2.81522 3.29537,
	2.8227 3.28884,
	2.8297 3.28137,
	2.83484 3.27389,
	2.85024 3.24401,
	2.85818 3.22907,
	2.86145 3.22533,
	2.86285 3.22347,
	2.87032 3.21926,
	2.88526 3.20479,
	2.89554 3.18985,
	2.90301 3.18284,
	2.90674 3.18004,
	2.91421 3.17631,
	2.91608 3.17537,
	2.92355 3.17864,
	2.93849 3.18705,
	2.94596 3.19125,
	2.94783 3.19218,
	2.95484 3.19965,
	2.96651 3.21459,
	2.98799 3.24448,
	2.99686 3.25942,
	3.002 3.26689,
	3.00947 3.27343,
	3.01694 3.27903,
	3.02067 3.28183,
	3.02394 3.28557,
	3.02814 3.29304,
	3.03468 3.30798,
	3.03935 3.32292,
	3.04309 3.33039,
	3.04495 3.33413,
	3.05243 3.34113,
	3.05616 3.3444,
	3.05803 3.34627,
	3.07297 3.35514,
	3.08791 3.36261,
	3.09538 3.36635,
	3.11032 3.37615,
	3.12527 3.39016,
	3.129 3.3939,
	3.15889 3.41678,
	3.17383 3.42752,
	3.1813 3.43312,
	3.18363 3.43685,
	3.18784 3.4518,
	3.18924 3.45553,
	3.1897 3.4574,
	3.18597 3.47234,
	3.1827 3.47981,
	3.18083 3.48355,
	3.1799 3.48495,
	3.18363 3.49242,
	3.18597 3.49615,
	3.19344 3.50362,
	3.19531 3.50549,
	3.20278 3.50923,
	3.21025 3.51436,
	3.21398 3.51717,
	3.22145 3.52464,
	3.22519 3.52837,
	3.23359 3.54331,
	3.24107 3.55826,
	3.25227 3.5732,
	3.25741 3.58067,
	3.28216 3.61055,
	3.28589 3.61802,
	3.29009 3.63296,
	3.29243 3.64791,
	3.29289 3.65164,
	3.30737 3.68153,
	3.31904 3.71141,
	3.31998 3.71514,
	3.33492 3.74503,
	3.34519 3.75997,
	3.3676 3.78985,
	3.37928 3.8048,
	3.38441 3.81227,
	3.38721 3.816,
	3.40216 3.84589,
	3.41009 3.86083,
	3.41897 3.87577,
	3.42877 3.89071,
	3.43391 3.89818,
	3.44044 3.90565,
	3.45025 3.92059,
	3.45772 3.93554,
	3.46099 3.94301,
	3.46566 3.95795,
	3.4722 3.97289,
	3.50161 4.03266,
	3.50862 4.0476,
	3.52029 4.07748,
	3.52543 4.09242,
	3.53336 4.12231,
	3.5371 4.13725,
	3.5399 4.15219,
	3.54083 4.15593,
	3.5371 4.17087,
	3.53476 4.17834,
	3.52776 4.19328,
	3.51889 4.20822,
	3.50908 4.22317,
	3.48714 4.25305,
	3.45725 4.26752,
	3.45352 4.26892,
	3.44605 4.26986,
	3.43858 4.27173,
	3.43111 4.27079,
	3.41616 4.26379,
	3.41243 4.26145,
	3.40683 4.25398,
	3.39935 4.24791,
	3.39795 4.24604,
	3.39422 4.24371,
	3.39095 4.23997,
	3.39002 4.23811,
	3.38815 4.23624,
	3.38721 4.23531,
	3.38675 4.23344,
	3.37974 4.22597,
	3.37881 4.2241,
	3.37507 4.22036,
	3.37134 4.21756,
	3.3676 4.21383,
	3.36013 4.20916,
	3.3564 4.20636,
	3.35453 4.20542,
	3.35079 4.20169,
	3.35033 4.20122,
	3.34753 4.19748,
	3.34612 4.19655,
	3.34426 4.19281,
	3.34146 4.18908,
	3.32651 4.17414,
	3.31157 4.16527,
	3.3041 4.1592,
	3.30177 4.15546,
	3.30083 4.15453,
	3.2999 4.15079,
	3.2999 4.14706,
	3.2985 4.14519,
	3.29476 4.14379,
	3.29103 4.14379,
	3.28356 4.14706,
	3.27608 4.14752,
	3.27422 4.14752,
	3.26675 4.14285,
	3.25974 4.13538,
	3.23686 4.1055,
	3.22379 4.09056,
	3.21772 4.08309,
	3.18784 4.05414,
	3.18036 4.04807,
	3.16636 4.03312,
	3.15562 4.01818,
	3.15095 4.01071,
	3.13974 3.99577,
	3.12994 3.98083,
	3.12713 3.97709,
	3.11966 3.97056,
	3.10472 3.95982,
	3.07717 3.92993,
	3.06363 3.91499,
	3.01787 3.85522,
	3.00573 3.84028,
	2.97865 3.8104,
	2.91888 3.75297,
	2.91141 3.7455,
	2.90067 3.73055,
	2.89087 3.71561,
	2.8862 3.70814,
	2.84091 3.64837,
	2.82877 3.63343,
	2.81803 3.61849,
	2.81289 3.61102,
	2.79701 3.58114,
	2.76713 3.52137,
	2.76339 3.5139,
	2.75546 3.48401,
	2.74939 3.45413,
	2.74705 3.43919,
	2.74378 3.42425,
	2.74145 3.41678,
	2.73491 3.40183,
	2.73211 3.39436,
	2.73024 3.38689,
	2.72838 3.37195,
	2.72791 3.36822,
	2.72791 3.36635,
	2.72791 3.36588,
	"/>
</Transform>

<Transform dim="0"
 xcoef=" 0 1 0 0 0 0"
 ycoef=" 0 0 1 0 0 0">
<Contour name="Ea4" hidden="false" closed="true" simplified="true" border="0.984 0.208 0.016" fill="1 1 0.69" mode="9"
 points="2.68355 3.5858,
	2.69102 3.58767,
	2.70596 3.58907,
	2.7209 3.59141,
	2.75079 3.59841,
	2.76573 3.60261,
	2.76947 3.60355,
	2.77694 3.60728,
	2.78441 3.61382,
	2.79094 3.62129,
	2.81196 3.65118,
	2.81756 3.65865,
	2.81896 3.67359,
	2.81896 3.68106,
	2.81896 3.68479,
	2.81896 3.68666,
	2.8227 3.69413,
	2.82363 3.696,
	2.83017 3.70347,
	2.83764 3.71048,
	2.84511 3.71608,
	2.84698 3.71701,
	2.86192 3.71748,
	2.86565 3.71748,
	2.86939 3.71888,
	2.87686 3.72588,
	2.87966 3.72962,
	2.896 3.7595,
	2.90861 3.77444,
	2.91375 3.78192,
	2.92028 3.78939,
	2.92542 3.79686,
	2.93849 3.8118,
	2.96744 3.84168,
	2.97491 3.84869,
	2.98239 3.85289,
	2.98986 3.85616,
	2.99359 3.85709,
	3.00106 3.86316,
	3.00853 3.87063,
	3.02814 3.90052,
	3.03328 3.90799,
	3.04169 3.92293,
	3.04589 3.9304,
	3.05196 3.93787,
	3.05476 3.94161,
	3.0585 3.94487,
	3.06877 3.95982,
	3.08278 3.97476,
	3.09772 3.9855,
	3.11266 3.99484,
	3.12013 4.00091,
	3.12387 4.00371,
	3.129 4.01118,
	3.13367 4.02612,
	3.13554 4.02986,
	3.14161 4.03733,
	3.14488 4.04106,
	3.15982 4.05227,
	3.17476 4.06114,
	3.1897 4.06908,
	3.19717 4.07328,
	3.20464 4.07935,
	3.22005 4.10923,
	3.22706 4.12418,
	3.23173 4.13165,
	3.2392 4.13912,
	3.24667 4.14519,
	3.26161 4.1592,
	3.26908 4.16667,
	3.27655 4.1732,
	3.29149 4.18208,
	3.32138 4.19795,
	3.33632 4.20589,
	3.34379 4.21149,
	3.35593 4.22643,
	3.37227 4.25632,
	3.40122 4.2862,
	3.4129 4.30114,
	3.41383 4.31608,
	3.41616 4.32356,
	3.41616 4.32542,
	3.41943 4.33289,
	3.42083 4.33663,
	3.43064 4.35157,
	3.43718 4.36651,
	3.43951 4.37398,
	3.44091 4.37725,
	3.44091 4.37912,
	3.44185 4.38099,
	3.44185 4.38472,
	3.44278 4.38846,
	3.44278 4.41834,
	3.44185 4.42581,
	3.43671 4.44076,
	3.43531 4.44449,
	3.43204 4.45943,
	3.43017 4.4669,
	3.42737 4.47437,
	3.4255 4.48138,
	3.4241 4.48511,
	3.42317 4.48698,
	3.42317 4.48745,
	3.42223 4.49025,
	3.42223 4.49165,
	3.4185 4.50332,
	3.4143 4.51079,
	3.39982 4.52527,
	3.39609 4.52901,
	3.39235 4.53181,
	3.38488 4.53508,
	3.38114 4.53648,
	3.37928 4.53648,
	3.37554 4.53788,
	3.3606 4.53928,
	3.35313 4.53881,
	3.34939 4.53834,
	3.34753 4.53834,
	3.33258 4.53367,
	3.32511 4.53134,
	3.31764 4.5276,
	3.31064 4.52107,
	3.3069 4.50613,
	3.30503 4.49118,
	3.30363 4.48371,
	3.29943 4.47624,
	3.29336 4.46877,
	3.27889 4.45523,
	3.27142 4.44916,
	3.26768 4.44636,
	3.25274 4.43889,
	3.24527 4.43562,
	3.2378 4.43375,
	3.23033 4.43048,
	3.22285 4.42488,
	3.21725 4.41788,
	3.21678 4.4104,
	3.21678 4.40667,
	3.21538 4.40293,
	3.20838 4.39546,
	3.20138 4.38939,
	3.19998 4.37445,
	3.19951 4.37072,
	3.19624 4.36324,
	3.19204 4.35577,
	3.18877 4.3483,
	3.1869 4.34457,
	3.1813 4.3371,
	3.17383 4.32963,
	3.17009 4.32589,
	3.15282 4.29601,
	3.14908 4.28854,
	3.14675 4.28106,
	3.14254 4.27359,
	3.13741 4.26612,
	3.12947 4.25118,
	3.1206 4.23624,
	3.09865 4.20636,
	3.08744 4.19141,
	3.08184 4.18394,
	3.06643 4.15406,
	3.05896 4.13912,
	3.05429 4.13165,
	3.05243 4.12791,
	3.04122 4.11297,
	3.03468 4.1055,
	3.03141 4.10176,
	3.01647 4.09056,
	3.009 4.08495,
	2.97912 4.056,
	2.96418 4.04106,
	2.95017 4.02612,
	2.93523 4.01398,
	2.92775 4.00791,
	2.92028 4.00277,
	2.90534 3.99484,
	2.89787 3.98877,
	2.89087 3.9813,
	2.86892 3.95141,
	2.86379 3.94394,
	2.84744 3.91406,
	2.83904 3.89912,
	2.81943 3.86923,
	2.81476 3.86176,
	2.81196 3.85803,
	2.80355 3.84308,
	2.79281 3.82814,
	2.78581 3.82067,
	2.77087 3.809,
	2.74098 3.79266,
	2.73351 3.78752,
	2.72978 3.78472,
	2.7153 3.77071,
	2.70363 3.75577,
	2.70083 3.75203,
	2.69382 3.73709,
	2.69149 3.72962,
	2.68962 3.72588,
	2.69055 3.72215,
	2.68962 3.71841,
	2.68775 3.71468,
	2.67281 3.70627,
	2.66907 3.70394,
	2.663 3.69647,
	2.65507 3.68153,
	2.65273 3.67405,
	2.6518 3.67032,
	2.65133 3.66845,
	2.6532 3.66098,
	2.65413 3.65725,
	2.64853 3.6423,
	2.64106 3.62736,
	2.63826 3.61989,
	2.63686 3.61616,
	2.63639 3.61522,
	2.63872 3.60775,
	2.64246 3.60448,
	2.6574 3.59701,
	2.67234 3.59187,
	2.67981 3.58767,
	2.68308 3.5858,
	"/>
</Transform>

</Section>