<?xml version="1.0"?>
<!DOCTYPE Section SYSTEM "section.dtd">

<Section index="20" thickness="0.05" alignLocked="true">
<Transform dim="6"
 xcoef=" 0.388794737486264 0.78005047037098 0.428619463108397 0 0 0"
 ycoef=" 2.37725133117519 -0.557246763703554 0.780627358744926 0 0 0">
<Image mag="0.0022159" contrast="1" brightness="0"
 src="R34CA1-B_S12.120.jpg" />
<Contour name="domain1" hidden="false" closed="true" simplified="false" border="1 0 1" fill="1 0 1" mode="11"
 points="0 0,
	4096 0,
	4096 4096,
	0 4096,
	"/>
</Transform>

<Transform dim="0"
 xcoef=" 0 1 0 0 0 0"
 ycoef=" 0 0 1 0 0 0">
<Contour name="Ed1" hidden="false" closed="true" simplified="true" border="0.541176 0.756863 0.0352941" fill="0.501961 1 1" mode="9"
 points="2.48833 2.19272,
	2.4918 2.18924,
	2.4918 2.18228,
	2.50571 2.17533,
	2.51267 2.17359,
	2.51962 2.17533,
	2.5231 2.17707,
	2.53701 2.17359,
	2.54397 2.17359,
	2.55788 2.16837,
	2.56484 2.16663,
	2.57875 2.16837,
	2.59266 2.17533,
	2.60657 2.18576,
	2.62048 2.19272,
	2.63439 2.20315,
	2.6483 2.21011,
	2.67612 2.21358,
	2.69003 2.22054,
	2.70221 2.23445,
	2.7109 2.26227,
	2.71786 2.27618,
	2.71959 2.29009,
	2.72133 2.29705,
	2.7109 2.31096,
	2.69699 2.32313,
	2.68308 2.33009,
	2.65526 2.33878,
	2.6483 2.34052,
	2.59266 2.32313,
	2.57875 2.31965,
	2.56484 2.3127,
	2.53701 2.28662,
	2.51615 2.25879,
	2.50919 2.24488,
	2.50571 2.23793,
	2.4918 2.22749,
	2.48833 2.21358,
	2.48833 2.19967,
	2.48833 2.19446,
	"/>
</Transform>

<Transform dim="0"
 xcoef=" 0 1 0 0 0 0"
 ycoef=" 0 0 1 0 0 0">
<Contour name="Ed4" hidden="false" closed="true" simplified="true" border="0.541176 0.756863 0.0352941" fill="0.501961 1 1" mode="9"
 points="1.50927 2.81949,
	1.51356 2.80803,
	1.52072 2.76221,
	1.52215 2.7393,
	1.52502 2.73357,
	1.57084 2.73357,
	1.58229 2.73357,
	1.58802 2.73357,
	1.61093 2.74217,
	1.63384 2.74789,
	1.6453 2.75219,
	1.69112 2.75362,
	1.71403 2.75362,
	1.73694 2.75076,
	1.7484 2.74789,
	1.75126 2.74789,
	1.76272 2.73644,
	1.76845 2.73071,
	1.78133 2.7078,
	1.78563 2.70207,
	1.80854 2.69921,
	1.82 2.69634,
	1.86582 2.69778,
	1.87727 2.69921,
	1.883 2.69921,
	1.92882 2.71209,
	1.95173 2.72069,
	1.97465 2.73787,
	1.99756 2.74646,
	2.04338 2.74789,
	2.06629 2.74789,
	2.07775 2.74789,
	2.08347 2.74789,
	2.09493 2.75505,
	2.14075 2.76221,
	2.14648 2.75935,
	2.15793 2.75935,
	2.18085 2.76794,
	2.1923 2.77224,
	2.20232 2.78226,
	2.20519 2.78799,
	2.20662 2.83381,
	2.20948 2.84527,
	2.23669 2.89109,
	2.24958 2.914,
	2.26819 2.93691,
	2.28967 2.95123,
	2.31258 2.95409,
	2.33549 2.95409,
	2.34695 2.95552,
	2.35268 2.95696,
	2.36413 2.95266,
	2.36986 2.95123,
	2.39277 2.95552,
	2.41568 2.96984,
	2.42714 2.977,
	2.43 2.98273,
	2.43143 3.00564,
	2.43143 3.0171,
	2.42857 3.02855,
	2.42857 3.07438,
	2.4343 3.1202,
	2.43 3.14311,
	2.42284 3.16602,
	2.40136 3.21184,
	2.39134 3.23475,
	2.38848 3.24621,
	2.38848 3.26912,
	2.38848 3.28058,
	2.38132 3.30349,
	2.37702 3.31494,
	2.37416 3.33785,
	2.37273 3.38367,
	2.36843 3.40659,
	2.3627 3.41804,
	2.35984 3.42377,
	2.35697 3.44668,
	2.3627 3.4925,
	2.37129 3.51541,
	2.37702 3.53832,
	2.37702 3.58415,
	2.37702 3.5956,
	2.36413 3.61851,
	2.35268 3.62424,
	2.34122 3.63283,
	2.31831 3.6357,
	2.22667 3.63283,
	2.20376 3.6314,
	2.18085 3.6271,
	2.15793 3.61851,
	2.14648 3.61422,
	2.12357 3.5999,
	2.11211 3.59274,
	2.0892 3.58558,
	2.04338 3.58128,
	1.99756 3.57126,
	1.97465 3.5598,
	1.96319 3.55551,
	1.91737 3.5283,
	1.89446 3.52401,
	1.84863 3.52687,
	1.82572 3.52687,
	1.81427 3.52687,
	1.79136 3.51971,
	1.78133 3.51255,
	1.76415 3.46673,
	1.75985 3.45527,
	1.74697 3.43236,
	1.70544 3.38797,
	1.68253 3.37222,
	1.67107 3.3622,
	1.66535 3.3579,
	1.61952 3.34358,
	1.59661 3.33499,
	1.59089 3.33356,
	1.56797 3.31494,
	1.56225 3.30921,
	1.55938 3.30349,
	1.55795 3.28058,
	1.56081 3.26912,
	1.55938 3.24621,
	1.55795 3.23475,
	1.55222 3.2233,
	1.5422 3.21184,
	1.54077 3.20039,
	1.54077 3.19466,
	1.55222 3.17175,
	1.55795 3.16029,
	1.56225 3.15456,
	1.57084 3.13165,
	1.57513 3.10874,
	1.57513 3.08583,
	1.578 3.06292,
	1.578 3.04001,
	1.578 3.02855,
	1.56511 2.98273,
	1.55222 2.95982,
	1.54793 2.94837,
	1.52645 2.92545,
	1.52645 2.90254,
	1.52358 2.87963,
	1.51642 2.85672,
	1.51213 2.84527,
	1.50927 2.82235,
	1.50927 2.82092,
	"/>
</Transform>

<Transform dim="0"
 xcoef=" 0 1 0 0 0 0"
 ycoef=" 0 0 1 0 0 0">
<Contour name="Ea5(mito3)" hidden="false" closed="true" simplified="true" border="0 0 1" fill="0 0 1" mode="9"
 points="3.282 1.69721,
	3.28395 1.68681,
	3.2846 1.68161,
	3.29435 1.67511,
	3.29694 1.67381,
	3.30734 1.67511,
	3.31254 1.67641,
	3.31514 1.67706,
	3.32553 1.68421,
	3.32943 1.69461,
	3.33008 1.705,
	3.33008 1.7102,
	3.32553 1.7206,
	3.32359 1.7258,
	3.32034 1.73099,
	3.29954 1.74139,
	3.28915 1.73424,
	3.28655 1.73229,
	3.2859 1.7115,
	3.2859 1.7063,
	3.2833 1.7011,
	3.282 1.6985,
	3.282 1.69785,
	"/>
</Transform>

<Transform dim="0"
 xcoef=" 0 1 0 0 0 0"
 ycoef=" 0 0 1 0 0 0">
<Contour name="Ed10" hidden="false" closed="true" simplified="true" border="0.541 0.757 0.035" fill="0.502 1 1" mode="9"
 points="2.20542 3.82372,
	2.20762 3.81785,
	2.20835 3.81638,
	2.21202 3.81492,
	2.21276 3.81492,
	2.23622 3.81198,
	2.24796 3.80685,
	2.25383 3.80611,
	2.2773 3.80905,
	2.28023 3.80978,
	2.2861 3.81418,
	2.29196 3.82005,
	2.29416 3.82592,
	2.29416 3.82885,
	2.2817 3.85232,
	2.27876 3.85819,
	2.27436 3.86405,
	2.27143 3.86699,
	2.26849 3.86772,
	2.25676 3.86552,
	2.24503 3.85892,
	2.22156 3.83912,
	2.20982 3.82885,
	2.20689 3.82592,
	2.20542 3.82445,
	"/>
</Transform>

<Transform dim="0"
 xcoef=" 0 1 0 0 0 0"
 ycoef=" 0 0 1 0 0 0">
<Contour name="Ea5(v439)" hidden="false" closed="true" simplified="true" border="1 0 0" fill="1 1 1" mode="9"
 points="3.01417 2.04898,
	3.01449 2.04503,
	3.01544 2.04119,
	3.01699 2.03759,
	3.01909 2.03434,
	3.02169 2.03153,
	3.02469 2.02925,
	3.02801 2.02757,
	3.03155 2.02655,
	3.0352 2.0262,
	3.03886 2.02655,
	3.0424 2.02757,
	3.04572 2.02925,
	3.04872 2.03153,
	3.05131 2.03434,
	3.05342 2.03759,
	3.05497 2.04119,
	3.05591 2.04503,
	3.05623 2.04898,
	3.05591 2.05294,
	3.05497 2.05677,
	3.05342 2.06037,
	3.05131 2.06363,
	3.04872 2.06643,
	3.04572 2.06871,
	3.0424 2.07039,
	3.03886 2.07142,
	3.0352 2.07176,
	3.03155 2.07142,
	3.02801 2.07039,
	3.02469 2.06871,
	3.02169 2.06643,
	3.01909 2.06363,
	3.01699 2.06037,
	3.01544 2.05677,
	3.01449 2.05294,
	"/>
<Contour name="Ea5(v440)" hidden="false" closed="true" simplified="true" border="1 0 0" fill="1 1 1" mode="9"
 points="3.06324 1.98531,
	3.06355 1.98127,
	3.06445 1.97734,
	3.06592 1.97363,
	3.06792 1.97024,
	3.07041 1.96726,
	3.0733 1.96477,
	3.07652 1.96284,
	3.07999 1.96153,
	3.08361 1.96086,
	3.08727 1.96086,
	3.09089 1.96153,
	3.09436 1.96284,
	3.09758 1.96477,
	3.10048 1.96726,
	3.10296 1.97024,
	3.10496 1.97363,
	3.10644 1.97734,
	3.10734 1.98127,
	3.10764 1.98531,
	3.10734 1.98935,
	3.10644 1.99328,
	3.10496 1.99699,
	3.10296 2.00038,
	3.10048 2.00336,
	3.09758 2.00585,
	3.09436 2.00778,
	3.09089 2.00909,
	3.08727 2.00976,
	3.08361 2.00976,
	3.07999 2.00909,
	3.07652 2.00778,
	3.0733 2.00585,
	3.07041 2.00336,
	3.06792 2.00038,
	3.06592 1.99699,
	3.06445 1.99328,
	"/>
<Contour name="Ea5(v441)" hidden="false" closed="true" simplified="true" border="1 0 0" fill="1 1 1" mode="9"
 points="3.11932 1.95844,
	3.1196 1.95478,
	3.12044 1.95121,
	3.12181 1.94779,
	3.12369 1.94462,
	3.12603 1.94175,
	3.12878 1.93926,
	3.13188 1.93719,
	3.13526 1.9356,
	3.13885 1.93452,
	3.14256 1.93397,
	3.14632 1.93397,
	3.15003 1.93452,
	3.15362 1.9356,
	3.157 1.93719,
	3.1601 1.93926,
	3.16285 1.94175,
	3.16519 1.94462,
	3.16707 1.94779,
	3.16844 1.95121,
	3.16928 1.95478,
	3.16956 1.95844,
	3.16928 1.9621,
	3.16844 1.96567,
	3.16707 1.96908,
	3.16519 1.97226,
	3.16285 1.97513,
	3.1601 1.97762,
	3.157 1.97969,
	3.15362 1.98128,
	3.15003 1.98236,
	3.14632 1.9829,
	3.14256 1.9829,
	3.13885 1.98236,
	3.13526 1.98128,
	3.13188 1.97969,
	3.12878 1.97762,
	3.12603 1.97513,
	3.12369 1.97226,
	3.12181 1.96908,
	3.12044 1.96567,
	"/>
<Contour name="Ea5(v442)" hidden="false" closed="true" simplified="true" border="1 0 0" fill="1 1 1" mode="9"
 points="3.05156 1.9304,
	3.05192 1.9263,
	3.05298 1.92235,
	3.05471 1.91872,
	3.05704 1.91553,
	3.05987 1.91291,
	3.0631 1.91097,
	3.06661 1.90977,
	3.07025 1.90937,
	3.0739 1.90977,
	3.07741 1.91097,
	3.08064 1.91291,
	3.08347 1.91553,
	3.0858 1.91872,
	3.08752 1.92235,
	3.08859 1.9263,
	3.08895 1.9304,
	3.08859 1.9345,
	3.08752 1.93845,
	3.0858 1.94208,
	3.08347 1.94527,
	3.08064 1.94788,
	3.07741 1.94983,
	3.0739 1.95102,
	3.07025 1.95143,
	3.06661 1.95102,
	3.0631 1.94983,
	3.05987 1.94788,
	3.05704 1.94527,
	3.05471 1.94208,
	3.05298 1.93845,
	"/>
<Contour name="Ea5(v443)" hidden="false" closed="true" simplified="true" border="1 0 0" fill="1 1 1" mode="9"
 points="3.13217 1.8936,
	3.13253 1.88995,
	3.1336 1.88643,
	3.13533 1.88318,
	3.13766 1.88029,
	3.14051 1.87789,
	3.14378 1.87606,
	3.14735 1.87486,
	3.15109 1.87434,
	3.15486 1.87452,
	3.15853 1.87538,
	3.16197 1.8769,
	3.16504 1.87903,
	3.16765 1.88168,
	3.16969 1.88476,
	3.17109 1.88817,
	3.17181 1.89176,
	3.17181 1.89543,
	3.17109 1.89903,
	3.16969 1.90243,
	3.16765 1.90551,
	3.16504 1.90817,
	3.16197 1.91029,
	3.15853 1.91181,
	3.15486 1.91268,
	3.15109 1.91285,
	3.14735 1.91233,
	3.14378 1.91113,
	3.14051 1.9093,
	3.13766 1.9069,
	3.13533 1.90402,
	3.1336 1.90076,
	"/>
<Contour name="Ea5(v444)" hidden="false" closed="true" simplified="true" border="1 0 0" fill="1 1 1" mode="9"
 points="3.1754 1.92923,
	3.17576 1.92536,
	3.17682 1.92163,
	3.17855 1.9182,
	3.18088 1.91519,
	3.18371 1.91272,
	3.18694 1.91088,
	3.19045 1.90975,
	3.19409 1.90937,
	3.19774 1.90975,
	3.20125 1.91088,
	3.20448 1.91272,
	3.20731 1.91519,
	3.20964 1.9182,
	3.21136 1.92163,
	3.21243 1.92536,
	3.21279 1.92923,
	3.21243 1.93311,
	3.21136 1.93683,
	3.20964 1.94026,
	3.20731 1.94327,
	3.20448 1.94574,
	3.20125 1.94758,
	3.19774 1.94871,
	3.19409 1.94909,
	3.19045 1.94871,
	3.18694 1.94758,
	3.18371 1.94574,
	3.18088 1.94327,
	3.17855 1.94026,
	3.17682 1.93683,
	"/>
<Contour name="Ea5(v446)" hidden="false" closed="true" simplified="true" border="1 0 0" fill="1 1 1" mode="9"
 points="3.20344 1.88425,
	3.20378 1.8806,
	3.20478 1.87705,
	3.20641 1.87371,
	3.20863 1.87067,
	3.21137 1.86803,
	3.21456 1.86585,
	3.21809 1.8642,
	3.22188 1.86312,
	3.22582 1.86266,
	3.22977 1.86281,
	3.23365 1.86358,
	3.23733 1.86495,
	3.2407 1.86687,
	3.24368 1.8693,
	3.24617 1.87215,
	3.2481 1.87535,
	3.24942 1.8788,
	3.25009 1.88242,
	3.25009 1.88608,
	3.24942 1.8897,
	3.2481 1.89315,
	3.24617 1.89635,
	3.24368 1.89921,
	3.2407 1.90163,
	3.23733 1.90355,
	3.23365 1.90492,
	3.22977 1.90569,
	3.22582 1.90584,
	3.22188 1.90538,
	3.21809 1.90431,
	3.21456 1.90266,
	3.21137 1.90048,
	3.20863 1.89783,
	3.20641 1.89479,
	3.20478 1.89145,
	3.20378 1.8879,
	"/>
<Contour name="Ea5(v447)" hidden="false" closed="true" simplified="true" border="1 0 0" fill="1 1 1" mode="9"
 points="3.23498 1.81824,
	3.23529 1.8144,
	3.23619 1.81065,
	3.23766 1.80712,
	3.23967 1.80389,
	3.24215 1.80105,
	3.24504 1.79868,
	3.24827 1.79684,
	3.25173 1.79559,
	3.25535 1.79495,
	3.25902 1.79495,
	3.26263 1.79559,
	3.2661 1.79684,
	3.26932 1.79868,
	3.27222 1.80105,
	3.2747 1.80389,
	3.27671 1.80712,
	3.27818 1.81065,
	3.27908 1.8144,
	3.27938 1.81824,
	3.27908 1.82209,
	3.27818 1.82583,
	3.27671 1.82936,
	3.2747 1.83259,
	3.27222 1.83543,
	3.26932 1.8378,
	3.2661 1.83964,
	3.26263 1.84089,
	3.25902 1.84153,
	3.25535 1.84153,
	3.25173 1.84089,
	3.24827 1.83964,
	3.24504 1.8378,
	3.24215 1.83543,
	3.23967 1.83259,
	3.23766 1.82936,
	3.23619 1.82583,
	"/>
<Contour name="Ea5(v448)" hidden="false" closed="true" simplified="true" border="1 0 0" fill="1 1 1" mode="9"
 points="3.16138 1.80714,
	3.16163 1.80309,
	3.16238 1.7991,
	3.16361 1.79527,
	3.16529 1.79166,
	3.16741 1.78834,
	3.16991 1.78537,
	3.17276 1.7828,
	3.17589 1.78069,
	3.17925 1.77907,
	3.18279 1.77797,
	3.18642 1.77742,
	3.19009 1.77742,
	3.19372 1.77797,
	3.19725 1.77907,
	3.20061 1.78069,
	3.20375 1.7828,
	3.20659 1.78537,
	3.2091 1.78834,
	3.21121 1.79166,
	3.2129 1.79527,
	3.21413 1.7991,
	3.21487 1.80309,
	3.21512 1.80714,
	3.21487 1.8112,
	3.21413 1.81518,
	3.2129 1.81901,
	3.21121 1.82262,
	3.2091 1.82594,
	3.20659 1.82892,
	3.20375 1.83148,
	3.20061 1.83359,
	3.19725 1.83521,
	3.19372 1.83631,
	3.19009 1.83686,
	3.18642 1.83686,
	3.18279 1.83631,
	3.17925 1.83521,
	3.17589 1.83359,
	3.17276 1.83148,
	3.16991 1.82892,
	3.16741 1.82594,
	3.16529 1.82262,
	3.16361 1.81901,
	3.16238 1.81518,
	3.16163 1.8112,
	"/>
<Contour name="Ea5(v449)" hidden="false" closed="true" simplified="true" border="1 0 0" fill="1 1 1" mode="9"
 points="3.07259 1.85387,
	3.07296 1.85023,
	3.07406 1.84673,
	3.07584 1.84353,
	3.07822 1.84075,
	3.08112 1.83851,
	3.08441 1.83689,
	3.08796 1.83597,
	3.09162 1.83579,
	3.09524 1.83634,
	3.09867 1.83762,
	3.10178 1.83955,
	3.10444 1.84208,
	3.10653 1.84509,
	3.10798 1.84845,
	3.10871 1.85204,
	3.10871 1.85571,
	3.10798 1.8593,
	3.10653 1.86266,
	3.10444 1.86567,
	3.10178 1.86819,
	3.09867 1.87013,
	3.09524 1.87141,
	3.09162 1.87196,
	3.08796 1.87177,
	3.08441 1.87086,
	3.08112 1.86924,
	3.07822 1.867,
	3.07584 1.86422,
	3.07406 1.86102,
	3.07296 1.85752,
	"/>
<Contour name="Ea5(v450)" hidden="false" closed="true" simplified="true" border="1 0 0" fill="1 1 1" mode="9"
 points="3.09596 1.8013,
	3.0964 1.79725,
	3.0977 1.79343,
	3.09978 1.79007,
	3.10252 1.78736,
	3.10576 1.78546,
	3.10931 1.78448,
	3.11297 1.78448,
	3.11653 1.78546,
	3.11977 1.78736,
	3.12251 1.79007,
	3.12459 1.79343,
	3.12589 1.79725,
	3.12633 1.8013,
	3.12589 1.80535,
	3.12459 1.80917,
	3.12251 1.81253,
	3.11977 1.81524,
	3.11653 1.81714,
	3.11297 1.81812,
	3.10931 1.81812,
	3.10576 1.81714,
	3.10252 1.81524,
	3.09978 1.81253,
	3.0977 1.80917,
	3.0964 1.80535,
	"/>
<Contour name="Ea5(v451)" hidden="false" closed="true" simplified="true" border="1 0 0" fill="1 1 1" mode="9"
 points="3.13802 1.74113,
	3.13836 1.73715,
	3.1394 1.73332,
	3.14108 1.72976,
	3.14334 1.72662,
	3.14611 1.724,
	3.14928 1.722,
	3.15275 1.7207,
	3.15638 1.72013,
	3.16004 1.72032,
	3.1636 1.72126,
	3.16693 1.72292,
	3.16992 1.72524,
	3.17245 1.72813,
	3.17443 1.7315,
	3.17579 1.73521,
	3.17648 1.73913,
	3.17648 1.74313,
	3.17579 1.74706,
	3.17443 1.75077,
	3.17245 1.75413,
	3.16992 1.75703,
	3.16693 1.75934,
	3.1636 1.76101,
	3.16004 1.76195,
	3.15638 1.76214,
	3.15275 1.76157,
	3.14928 1.76026,
	3.14611 1.75826,
	3.14334 1.75564,
	3.14108 1.7525,
	3.1394 1.74895,
	"/>
<Contour name="Ea5(v452)" hidden="false" closed="true" simplified="true" border="1 0 0" fill="1 1 1" mode="9"
 points="3.18942 1.72478,
	3.18977 1.72113,
	3.1908 1.7176,
	3.19248 1.71432,
	3.19476 1.7114,
	3.19755 1.70893,
	3.20075 1.707,
	3.20427 1.70567,
	3.20798 1.705,
	3.21175 1.705,
	3.21546 1.70567,
	3.21898 1.707,
	3.22219 1.70893,
	3.22498 1.7114,
	3.22725 1.71432,
	3.22893 1.7176,
	3.22996 1.72113,
	3.23031 1.72478,
	3.22996 1.72843,
	3.22893 1.73195,
	3.22725 1.73523,
	3.22498 1.73816,
	3.22219 1.74063,
	3.21898 1.74256,
	3.21546 1.74388,
	3.21175 1.74455,
	3.20798 1.74455,
	3.20427 1.74388,
	3.20075 1.74256,
	3.19755 1.74063,
	3.19476 1.73816,
	3.19248 1.73523,
	3.1908 1.73195,
	3.18977 1.72843,
	"/>
<Contour name="Ea5(v453)" hidden="false" closed="true" simplified="true" border="1 0 0" fill="1 1 1" mode="9"
 points="3.24784 1.74873,
	3.24828 1.74411,
	3.24958 1.73977,
	3.25166 1.73594,
	3.2544 1.73286,
	3.25764 1.7307,
	3.26119 1.72959,
	3.26486 1.72959,
	3.26841 1.7307,
	3.27165 1.73286,
	3.27439 1.73594,
	3.27647 1.73977,
	3.27777 1.74411,
	3.27821 1.74873,
	3.27777 1.75334,
	3.27647 1.75769,
	3.27439 1.76151,
	3.27165 1.76459,
	3.26841 1.76675,
	3.26486 1.76786,
	3.26119 1.76786,
	3.25764 1.76675,
	3.2544 1.76459,
	3.25166 1.76151,
	3.24958 1.75769,
	3.24828 1.75334,
	"/>
<Contour name="Ea5(v455)" hidden="false" closed="true" simplified="true" border="1 0 0" fill="1 1 1" mode="9"
 points="3.20695 1.67279,
	3.20729 1.66892,
	3.20833 1.66519,
	3.21001 1.66173,
	3.21227 1.65868,
	3.21504 1.65613,
	3.21821 1.65419,
	3.22168 1.65292,
	3.22531 1.65236,
	3.22897 1.65255,
	3.23253 1.65347,
	3.23586 1.65508,
	3.23885 1.65733,
	3.24138 1.66015,
	3.24336 1.66342,
	3.24472 1.66703,
	3.24541 1.67084,
	3.24541 1.67473,
	3.24472 1.67855,
	3.24336 1.68216,
	3.24138 1.68543,
	3.23885 1.68824,
	3.23586 1.69049,
	3.23253 1.69211,
	3.22897 1.69302,
	3.22531 1.69321,
	3.22168 1.69266,
	3.21821 1.69138,
	3.21504 1.68944,
	3.21227 1.6869,
	3.21001 1.68384,
	3.20833 1.68039,
	"/>
<Contour name="Ea5(v456)" hidden="false" closed="true" simplified="true" border="1 0 0" fill="1 1 1" mode="9"
 points="3.1497 1.68797,
	3.15009 1.68433,
	3.15126 1.68083,
	3.15315 1.67763,
	3.15569 1.67485,
	3.15878 1.67261,
	3.16228 1.67099,
	3.16606 1.67007,
	3.16995 1.66989,
	3.17381 1.67044,
	3.17746 1.67172,
	3.18078 1.67365,
	3.1836 1.67618,
	3.18583 1.67919,
	3.18737 1.68255,
	3.18815 1.68614,
	3.18815 1.68981,
	3.18737 1.6934,
	3.18583 1.69676,
	3.1836 1.69977,
	3.18078 1.70229,
	3.17746 1.70423,
	3.17381 1.70551,
	3.16995 1.70606,
	3.16606 1.70587,
	3.16228 1.70496,
	3.15878 1.70334,
	3.15569 1.7011,
	3.15315 1.69832,
	3.15126 1.69512,
	3.15009 1.69162,
	"/>
<Contour name="Ea5(v457)" hidden="false" closed="true" simplified="true" border="1 0 0" fill="1 1 1" mode="9"
 points="3.19877 1.62197,
	3.19918 1.61807,
	3.20039 1.61436,
	3.20234 1.61104,
	3.20493 1.60826,
	3.20803 1.60618,
	3.21148 1.60488,
	3.21512 1.60444,
	3.21876 1.60488,
	3.22222 1.60618,
	3.22532 1.60826,
	3.22791 1.61104,
	3.22986 1.61436,
	3.23107 1.61807,
	3.23148 1.62197,
	3.23107 1.62586,
	3.22986 1.62957,
	3.22791 1.63289,
	3.22532 1.63567,
	3.22222 1.63775,
	3.21876 1.63905,
	3.21512 1.63949,
	3.21148 1.63905,
	3.20803 1.63775,
	3.20493 1.63567,
	3.20234 1.63289,
	3.20039 1.62957,
	"/>
<Contour name="Ea5(v458)" hidden="false" closed="true" simplified="true" border="1 0 0" fill="1 1 1" mode="9"
 points="3.24199 1.61496,
	3.24234 1.61075,
	3.24338 1.60671,
	3.24505 1.60295,
	3.24732 1.59964,
	3.25009 1.59687,
	3.25326 1.59476,
	3.25673 1.59338,
	3.26035 1.59278,
	3.26402 1.59298,
	3.26758 1.59398,
	3.27091 1.59573,
	3.2739 1.59818,
	3.27642 1.60123,
	3.27841 1.60478,
	3.27977 1.6087,
	3.28046 1.61285,
	3.28046 1.61707,
	3.27977 1.62121,
	3.27841 1.62513,
	3.27642 1.62868,
	3.2739 1.63173,
	3.27091 1.63418,
	3.26758 1.63593,
	3.26402 1.63693,
	3.26035 1.63713,
	3.25673 1.63653,
	3.25326 1.63515,
	3.25009 1.63304,
	3.24732 1.63027,
	3.24505 1.62696,
	3.24338 1.62321,
	"/>
<Contour name="Ea5(v459)" hidden="false" closed="true" simplified="true" border="1 0 0" fill="1 1 1" mode="9"
 points="3.28873 1.58808,
	3.28908 1.58344,
	3.29011 1.57897,
	3.29179 1.57482,
	3.29405 1.57115,
	3.29682 1.5681,
	3.3 1.56577,
	3.30346 1.56424,
	3.30709 1.56358,
	3.31075 1.5638,
	3.31431 1.5649,
	3.31764 1.56684,
	3.32063 1.56954,
	3.32316 1.57292,
	3.32514 1.57684,
	3.3265 1.58117,
	3.32719 1.58575,
	3.32719 1.59042,
	3.3265 1.595,
	3.32514 1.59933,
	3.32316 1.60325,
	3.32063 1.60663,
	3.31764 1.60933,
	3.31431 1.61127,
	3.31075 1.61237,
	3.30709 1.61259,
	3.30346 1.61193,
	3.3 1.6104,
	3.29682 1.60807,
	3.29405 1.60501,
	3.29179 1.60135,
	3.29011 1.5972,
	"/>
<Contour name="Ea5(v460)" hidden="false" closed="true" simplified="true" border="1 0 0" fill="1 1 1" mode="9"
 points="3.24083 1.55829,
	3.24126 1.55465,
	3.24255 1.55118,
	3.24464 1.54804,
	3.24742 1.54538,
	3.25076 1.54333,
	3.25452 1.54197,
	3.25851 1.54138,
	3.26254 1.54157,
	3.26644 1.54255,
	3.27001 1.54427,
	3.27309 1.54664,
	3.27554 1.54956,
	3.27723 1.55288,
	3.2781 1.55646,
	3.2781 1.56012,
	3.27723 1.5637,
	3.27554 1.56703,
	3.27309 1.56994,
	3.27001 1.57231,
	3.26644 1.57403,
	3.26254 1.57501,
	3.25851 1.57521,
	3.25452 1.57462,
	3.25076 1.57326,
	3.24742 1.5712,
	3.24464 1.56854,
	3.24255 1.56541,
	"/>
<Contour name="Ea5(v461)" hidden="false" closed="true" simplified="true" border="1 0 0" fill="1 1 1" mode="9"
 points="3.28762 1.52676,
	3.28816 1.52177,
	3.28976 1.51714,
	3.29228 1.51323,
	3.29554 1.51032,
	3.29931 1.50864,
	3.3033 1.50829,
	3.30721 1.50932,
	3.31076 1.51164,
	3.31369 1.51508,
	3.31576 1.51938,
	3.31684 1.52424,
	3.31684 1.52928,
	3.31576 1.53413,
	3.31369 1.53844,
	3.31076 1.54188,
	3.30721 1.5442,
	3.3033 1.54523,
	3.29931 1.54488,
	3.29554 1.54319,
	3.29228 1.54029,
	3.28976 1.53638,
	3.28816 1.53175,
	"/>
<Contour name="Ea5(v462)" hidden="false" closed="true" simplified="true" border="1 0 0" fill="1 1 1" mode="9"
 points="3.30677 1.47251,
	3.30723 1.46779,
	3.3086 1.46334,
	3.3108 1.45938,
	3.31371 1.45612,
	3.31717 1.45375,
	3.32101 1.45239,
	3.325 1.45211,
	3.32894 1.45294,
	3.33262 1.45482,
	3.33583 1.45765,
	3.3384 1.46128,
	3.34019 1.46552,
	3.34112 1.47013,
	3.34112 1.47488,
	3.34019 1.47949,
	3.3384 1.48373,
	3.33583 1.48736,
	3.33262 1.49019,
	3.32894 1.49207,
	3.325 1.4929,
	3.32101 1.49262,
	3.31717 1.49126,
	3.31371 1.48889,
	3.3108 1.48563,
	3.3086 1.48167,
	"/>
<Contour name="Ea5(v463)" hidden="false" closed="true" simplified="true" border="1 0 0" fill="1 1 1" mode="9"
 points="3.32974 1.52995,
	3.33016 1.52517,
	3.3314 1.5206,
	3.3334 1.51644,
	3.33608 1.51287,
	3.33932 1.51005,
	3.34298 1.5081,
	3.34689 1.5071,
	3.35089 1.5071,
	3.35481 1.5081,
	3.35847 1.51005,
	3.36171 1.51287,
	3.36438 1.51644,
	3.36639 1.5206,
	3.36762 1.52517,
	3.36804 1.52995,
	3.36762 1.53473,
	3.36639 1.5393,
	3.36438 1.54346,
	3.36171 1.54703,
	3.35847 1.54985,
	3.35481 1.5518,
	3.35089 1.5528,
	3.34689 1.5528,
	3.34298 1.5518,
	3.33932 1.54985,
	3.33608 1.54703,
	3.3334 1.54346,
	3.3314 1.5393,
	3.33016 1.53473,
	"/>
</Transform>

<Transform dim="0"
 xcoef=" 0 1 0 0 0 0"
 ycoef=" 0 0 1 0 0 0">
<Contour name="Ea5(endo1)" hidden="false" closed="true" simplified="true" border="1 1 0" fill="1 1 1" mode="9"
 points="3.49221 1.661,
	3.50363 1.64272,
	3.51049 1.63358,
	3.51506 1.62901,
	3.5242 1.62559,
	3.53334 1.62559,
	3.53791 1.62673,
	3.55047 1.64501,
	3.55618 1.65414,
	3.55618 1.66328,
	3.55618 1.66785,
	3.54704 1.67585,
	3.53791 1.68156,
	3.52877 1.68499,
	3.51963 1.6907,
	3.51049 1.69413,
	3.50135 1.69299,
	3.49678 1.6907,
	3.4945 1.68842,
	3.49221 1.67928,
	3.49221 1.66214,
	"/>
</Transform>

<Transform dim="0"
 xcoef=" 0 1 0 0 0 0"
 ycoef=" 0 0 1 0 0 0">
<Contour name="Ea5(v466)" hidden="false" closed="true" simplified="true" border="0.612 0.275 0.643" fill="0.459 0.729 1" mode="9"
 points="2.56639 2.92695,
	2.56748 2.92066,
	2.57063 2.91499,
	2.57554 2.91049,
	2.58173 2.9076,
	2.58859 2.9066,
	2.59545 2.9076,
	2.60163 2.91049,
	2.60654 2.91499,
	2.6097 2.92066,
	2.61078 2.92695,
	2.6097 2.93324,
	2.60654 2.93891,
	2.60163 2.94341,
	2.59545 2.9463,
	2.58859 2.9473,
	2.58173 2.9463,
	2.57554 2.94341,
	2.57063 2.93891,
	"/>
</Transform>

<Transform dim="0"
 xcoef=" 0 1 0 0 0 0"
 ycoef=" 0 0 1 0 0 0">
<Contour name="Ea5(ER)" hidden="false" closed="true" simplified="true" border="0 0.882 0.882" fill="0.502 1 1" mode="9"
 points="3.99962 0.809388,
	4.00572 0.797917,
	4.01145 0.795408,
	4.01719 0.793616,
	4.02006 0.791824,
	4.02579 0.790748,
	4.03153 0.791824,
	4.03296 0.792182,
	4.03547 0.79505,
	4.0412 0.80652,
	4.04228 0.809388,
	4.04264 0.820858,
	4.04228 0.826594,
	4.0412 0.832329,
	4.03869 0.838064,
	4.03296 0.841649,
	4.03009 0.843082,
	4.02436 0.843082,
	4.01862 0.842007,
	4.01289 0.839498,
	4.01002 0.837347,
	4.00536 0.831612,
	4.00285 0.825877,
	4.00177 0.823009,
	4.00106 0.821575,
	3.99962 0.810105,
	3.99962 0.809746,
	"/>
</Transform>

<Transform dim="0"
 xcoef=" 0 1 0 0 0 0"
 ycoef=" 0 0 1 0 0 0">
<Contour name="Ea5(ER)" hidden="false" closed="true" simplified="true" border="0 0.882 0.882" fill="0.502 1 1" mode="9"
 points="3.87601 0.690801,
	3.87866 0.683738,
	3.88219 0.676675,
	3.88661 0.669611,
	3.89676 0.655485,
	3.89853 0.651954,
	3.89897 0.623701,
	3.89985 0.609575,
	3.90073 0.602512,
	3.89985 0.588386,
	3.89941 0.584854,
	3.89853 0.583088,
	3.89764 0.568962,
	3.89544 0.554836,
	3.89632 0.547773,
	3.8972 0.544241,
	3.9153 0.515989,
	3.91751 0.508925,
	3.91839 0.505394,
	3.9206 0.501862,
	3.92369 0.498331,
	3.92766 0.491268,
	3.92943 0.487736,
	3.93649 0.482439,
	3.93826 0.481114,
	3.94179 0.480232,
	3.94355 0.47979,
	3.94709 0.480232,
	3.94885 0.480673,
	3.94973 0.480673,
	3.95106 0.482439,
	3.95194 0.489502,
	3.95194 0.496565,
	3.95106 0.503628,
	3.95062 0.50716,
	3.95018 0.508925,
	3.95106 0.515989,
	3.95327 0.523052,
	3.95547 0.537178,
	3.95547 0.540268,
	3.95283 0.547773,
	3.94929 0.551304,
	3.94753 0.55307,
	3.94002 0.567196,
	3.93649 0.574259,
	3.93208 0.581322,
	3.93075 0.584854,
	3.93031 0.588386,
	3.92413 0.602512,
	3.91972 0.616638,
	3.91751 0.623701,
	3.91751 0.637827,
	3.91619 0.651954,
	3.9153 0.659017,
	3.91486 0.662548,
	3.9078 0.676675,
	3.90427 0.683738,
	3.89014 0.696981,
	3.88661 0.69963,
	3.87955 0.701837,
	3.87778 0.702278,
	3.87646 0.698747,
	3.87601 0.691684,
	3.87601 0.691242,
	"/>
</Transform>

<Transform dim="0"
 xcoef=" 0 1 0 0 0 0"
 ycoef=" 0 0 1 0 0 0">
<Contour name="Ea5(ER)" hidden="false" closed="true" simplified="true" border="0 0.882 0.882" fill="0.502 1 1" mode="9"
 points="3.9405 0.952523,
	3.96356 0.972699,
	3.97509 0.981345,
	3.99815 0.992874,
	4.00247 0.998639,
	4.00391 1.0044,
	4.00103 1.01593,
	3.99383 1.02746,
	3.99094 1.0289,
	3.97941 1.02458,
	3.95636 1.0044,
	3.94483 0.994315,
	3.92177 0.984228,
	3.91024 0.982786,
	3.9088 0.982786,
	3.90304 0.979904,
	3.89871 0.979904,
	3.88863 0.978463,
	3.8771 0.968375,
	3.87277 0.962611,
	3.86989 0.959729,
	3.89151 0.936671,
	3.89151 0.933789,
	3.90304 0.926583,
	3.90592 0.925142,
	3.92898 0.940994,
	3.93906 0.951082,
	"/>
</Transform>

<Transform dim="0"
 xcoef=" 0 1 0 0 0 0"
 ycoef=" 0 0 1 0 0 0">
<Contour name="Ea5(ER)" hidden="false" closed="true" simplified="true" border="0 0.882 0.882" fill="0.502 1 1" mode="9"
 points="3.56382 1.46558,
	3.5714 1.45041,
	3.58088 1.43524,
	3.58562 1.42766,
	3.58752 1.41249,
	3.59226 1.39732,
	3.59416 1.38974,
	3.5989 1.38215,
	3.60553 1.37457,
	3.60932 1.37078,
	3.61027 1.36983,
	3.61312 1.37362,
	3.61501 1.38121,
	3.61596 1.41154,
	3.62354 1.42671,
	3.63302 1.44188,
	3.63587 1.44567,
	3.6662 1.46179,
	3.67379 1.46653,
	3.67758 1.47032,
	3.67948 1.47221,
	3.67853 1.4798,
	3.67094 1.48643,
	3.65578 1.48928,
	3.62544 1.48928,
	3.6188 1.48928,
	3.60648 1.49117,
	3.59131 1.49117,
	3.58373 1.49307,
	3.57614 1.49117,
	3.56856 1.48454,
	3.56477 1.47695,
	3.56382 1.46937,
	3.56382 1.46653,
	"/>
</Transform>

<Transform dim="0"
 xcoef=" 0 1 0 0 0 0"
 ycoef=" 0 0 1 0 0 0">
<Contour name="Ea5(mito1)" hidden="false" closed="true" simplified="true" border="0 0 1" fill="0 0 1" mode="9"
 points="2.6019 2.99818,
	2.60702 2.98999,
	2.61419 2.98179,
	2.61829 2.9777,
	2.62648 2.97463,
	2.63057 2.97258,
	2.64696 2.98077,
	2.65515 2.98487,
	2.65822 2.98794,
	2.66948 3.02071,
	2.67972 3.03709,
	2.68689 3.05347,
	2.69406 3.08624,
	2.69611 3.10262,
	2.69816 3.11081,
	2.69816 3.1272,
	2.69201 3.14358,
	2.68792 3.15996,
	2.68587 3.17635,
	2.68792 3.19273,
	2.69406 3.20912,
	2.69611 3.21731,
	2.69611 3.21936,
	2.70942 3.23574,
	2.71761 3.25212,
	2.72273 3.26851,
	2.72683 3.30127,
	2.72887 3.31766,
	2.72683 3.33404,
	2.72273 3.35042,
	2.72273 3.35247,
	2.71556 3.36066,
	2.71249 3.36476,
	2.69611 3.36578,
	2.67972 3.35042,
	2.67768 3.34838,
	2.66641 3.28284,
	2.66539 3.27465,
	2.649 3.24188,
	2.64491 3.23369,
	2.63877 3.20092,
	2.64081 3.18454,
	2.62955 3.11901,
	2.62136 3.08624,
	2.62033 3.06986,
	2.62033 3.06166,
	2.61521 3.04528,
	2.60805 3.03709,
	2.60395 3.03299,
	2.6019 3.01661,
	2.6019 3.00023,
	2.6019 2.9992,
	"/>
</Transform>

<Transform dim="0"
 xcoef=" 0 1 0 0 0 0"
 ycoef=" 0 0 1 0 0 0">
<Contour name="Ea5(ER)" hidden="false" closed="true" simplified="true" border="0 0.882 0.882" fill="0.502 1 1" mode="9"
 points="2.56222 2.89784,
	2.56651 2.89097,
	2.57252 2.88668,
	2.57595 2.88496,
	2.58968 2.88925,
	2.59312 2.89097,
	2.59483 2.89269,
	2.59483 2.89955,
	2.59569 2.90299,
	2.60943 2.90728,
	2.61629 2.9047,
	2.61973 2.90384,
	2.62144 2.90299,
	2.62316 2.88925,
	2.62402 2.88239,
	2.62488 2.87895,
	2.62745 2.87638,
	2.63088 2.87552,
	2.63775 2.87809,
	2.64462 2.88496,
	2.64634 2.89183,
	2.64719 2.89526,
	2.65578 2.90899,
	2.66694 2.92273,
	2.66951 2.9296,
	2.6635 2.94333,
	2.66093 2.9459,
	2.65749 2.94676,
	2.65406 2.94505,
	2.64119 2.93131,
	2.62745 2.93045,
	2.61372 2.93818,
	2.60685 2.94333,
	2.59998 2.9459,
	2.59655 2.94762,
	2.58282 2.94419,
	2.57681 2.93818,
	2.57423 2.93475,
	2.57166 2.92788,
	2.56479 2.92101,
	2.56307 2.90728,
	2.56222 2.90041,
	2.56222 2.89869,
	"/>
</Transform>

<Transform dim="0"
 xcoef=" 0 1 0 0 0 0"
 ycoef=" 0 0 1 0 0 0">
<Contour name="Ea2(ER)" hidden="false" closed="true" simplified="true" border="0.607843 0.768627 0.956863" fill="0.733333 0.752941 0.94902" mode="9"
 points="0.153504 -0.658374,
	0.158173 -0.658958,
	0.162842 -0.658374,
	0.167512 -0.656039,
	0.169846 -0.654872,
	0.178601 -0.645533,
	0.182687 -0.636195,
	0.185022 -0.631525,
	0.19436 -0.623938,
	0.19903 -0.620436,
	0.201364 -0.618685,
	0.20545 -0.609346,
	0.21187 -0.600007,
	0.215372 -0.595338,
	0.224127 -0.586,
	0.228213 -0.58133,
	0.232882 -0.577828,
	0.235801 -0.573159,
	0.238719 -0.56382,
	0.243388 -0.560318,
	0.247474 -0.555649,
	0.249225 -0.553314,
	0.250392 -0.552147,
	0.250976 -0.547478,
	0.25156 -0.545143,
	0.260898 -0.538139,
	0.270237 -0.5288,
	0.274906 -0.524131,
	0.279575 -0.520629,
	0.28833 -0.51129,
	0.293583 -0.501952,
	0.295334 -0.497282,
	0.295918 -0.494948,
	0.300587 -0.490278,
	0.303506 -0.485609,
	0.305257 -0.48094,
	0.312844 -0.471601,
	0.319265 -0.462263,
	0.324518 -0.452924,
	0.328603 -0.443585,
	0.331522 -0.434247,
	0.335607 -0.415569,
	0.33444 -0.406231,
	0.336775 -0.387553,
	0.338526 -0.382884,
	0.339109 -0.380549,
	0.344946 -0.371211,
	0.347864 -0.366542,
	0.349032 -0.364207,
	0.349615 -0.36304,
	0.344946 -0.358954,
	0.340277 -0.357787,
	0.337942 -0.35837,
	0.333273 -0.361289,
	0.316346 -0.379382,
	0.312261 -0.384051,
	0.309926 -0.386386,
	0.307008 -0.395725,
	0.306424 -0.398059,
	0.300004 -0.407398,
	0.297085 -0.412067,
	0.288914 -0.419655,
	0.287163 -0.42199,
	0.286579 -0.440667,
	0.286579 -0.450006,
	0.285412 -0.454675,
	0.285412 -0.464014,
	0.283077 -0.473352,
	0.278992 -0.482691,
	0.270237 -0.492029,
	0.263817 -0.501368,
	0.254478 -0.509539,
	0.239303 -0.527633,
	0.234633 -0.531719,
	0.228213 -0.541057,
	0.22296 -0.550396,
	0.220625 -0.555065,
	0.218874 -0.564404,
	0.218291 -0.566739,
	0.214789 -0.571408,
	0.20545 -0.580747,
	0.201364 -0.585416,
	0.197279 -0.594755,
	0.194944 -0.599424,
	0.180352 -0.618101,
	0.167512 -0.636778,
	0.161675 -0.646117,
	0.154088 -0.655456,
	0.153504 -0.65779,
	"/>
</Transform>

<Transform dim="0"
 xcoef=" 0 1 0 0 0 0"
 ycoef=" 0 0 1 0 0 0">
<Contour name="Ea5(ER)" hidden="false" closed="true" simplified="true" border="0 0.882 0.882" fill="0.502 1 1" mode="9"
 points="3.36119 2.16717,
	3.36247 2.16032,
	3.36632 2.14662,
	3.36718 2.1432,
	3.3706 2.13635,
	3.37232 2.13293,
	3.37917 2.12907,
	3.38088 2.12822,
	3.3843 2.12779,
	3.39115 2.12864,
	3.39458 2.1295,
	3.39629 2.12993,
	3.40314 2.12779,
	3.40656 2.1265,
	3.42026 2.11709,
	3.42369 2.11366,
	3.43054 2.10938,
	3.44423 2.11109,
	3.44595 2.11195,
	3.45279 2.11024,
	3.46649 2.10424,
	3.47334 2.10125,
	3.47634 2.09782,
	3.47805 2.09611,
	3.4849 2.08241,
	3.48875 2.07556,
	3.49004 2.07385,
	3.49389 2.06015,
	3.49475 2.05673,
	3.50117 2.04303,
	3.5063 2.02933,
	3.50759 2.02248,
	3.50844 2.00878,
	3.50844 2.00193,
	3.51016 1.98824,
	3.51101 1.98139,
	3.51872 1.95399,
	3.52043 1.94029,
	3.52685 1.9129,
	3.52985 1.8992,
	3.53156 1.89235,
	3.5307 1.8855,
	3.52899 1.87865,
	3.52771 1.87523,
	3.52728 1.8718,
	3.53199 1.8444,
	3.53541 1.83071,
	3.54055 1.81701,
	3.54397 1.81016,
	3.55382 1.79646,
	3.55639 1.79304,
	3.55981 1.78619,
	3.56195 1.77934,
	3.55981 1.75194,
	3.55853 1.74509,
	3.55639 1.73824,
	3.55682 1.73139,
	3.55853 1.72454,
	3.56752 1.71085,
	3.57565 1.69715,
	3.5795 1.6903,
	3.58079 1.68687,
	3.58122 1.68345,
	3.5825 1.68002,
	3.58721 1.67317,
	3.59449 1.65948,
	3.60134 1.65562,
	3.60476 1.65434,
	3.60647 1.65391,
	3.60733 1.65348,
	3.60904 1.65434,
	3.61075 1.65776,
	3.61118 1.66119,
	3.60605 1.68859,
	3.60476 1.69543,
	3.60433 1.69886,
	3.6039 1.70057,
	3.60519 1.704,
	3.60776 1.70742,
	3.60947 1.71127,
	3.60947 1.71812,
	3.61118 1.72155,
	3.61204 1.7284,
	3.61161 1.73182,
	3.59834 1.75922,
	3.59534 1.76607,
	3.59149 1.77976,
	3.58849 1.79346,
	3.57522 1.82086,
	3.5718 1.82771,
	3.57052 1.84141,
	3.57009 1.84826,
	3.57094 1.86195,
	3.57351 1.87565,
	3.57437 1.8825,
	3.57266 1.8962,
	3.5688 1.9099,
	3.56367 1.9236,
	3.55767 1.9373,
	3.55596 1.94415,
	3.55254 1.95099,
	3.55082 1.95442,
	3.54868 1.96127,
	3.54312 1.98866,
	3.5367 2.01606,
	3.52728 2.07085,
	3.526 2.0777,
	3.51658 2.1051,
	3.51273 2.11195,
	3.50673 2.11837,
	3.49988 2.12394,
	3.49646 2.12565,
	3.48276 2.12993,
	3.47591 2.13164,
	3.4742 2.1325,
	3.47249 2.1325,
	3.47077 2.13335,
	3.45708 2.14491,
	3.45023 2.15048,
	3.43653 2.1569,
	3.42283 2.16032,
	3.41941 2.16118,
	3.41256 2.1646,
	3.40571 2.16974,
	3.40228 2.17188,
	3.39543 2.17744,
	3.38858 2.18087,
	3.38687 2.18173,
	3.38002 2.18258,
	3.3766 2.18301,
	3.37317 2.18215,
	3.36675 2.17573,
	3.36162 2.16888,
	3.36119 2.1676,
	"/>
</Transform>

<Transform dim="0"
 xcoef=" 0 1 0 0 0 0"
 ycoef=" 0 0 1 0 0 0">
<Contour name="Ea5(ER)" hidden="false" closed="true" simplified="true" border="0 0.882 0.882" fill="0.502 1 1" mode="9"
 points="2.62355 2.81874,
	2.61901 2.81147,
	2.61674 2.80784,
	2.61402 2.80058,
	2.61311 2.79694,
	2.61357 2.78968,
	2.6172 2.77515,
	2.61901 2.76788,
	2.61901 2.76698,
	2.62446 2.75971,
	2.62764 2.75608,
	2.62855 2.75517,
	2.63036 2.72611,
	2.62673 2.69705,
	2.62855 2.68979,
	2.63899 2.67526,
	2.64626 2.66981,
	2.66079 2.66391,
	2.66805 2.66209,
	2.67531 2.65619,
	2.68258 2.64938,
	2.69711 2.6403,
	2.70437 2.63485,
	2.71209 2.62032,
	2.71618 2.60579,
	2.72344 2.59126,
	2.73797 2.57991,
	2.75205 2.56538,
	2.78065 2.54359,
	2.78383 2.53632,
	2.78565 2.53269,
	2.79745 2.51816,
	2.79927 2.5168,
	2.80018 2.51589,
	2.80381 2.51771,
	2.81107 2.51408,
	2.8256 2.51771,
	2.84013 2.51589,
	2.85466 2.505,
	2.86011 2.49047,
	2.85829 2.48865,
	2.86874 2.47412,
	2.92685 2.44143,
	2.93049 2.43961,
	2.93139 2.43916,
	2.93866 2.44098,
	2.94774 2.45551,
	2.94592 2.47003,
	2.95319 2.48456,
	2.955 2.4882,
	2.9373 2.51725,
	2.90824 2.54268,
	2.89916 2.55721,
	2.89371 2.56447,
	2.87918 2.57038,
	2.87191 2.57083,
	2.85738 2.56992,
	2.85012 2.56902,
	2.83559 2.56493,
	2.82106 2.55993,
	2.82015 2.55948,
	2.81289 2.5613,
	2.79927 2.57583,
	2.792 2.59035,
	2.79019 2.59399,
	2.78928 2.5958,
	2.77475 2.6067,
	2.76204 2.62123,
	2.75477 2.62849,
	2.74751 2.64302,
	2.74387 2.65029,
	2.71482 2.67072,
	2.6962 2.69978,
	2.69257 2.70704,
	2.67804 2.71295,
	2.67077 2.71794,
	2.66714 2.7252,
	2.66669 2.72611,
	2.67032 2.74064,
	2.6685 2.75517,
	2.66124 2.7697,
	2.65942 2.78423,
	2.65942 2.78605,
	2.65942 2.7865,
	2.65852 2.78741,
	2.65852 2.78786,
	2.6567 2.79104,
	2.65397 2.79558,
	2.65034 2.79785,
	2.64671 2.79921,
	2.64308 2.80285,
	2.64126 2.80466,
	2.64035 2.80829,
	2.63945 2.80966,
	2.63945 2.81329,
	2.63854 2.8151,
	2.63854 2.82237,
	2.63808 2.82419,
	2.63672 2.826,
	2.63354 2.82782,
	2.62991 2.82555,
	2.62628 2.82237,
	2.62401 2.81919,
	"/>
</Transform>

<Transform dim="0"
 xcoef=" 0 1 0 0 0 0"
 ycoef=" 0 0 1 0 0 0">
<Contour name="Ea2" hidden="false" closed="true" simplified="true" border="0.984314 0.207843 0.0156863" fill="1 1 0.690196" mode="9"
 points="-0.0377866 -0.781199,
	0.0549896 -0.961128,
	0.101378 -1.05109,
	0.109812 -1.03985,
	0.111218 -1.01736,
	0.111218 -1.00611,
	0.111218 -1.00049,
	0.130897 -0.955505,
	0.139332 -0.933014,
	0.142143 -0.921769,
	0.154794 -0.899277,
	0.160417 -0.888032,
	0.164634 -0.882409,
	0.170257 -0.859918,
	0.17588 -0.814935,
	0.181503 -0.792444,
	0.189937 -0.769953,
	0.192748 -0.76433,
	0.194154 -0.741839,
	0.198371 -0.719348,
	0.199777 -0.708102,
	0.216645 -0.66312,
	0.220862 -0.651874,
	0.247571 -0.606892,
	0.25741 -0.595646,
	0.261628 -0.591429,
	0.279902 -0.568938,
	0.323478 -0.525361,
	0.34597 -0.504276,
	0.364244 -0.481784,
	0.378301 -0.459293,
	0.389546 -0.436802,
	0.396575 -0.414311,
	0.409226 -0.39182,
	0.419066 -0.369328,
	0.431717 -0.346837,
	0.441557 -0.324346,
	0.442963 -0.318723,
	0.444369 -0.315912,
	0.438746 -0.304666,
	0.428906 -0.294826,
	0.41766 -0.289203,
	0.395169 -0.286392,
	0.372678 -0.287798,
	0.327695 -0.297638,
	0.282713 -0.3131,
	0.261628 -0.334186,
	0.254599 -0.344026,
	0.250382 -0.349649,
	0.239136 -0.351054,
	0.233514 -0.35246,
	0.225079 -0.3623,
	0.220862 -0.367923,
	0.218051 -0.379168,
	0.223674 -0.424151,
	0.219457 -0.446642,
	0.218051 -0.452265,
	0.198371 -0.474756,
	0.187125 -0.486002,
	0.181503 -0.491624,
	0.163229 -0.536607,
	0.153389 -0.559098,
	0.13652 -0.581589,
	0.125275 -0.592835,
	0.11684 -0.60408,
	0.112623 -0.609703,
	0.0901321 -0.622354,
	0.0676409 -0.632194,
	0.0493668 -0.65328,
	0.0367155 -0.675771,
	0.0310927 -0.687017,
	0.0268756 -0.692639,
	0.0184414 -0.715131,
	-0.00404981 -0.736216,
	-0.012484 -0.747462,
	-0.0335695 -0.769953,
	-0.0377866 -0.77417,
	-0.0377866 -0.779793,
	"/>
</Transform>

<Transform dim="0"
 xcoef=" 0 1 0 0 0 0"
 ycoef=" 0 0 1 0 0 0">
<Contour name="Ea5" hidden="false" closed="true" simplified="true" border="0.984314 0.207843 0.0156863" fill="1 1 0.690196" mode="9"
 points="2.44288 2.95794,
	2.45079 2.94387,
	2.45255 2.94036,
	2.48069 2.91221,
	2.53697 2.87792,
	2.54049 2.87704,
	2.54401 2.8744,
	2.54753 2.87352,
	2.5616 2.86385,
	2.56863 2.85945,
	2.5827 2.84626,
	2.58534 2.84274,
	2.58534 2.83922,
	2.58886 2.83219,
	2.59062 2.82515,
	2.59062 2.81108,
	2.59062 2.80405,
	2.59238 2.79701,
	2.59238 2.76887,
	2.59238 2.7548,
	2.59238 2.75128,
	2.58622 2.73721,
	2.57743 2.72314,
	2.56424 2.70907,
	2.5616 2.70203,
	2.55896 2.69852,
	2.55192 2.67037,
	2.54841 2.6563,
	2.54577 2.64927,
	2.54753 2.64223,
	2.55192 2.6352,
	2.55896 2.62904,
	2.57303 2.62113,
	2.58006 2.61849,
	2.58182 2.61761,
	2.59589 2.62201,
	2.60997 2.63344,
	2.61348 2.63608,
	2.62052 2.63784,
	2.62755 2.63784,
	2.63107 2.63784,
	2.64426 2.62377,
	2.6469 2.61673,
	2.64602 2.6097,
	2.6469 2.60266,
	2.63987 2.5965,
	2.62579 2.58683,
	2.62228 2.58331,
	2.61524 2.57892,
	2.59941 2.55077,
	2.59853 2.5499,
	2.60557 2.53582,
	2.66185 2.50504,
	2.68999 2.49097,
	2.70406 2.48306,
	2.71637 2.46899,
	2.72693 2.45492,
	2.74012 2.44085,
	2.76826 2.42062,
	2.7964 2.40567,
	2.79992 2.39864,
	2.78937 2.37049,
	2.78409 2.35642,
	2.78145 2.34939,
	2.78761 2.32125,
	2.79112 2.30718,
	2.8052 2.27903,
	2.81839 2.26496,
	2.82278 2.25793,
	2.83246 2.22979,
	2.83334 2.22627,
	2.85532 2.19813,
	2.90545 2.14185,
	2.91688 2.12778,
	2.92304 2.12074,
	2.93711 2.11283,
	2.96525 2.10315,
	2.97932 2.097,
	2.98548 2.08996,
	2.99339 2.06182,
	2.99603 2.04775,
	3.00658 2.01961,
	3.01098 2.00554,
	3.0145 1.94925,
	3.01186 1.92111,
	3.01098 1.90704,
	3.00922 1.90001,
	3.00746 1.89649,
	3.00658 1.89473,
	3.00746 1.89297,
	3.00658 1.89121,
	3.01538 1.87714,
	3.04352 1.87187,
	3.05055 1.87099,
	3.05759 1.86835,
	3.06462 1.86131,
	3.07078 1.84724,
	3.07254 1.83317,
	3.0743 1.82614,
	3.07166 1.79799,
	3.06726 1.78392,
	3.06374 1.77689,
	3.06111 1.76282,
	3.06023 1.74875,
	3.06198 1.72061,
	3.06374 1.71357,
	3.07078 1.6995,
	3.08485 1.69246,
	3.09892 1.68719,
	3.11299 1.67927,
	3.12003 1.674,
	3.16488 1.61771,
	3.18598 1.58957,
	3.19829 1.5755,
	3.21324 1.54736,
	3.2194 1.53329,
	3.22292 1.51922,
	3.23611 1.49108,
	3.25106 1.46294,
	3.25546 1.4559,
	3.26865 1.44183,
	3.29679 1.41897,
	3.31086 1.41105,
	3.31789 1.40841,
	3.33197 1.41193,
	3.34604 1.41809,
	3.37418 1.43392,
	3.38121 1.43743,
	3.4375 1.43919,
	3.44453 1.43919,
	3.4586 1.43568,
	3.48674 1.43304,
	3.50081 1.43128,
	3.50785 1.43128,
	3.53599 1.42073,
	3.55006 1.41193,
	3.5738 1.38379,
	3.58084 1.36972,
	3.58612 1.35565,
	3.58436 1.34158,
	3.58348 1.33454,
	3.5826 1.33102,
	3.58612 1.32399,
	3.60634 1.29585,
	3.61778 1.28178,
	3.62217 1.27474,
	3.62481 1.26771,
	3.62481 1.25364,
	3.63185 1.23957,
	3.64592 1.22549,
	3.66438 1.19735,
	3.66702 1.19384,
	3.66878 1.1868,
	3.66878 1.17273,
	3.67054 1.16569,
	3.67406 1.15866,
	3.68461 1.14459,
	3.68901 1.13755,
	3.69165 1.13052,
	3.69604 1.10238,
	3.69868 1.07424,
	3.70132 1.06016,
	3.7022 1.04609,
	3.70132 1.03906,
	3.70396 1.02499,
	3.71099 1.01092,
	3.72067 0.996847,
	3.74705 0.968706,
	3.77519 0.945841,
	3.78223 0.940564,
	3.79014 0.926494,
	3.79454 0.912423,
	3.79718 0.898352,
	3.78838 0.84207,
	3.78223 0.827999,
	3.77783 0.799858,
	3.77871 0.785787,
	3.77871 0.778752,
	3.7919 0.750611,
	3.79894 0.73654,
	3.80333 0.729505,
	3.81828 0.673222,
	3.82268 0.659151,
	3.83587 0.63101,
	3.84203 0.616939,
	3.84466 0.588798,
	3.84466 0.574727,
	3.8473 0.546586,
	3.8517 0.518445,
	3.8517 0.514927,
	3.86577 0.486786,
	3.87281 0.472715,
	3.8772 0.46568,
	3.89127 0.451609,
	3.90534 0.443694,
	3.91941 0.437539,
	3.92645 0.4349,
	3.95459 0.430503,
	3.98273 0.436659,
	3.9968 0.439297,
	4.00384 0.441056,
	4.00736 0.441056,
	4.0355 0.455127,
	4.04253 0.458644,
	4.04605 0.460403,
	4.05309 0.467439,
	4.0566 0.481509,
	4.05221 0.509651,
	4.05133 0.523721,
	4.05045 0.530757,
	4.05397 0.544827,
	4.06716 0.572969,
	4.07771 0.587039,
	4.10585 0.609025,
	4.11992 0.622216,
	4.12432 0.629251,
	4.1252 0.63101,
	4.1208 0.638045,
	4.10849 0.652116,
	4.08035 0.680257,
	4.06628 0.694328,
	4.05836 0.708399,
	4.05485 0.715434,
	4.05309 0.718072,
	4.06716 0.746213,
	4.07507 0.760284,
	4.10145 0.788425,
	4.11289 0.802496,
	4.11728 0.816567,
	4.11904 0.830637,
	4.1164 0.844708,
	4.10937 0.858779,
	4.10497 0.865814,
	4.07859 0.893955,
	4.06452 0.907147,
	4.05836 0.914182,
	4.04341 0.942323,
	4.03902 0.956394,
	4.0311 1.01268,
	4.02758 1.04082,
	4.02582 1.06896,
	4.02494 1.08303,
	4.02758 1.0971,
	4.01703 1.15338,
	4.01263 1.18152,
	4.00472 1.20967,
	4.00208 1.2167,
	3.99153 1.23077,
	3.97746 1.24484,
	3.92117 1.29057,
	3.89215 1.34685,
	3.886 1.36092,
	3.87808 1.38907,
	3.87632 1.3961,
	3.8772 1.41017,
	3.87808 1.41369,
	3.87105 1.44183,
	3.85961 1.46997,
	3.85346 1.48404,
	3.84554 1.49811,
	3.83499 1.51218,
	3.8218 1.52626,
	3.81652 1.53329,
	3.78486 1.58957,
	3.77783 1.59661,
	3.77079 1.59925,
	3.76728 1.59925,
	3.76376 1.60101,
	3.74969 1.59397,
	3.74265 1.58781,
	3.74177 1.58693,
	3.73474 1.59133,
	3.72858 1.59837,
	3.71539 1.62651,
	3.70044 1.65465,
	3.68725 1.68279,
	3.68461 1.69686,
	3.6978 1.725,
	3.70132 1.73907,
	3.70396 1.74611,
	3.7066 1.77425,
	3.70748 1.78129,
	3.70572 1.79536,
	3.70484 1.80239,
	3.69165 1.83053,
	3.68285 1.8446,
	3.6723 1.85867,
	3.65647 1.88682,
	3.62833 1.9431,
	3.60195 1.97124,
	3.59843 1.97476,
	3.54127 2.08732,
	3.5272 2.11546,
	3.5228 2.12953,
	3.52368 2.13657,
	3.52104 2.1436,
	3.51664 2.15064,
	3.50961 2.1568,
	3.48147 2.16999,
	3.4674 2.17438,
	3.43925 2.18758,
	3.41111 2.19637,
	3.39704 2.20077,
	3.34076 2.22627,
	3.31262 2.24034,
	3.28712 2.26848,
	3.25985 2.29662,
	3.23171 2.31949,
	3.20357 2.34059,
	3.1895 2.34851,
	3.17543 2.35115,
	3.14729 2.34675,
	3.11915 2.33356,
	3.11211 2.33004,
	3.09804 2.32652,
	3.08397 2.32828,
	3.07693 2.33268,
	3.07606 2.33356,
	3.08045 2.34059,
	3.08661 2.34763,
	3.09101 2.35466,
	3.09364 2.3617,
	3.09804 2.36874,
	3.0998 2.37225,
	3.11299 2.38632,
	3.12442 2.40039,
	3.12706 2.40743,
	3.12882 2.4215,
	3.12882 2.43557,
	3.12266 2.44964,
	3.11915 2.45668,
	3.11739 2.46019,
	3.11035 2.46723,
	3.10332 2.47163,
	3.09628 2.47866,
	3.08221 2.4813,
	3.07518 2.4813,
	3.06814 2.4857,
	3.06111 2.49185,
	3.05759 2.49361,
	3.05055 2.49977,
	3.04352 2.50417,
	3.04 2.50592,
	3.02857 2.51999,
	3.02769 2.52351,
	3.01801 2.53758,
	3.00658 2.55165,
	2.99339 2.56572,
	2.99251 2.56924,
	2.97844 2.58331,
	2.92216 2.6097,
	2.91512 2.61057,
	2.88698 2.62377,
	2.85884 2.63872,
	2.84477 2.64751,
	2.81663 2.66862,
	2.80959 2.67389,
	2.78321 2.70203,
	2.76122 2.73018,
	2.74715 2.74337,
	2.74012 2.74952,
	2.72869 2.77766,
	2.72077 2.79173,
	2.71549 2.79877,
	2.71198 2.80229,
	2.70142 2.83043,
	2.68647 2.88671,
	2.68559 2.89023,
	2.68999 2.9043,
	2.69439 2.91133,
	2.70846 2.92189,
	2.71549 2.92716,
	2.72869 2.94123,
	2.7322 2.94827,
	2.73396 2.95531,
	2.73396 2.96234,
	2.73924 2.99048,
	2.741 2.99752,
	2.74452 3.00455,
	2.75067 3.01159,
	2.75507 3.02566,
	2.75595 3.03269,
	2.76035 3.04676,
	2.76474 3.07491,
	2.76738 3.08898,
	2.7665 3.11712,
	2.7709 3.14526,
	2.77354 3.15229,
	2.77354 3.15317,
	2.77266 3.16109,
	2.77266 3.16461,
	2.77442 3.169,
	2.76914 3.19714,
	2.75595 3.22529,
	2.75155 3.23936,
	2.75067 3.25343,
	2.75331 3.2675,
	2.75507 3.27102,
	2.75595 3.28509,
	2.75419 3.31323,
	2.74891 3.3273,
	2.73396 3.35544,
	2.72429 3.36951,
	2.71725 3.37655,
	2.71022 3.38006,
	2.70318 3.38006,
	2.68911 3.38446,
	2.66097 3.40029,
	2.63283 3.41172,
	2.62579 3.41524,
	2.61876 3.4126,
	2.61348 3.40557,
	2.60997 3.39853,
	2.62316 3.37039,
	2.62492 3.35632,
	2.62316 3.30004,
	2.6214 3.28597,
	2.61348 3.25782,
	2.60997 3.24375,
	2.59677 3.21561,
	2.59062 3.20154,
	2.5871 3.19451,
	2.5827 3.16637,
	2.58006 3.15229,
	2.56424 3.12415,
	2.55456 3.11008,
	2.54313 3.09689,
	2.51499 3.0793,
	2.50795 3.07491,
	2.50444 3.07315,
	2.49036 3.05908,
	2.47893 3.04501,
	2.46398 3.01686,
	2.45167 2.98872,
	2.44551 2.97465,
	2.44288 2.96058,
	2.44288 2.95882,
	"/>
</Transform>

<Transform dim="0"
 xcoef=" 0 1 0 0 0 0"
 ycoef=" 0 0 1 0 0 0">
<Contour name="Ea5(AZ1)" hidden="false" closed="true" simplified="true" border="1 0.501961 0.752941" fill="1 0.501961 1" mode="9"
 points="3.11216 1.63532,
	3.14003 1.60746,
	3.15309 1.59353,
	3.17051 1.56653,
	3.19837 1.58656,
	3.20186 1.58917,
	3.20273 1.59004,
	3.19576 1.59614,
	3.19053 1.60223,
	3.1827 1.61617,
	3.16354 1.64403,
	3.15483 1.65796,
	3.15222 1.66058,
	3.13829 1.66058,
	3.12436 1.64751,
	3.11739 1.64055,
	3.11391 1.63706,
	3.11304 1.63619,
	"/>
<Contour name="Ea5(AZ1)" hidden="false" closed="true" simplified="true" border="1 0.501961 0.752941" fill="1 0.501961 1" mode="9"
 points="3.1975 1.51864,
	3.21318 1.49077,
	3.21753 1.48381,
	3.22885 1.45594,
	3.23494 1.44201,
	3.2393 1.43504,
	3.24278 1.4333,
	3.24365 1.43243,
	3.27152 1.45072,
	3.275 1.45333,
	3.27587 1.45507,
	3.24714 1.5108,
	3.24104 1.51777,
	3.23843 1.52125,
	3.23582 1.52822,
	3.22624 1.54215,
	3.19837 1.51951,
	"/>
</Transform>

<Transform dim="0"
 xcoef=" 0 1 0 0 0 0"
 ycoef=" 0 0 1 0 0 0">
<Contour name="Ed9" hidden="false" closed="true" simplified="true" border="0.541 0.757 0.035" fill="0.502 1 1" mode="9"
 points="1.77383 0.128103,
	1.77751 0.118289,
	1.77751 0.115835,
	1.78732 0.106634,
	1.79714 0.0986595,
	1.80204 0.0943657,
	1.81186 0.0900718,
	1.81676 0.088845,
	1.82658 0.0906852,
	1.83639 0.0937523,
	1.8413 0.0955925,
	1.85112 0.0937523,
	1.85602 0.0931389,
	1.87565 0.0857779,
	1.87811 0.0845511,
	1.89773 0.0863913,
	1.90755 0.0870047,
	1.92718 0.0925254,
	1.93209 0.0949791,
	1.94067 0.104794,
	1.94313 0.106634,
	1.94865 0.126263,
	1.95171 0.136078,
	1.95601 0.145892,
	1.96153 0.155707,
	1.96337 0.160614,
	1.96644 0.165521,
	1.97073 0.170429,
	1.97318 0.172882,
	1.99281 0.18331,
	2.00263 0.188831,
	2.02226 0.20846,
	2.02716 0.212754,
	2.04679 0.221342,
	2.06642 0.225022,
	2.07133 0.225636,
	2.07378 0.226249,
	2.0836 0.224409,
	2.08851 0.223795,
	2.10813 0.213981,
	2.11795 0.205393,
	2.13696 0.186377,
	2.14678 0.182083,
	2.15659 0.180243,
	2.1615 0.17963,
	2.18113 0.18147,
	2.19094 0.182083,
	2.19585 0.182083,
	2.19708 0.182697,
	2.19953 0.18147,
	2.20935 0.161841,
	2.21487 0.152026,
	2.2345 0.137918,
	2.24431 0.134237,
	2.24922 0.133624,
	2.25903 0.134851,
	2.26885 0.137918,
	2.27866 0.142825,
	2.28357 0.145279,
	2.29338 0.148346,
	2.31301 0.152026,
	2.33264 0.15448,
	2.34246 0.155093,
	2.36209 0.153866,
	2.3719 0.153866,
	2.38172 0.152026,
	2.40134 0.141598,
	2.41116 0.133011,
	2.42097 0.126263,
	2.4406 0.115222,
	2.44306 0.113995,
	2.46207 0.0943657,
	2.47679 0.0747365,
	2.48722 0.0551074,
	2.49213 0.0452928,
	2.4952 0.0354783,
	2.49888 0.0158491,
	2.48845 -0.0626674,
	2.48354 -0.0822965,
	2.46637 -0.121555,
	2.45717 -0.140571,
	2.46207 -0.150385,
	2.47863 -0.170014,
	2.48845 -0.174922,
	2.49336 -0.177375,
	2.51299 -0.176762,
	2.5228 -0.176762,
	2.56206 -0.184123,
	2.56697 -0.185349,
	2.56942 -0.186576,
	2.58905 -0.204365,
	2.60806 -0.223994,
	2.61297 -0.228902,
	2.61542 -0.231355,
	2.63505 -0.240556,
	2.63996 -0.24301,
	2.64242 -0.244237,
	2.65223 -0.24485,
	2.67186 -0.24301,
	2.69149 -0.239943,
	2.7013 -0.23933,
	2.70621 -0.238716,
	2.74547 -0.242397,
	2.7651 -0.244237,
	2.78473 -0.248531,
	2.79454 -0.249144,
	2.81417 -0.247917,
	2.89269 -0.234422,
	2.9025 -0.232582,
	2.90741 -0.231969,
	2.94667 -0.236263,
	2.95157 -0.238103,
	2.99083 -0.263866,
	3.01046 -0.277974,
	3.02028 -0.283495,
	3.0399 -0.289629,
	3.05953 -0.290243,
	3.06935 -0.290856,
	3.08898 -0.286562,
	3.12824 -0.280428,
	3.14787 -0.275521,
	3.15768 -0.273681,
	3.16749 -0.270614,
	3.18712 -0.267546,
	3.22638 -0.264479,
	3.3049 -0.27,
	3.30981 -0.270614,
	3.34906 -0.26632,
	3.35888 -0.264479,
	3.36869 -0.260799,
	3.38832 -0.256505,
	3.42758 -0.250371,
	3.43739 -0.248531,
	3.47665 -0.235649,
	3.49628 -0.230128,
	3.53554 -0.222154,
	3.54536 -0.217247,
	3.56498 -0.198231,
	3.5748 -0.192097,
	3.58461 -0.189643,
	3.58952 -0.18903,
	3.62878 -0.192097,
	3.63859 -0.193324,
	3.65822 -0.200071,
	3.67785 -0.201912,
	3.68767 -0.200685,
	3.69748 -0.196391,
	3.71711 -0.184736,
	3.73674 -0.167561,
	3.74655 -0.1602,
	3.78581 -0.13873,
	3.80544 -0.128916,
	3.81526 -0.124008,
	3.82507 -0.117261,
	3.8447 -0.100699,
	3.8631 -0.0810697,
	3.86924 -0.0712552,
	3.87844 -0.051626,
	3.88887 -0.0319969,
	3.89439 -0.0221823,
	3.94775 0.0563342,
	3.95511 0.0661488,
	3.96493 0.0741231,
	3.98456 0.0870047,
	4.02382 0.110314,
	4.04344 0.121356,
	4.04835 0.124423,
	4.06798 0.142212,
	4.0778 0.150799,
	4.0827 0.155707,
	4.12196 0.176563,
	4.14159 0.186377,
	4.1514 0.193125,
	4.15631 0.196805,
	4.17594 0.215208,
	4.18576 0.224409,
	4.20538 0.231156,
	4.21029 0.23177,
	4.22992 0.238517,
	4.23974 0.240971,
	4.24464 0.241584,
	4.2839 0.23545,
	4.30353 0.232383,
	4.34279 0.223182,
	4.38205 0.20662,
	4.40168 0.198032,
	4.41149 0.194352,
	4.42131 0.191898,
	4.44093 0.188831,
	4.46056 0.182083,
	4.47038 0.179016,
	4.4716 0.178403,
	4.48142 0.183924,
	4.55994 0.240971,
	4.59919 0.269188,
	4.67771 0.328075,
	4.71697 0.357519,
	4.71942 0.359972,
	4.72065 0.361199,
	4.71942 0.371014,
	4.71268 0.390643,
	4.70347 0.410272,
	4.66974 0.44953,
	4.6636 0.459345,
	4.66054 0.464252,
	4.6544 0.483881,
	4.64949 0.493696,
	4.64336 0.50351,
	4.64029 0.508418,
	4.63048 0.513325,
	4.62557 0.516392,
	4.61944 0.526207,
	4.61453 0.536021,
	4.60778 0.55565,
	4.60594 0.565465,
	4.59858 0.585094,
	4.5949 0.594909,
	4.59183 0.614538,
	4.59061 0.634167,
	4.59245 0.673425,
	4.59367 0.693054,
	4.59245 0.697962,
	4.58754 0.707776,
	4.58447 0.712683,
	4.57466 0.721271,
	4.56484 0.726792,
	4.55503 0.731086,
	4.5354 0.735993,
	4.52559 0.73722,
	4.50596 0.733539,
	4.49614 0.730472,
	4.48633 0.723725,
	4.47651 0.718204,
	4.4667 0.71391,
	4.42744 0.702869,
	4.41762 0.701029,
	4.398 0.694281,
	4.37837 0.686307,
	4.36855 0.682013,
	4.35874 0.676492,
	4.33911 0.662384,
	4.3342 0.658703,
	4.29494 0.621285,
	4.27531 0.60227,
	4.2655 0.593682,
	4.22624 0.574053,
	4.21643 0.569759,
	4.17717 0.561171,
	4.15754 0.556877,
	4.11828 0.551356,
	4.11337 0.550743,
	4.10356 0.546449,
	4.09374 0.540928,
	4.09129 0.539088,
	4.08577 0.529274,
	4.08148 0.519459,
	4.07596 0.49983,
	4.07289 0.490015,
	4.07105 0.480201,
	4.07043 0.475294,
	4.06123 0.455664,
	4.05449 0.44585,
	4.05081 0.440943,
	4.03118 0.421927,
	4.02627 0.418246,
	4.02382 0.415793,
	4.014 0.410885,
	4.00419 0.408432,
	3.98456 0.406592,
	3.9453 0.410272,
	3.94039 0.410885,
	3.93794 0.410885,
	3.92812 0.415179,
	3.92322 0.41702,
	3.90359 0.41886,
	3.89868 0.419473,
	3.89377 0.421313,
	3.88396 0.427448,
	3.86433 0.444623,
	3.85451 0.453211,
	3.83918 0.47284,
	3.83243 0.482654,
	3.82875 0.487562,
	3.822 0.507191,
	3.82078 0.512098,
	3.82507 0.551356,
	3.82691 0.570986,
	3.82507 0.590615,
	3.82446 0.600429,
	3.82016 0.620058,
	3.8171 0.629873,
	3.79992 0.669131,
	3.79808 0.674039,
	3.78643 0.693668,
	3.77784 0.703482,
	3.75821 0.719431,
	3.74839 0.726792,
	3.73858 0.732926,
	3.71895 0.7409,
	3.69932 0.750101,
	3.69687 0.751328,
	3.67724 0.750101,
	3.66742 0.749488,
	3.65761 0.747648,
	3.64779 0.744581,
	3.63798 0.740287,
	3.62817 0.733539,
	3.58891 0.702255,
	3.57909 0.693668,
	3.56928 0.687534,
	3.55946 0.682626,
	3.54965 0.681399,
	3.53002 0.682626,
	3.52511 0.683853,
	3.5153 0.692441,
	3.51039 0.696735,
	3.50426 0.716364,
	3.50242 0.726178,
	3.49935 0.735993,
	3.49506 0.745808,
	3.48524 0.753168,
	3.48033 0.756236,
	3.47543 0.76605,
	3.4742 0.768504,
	3.46439 0.775865,
	3.44476 0.786293,
	3.42513 0.794267,
	3.42022 0.796721,
	3.4104 0.804695,
	3.40059 0.811442,
	3.39568 0.815123,
	3.38587 0.82003,
	3.34661 0.823711,
	3.3368 0.825551,
	3.31717 0.834752,
	3.31226 0.837819,
	3.30367 0.847634,
	3.29938 0.852541,
	3.29386 0.862356,
	3.29079 0.867263,
	3.27116 0.885665,
	3.26135 0.894866,
	3.25644 0.89916,
	3.21718 0.919403,
	3.19755 0.932898,
	3.18774 0.937805,
	3.18283 0.939645,
	3.14357 0.946393,
	3.13866 0.946393,
	3.11903 0.954981,
	3.11413 0.957434,
	3.0945 0.960501,
	3.07487 0.960501,
	3.06505 0.960501,
	3.0626 0.959888,
	3.06199 0.958661,
	3.05217 0.958048,
	3.04727 0.957434,
	3.04481 0.956821,
	3.04359 0.955594,
	3.03868 0.955594,
	3.01905 0.945166,
	3.00923 0.937192,
	2.98961 0.92431,
	2.9847 0.921856,
	2.98224 0.92063,
	2.94299 0.918789,
	2.93317 0.918789,
	2.92336 0.921243,
	2.91845 0.923083,
	2.87919 0.923083,
	2.86938 0.918789,
	2.85956 0.916336,
	2.84975 0.912042,
	2.84484 0.909588,
	2.83503 0.908361,
	2.83012 0.907748,
	2.82766 0.906521,
	2.78841 0.904681,
	2.76878 0.904681,
	2.76632 0.904681,
	2.72707 0.886892,
	2.71725 0.882598,
	2.70744 0.880144,
	2.69762 0.875851,
	2.65836 0.854381,
	2.63873 0.846407,
	2.62892 0.842113,
	2.60929 0.836592,
	2.58966 0.829845,
	2.57003 0.82187,
	2.5504 0.812669,
	2.53077 0.807149,
	2.51115 0.802855,
	2.50869 0.802241,
	2.50808 0.802241,
	2.50133 0.799174,
	2.5001 0.799174,
	2.4909 0.797334,
	2.45164 0.777705,
	2.43202 0.76789,
	2.4222 0.762983,
	2.41239 0.756236,
	2.40257 0.750715,
	2.39766 0.746421,
	2.39276 0.743354,
	2.38908 0.738447,
	2.38417 0.734153,
	2.38172 0.732313,
	2.37865 0.727405,
	2.36883 0.721271,
	2.3492 0.711457,
	2.32958 0.703482,
	2.30995 0.696735,
	2.30933 0.695508,
	2.30688 0.694895,
	2.29706 0.68876,
	2.29216 0.68692,
	2.28234 0.680786,
	2.27253 0.673425,
	2.26762 0.668518,
	2.25781 0.662997,
	2.24799 0.658703,
	2.23818 0.65625,
	2.19892 0.653183,
	2.17929 0.647048,
	2.15966 0.633553,
	2.14003 0.616991,
	2.1204 0.60411,
	2.11059 0.598589,
	2.09096 0.582027,
	2.08114 0.573439,
	2.06152 0.559944,
	2.04189 0.547676,
	2.03698 0.543996,
	2.00079 0.504737,
	1.99281 0.494923,
	1.98607 0.485108,
	1.983 0.480201,
	1.97441 0.470386,
	1.9695 0.465479,
	1.96276 0.455664,
	1.94129 0.416406,
	1.93025 0.396777,
	1.9235 0.386962,
	1.90632 0.367333,
	1.89835 0.357519,
	1.88731 0.33789,
	1.87443 0.31826,
	1.84621 0.279002,
	1.8321 0.259373,
	1.82167 0.239744,
	1.81615 0.229929,
	1.80143 0.2103,
	1.79591 0.200486,
	1.78855 0.180857,
	1.78425 0.171042,
	1.77444 0.131784,
	1.77383 0.12933,
	1.77383 0.128717,
	"/>
</Transform>

<Transform dim="0"
 xcoef=" 0 1 0 0 0 0"
 ycoef=" 0 0 1 0 0 0">
<Contour name="Ed9" hidden="false" closed="true" simplified="true" border="0.541 0.757 0.035" fill="0.502 1 1" mode="9"
 points="2.97433 1.53675,
	2.97991 1.51889,
	2.9894 1.50102,
	2.99499 1.49209,
	3.00392 1.47422,
	3.01062 1.45636,
	3.01397 1.44742,
	3.01508 1.44519,
	3.01676 1.42732,
	3.01899 1.41839,
	3.02067 1.41392,
	3.03351 1.39606,
	3.03742 1.39159,
	3.04523 1.35586,
	3.04579 1.33799,
	3.04858 1.32013,
	3.05026 1.28439,
	3.05138 1.26653,
	3.05473 1.24866,
	3.05528 1.23973,
	3.05417 1.22186,
	3.05249 1.21293,
	3.05082 1.19506,
	3.05026 1.1772,
	3.04133 1.14146,
	3.03742 1.1236,
	3.03518 1.11466,
	3.03463 1.1102,
	3.03574 1.10573,
	3.03574 1.10461,
	3.03909 1.10015,
	3.04077 1.09568,
	3.04747 1.08675,
	3.0564 1.08061,
	3.06533 1.07614,
	3.07427 1.07502,
	3.0832 1.07614,
	3.08767 1.07614,
	3.0966 1.07949,
	3.10107 1.08172,
	3.11 1.08954,
	3.11949 1.10741,
	3.13345 1.12527,
	3.14238 1.13253,
	3.17811 1.15151,
	3.18258 1.15375,
	3.19151 1.16101,
	3.19989 1.16994,
	3.20324 1.1744,
	3.20491 1.17664,
	3.20659 1.1945,
	3.20938 1.21237,
	3.21105 1.2481,
	3.21105 1.25257,
	3.21496 1.2615,
	3.21775 1.26597,
	3.22222 1.26876,
	3.23115 1.27211,
	3.24902 1.2749,
	3.25795 1.27602,
	3.26019 1.27658,
	3.26465 1.28049,
	3.26689 1.28495,
	3.26689 1.28942,
	3.268 1.29165,
	3.268 1.30059,
	3.26577 1.31845,
	3.26521 1.32068,
	3.28196 1.35642,
	3.28475 1.36535,
	3.28643 1.36982,
	3.28643 1.38768,
	3.28308 1.39662,
	3.27805 1.40555,
	3.2613 1.42342,
	3.25293 1.43235,
	3.24344 1.45021,
	3.23283 1.46808,
	3.2144 1.50381,
	3.20491 1.52168,
	3.19431 1.53955,
	3.18872 1.54848,
	3.1703 1.58421,
	3.16416 1.59314,
	3.15634 1.60208,
	3.15243 1.60654,
	3.14015 1.62441,
	3.13736 1.62888,
	3.12954 1.63781,
	3.12061 1.64563,
	3.08487 1.66461,
	3.06701 1.67298,
	3.04914 1.68024,
	3.04021 1.68192,
	3.03853 1.68248,
	3.03407 1.68303,
	3.03239 1.68248,
	3.02458 1.67689,
	3.01564 1.65903,
	3.01118 1.65009,
	2.99889 1.61436,
	2.99387 1.59649,
	2.98773 1.57863,
	2.97935 1.56076,
	2.97544 1.5429,
	2.97433 1.53843,
	2.97433 1.53731,
	"/>
</Transform>

</Section>