<?xml version="1.0"?>
<!DOCTYPE Section SYSTEM "section.dtd">

<Section index="14" thickness="0.05" alignLocked="true">
<Transform dim="6"
 xcoef=" 0.555691002220081 0.807104796384089 0.379459585701208 0 0 0"
 ycoef=" 2.29230829037525 -0.526714640293074 0.794523409050055 0 0 0">
<Image mag="0.0022159" contrast="1" brightness="0"
 src="R34CA1-B_S12.114.jpg" />
<Contour name="domain1" hidden="false" closed="true" simplified="false" border="1 0 1" fill="1 0 1" mode="11"
 points="0 0,
	4096 0,
	4096 4096,
	0 4096,
	"/>
</Transform>

<Transform dim="0"
 xcoef=" 0 1 0 0 0 0"
 ycoef=" 0 0 1 0 0 0">
<Contour name="Ed9" hidden="false" closed="true" simplified="true" border="0.541176 0.756863 0.0352941" fill="0.501961 1 1" mode="9"
 points="3.08206 1.75095,
	3.08344 1.73994,
	3.08895 1.73443,
	3.0917 1.73168,
	3.0972 1.72067,
	3.09996 1.71516,
	3.12198 1.70484,
	3.14401 1.69176,
	3.14745 1.68075,
	3.14882 1.67524,
	3.14951 1.67249,
	3.14745 1.66148,
	3.14676 1.65597,
	3.14814 1.64496,
	3.14814 1.64358,
	3.16947 1.62156,
	3.17429 1.61605,
	3.17567 1.61468,
	3.17567 1.60366,
	3.17567 1.59816,
	3.17154 1.58715,
	3.16878 1.58164,
	3.16741 1.57063,
	3.16672 1.56512,
	3.16603 1.56237,
	3.17154 1.54034,
	3.17498 1.52933,
	3.17704 1.52382,
	3.17429 1.5018,
	3.16259 1.47978,
	3.15846 1.47427,
	3.15571 1.46326,
	3.15502 1.45775,
	3.15571 1.44674,
	3.1564 1.44123,
	3.1564 1.43986,
	3.16465 1.42884,
	3.16878 1.42334,
	3.1798 1.41714,
	3.20182 1.4082,
	3.21283 1.40338,
	3.21834 1.40062,
	3.24036 1.39443,
	3.24587 1.39305,
	3.24862 1.39237,
	3.25964 1.39649,
	3.28166 1.39374,
	3.28441 1.39305,
	3.29543 1.38411,
	3.30024 1.37929,
	3.30713 1.36828,
	3.31194 1.36346,
	3.33397 1.34969,
	3.33947 1.34763,
	3.3615 1.34487,
	3.36701 1.34419,
	3.38903 1.35313,
	3.41105 1.37103,
	3.42826 1.39305,
	3.43652 1.40407,
	3.44134 1.40888,
	3.45235 1.41439,
	3.45786 1.41714,
	3.47988 1.41714,
	3.49089 1.41714,
	3.4964 1.41714,
	3.51842 1.42334,
	3.52118 1.42403,
	3.52531 1.42884,
	3.53838 1.45087,
	3.54251 1.47289,
	3.5432 1.4839,
	3.54251 1.49492,
	3.54251 1.50042,
	3.53701 1.52245,
	3.52944 1.53346,
	3.52049 1.54447,
	3.51016 1.55548,
	3.49502 1.57751,
	3.48814 1.58852,
	3.48676 1.59127,
	3.47575 1.60229,
	3.47093 1.60779,
	3.46543 1.61881,
	3.45923 1.64083,
	3.45579 1.66285,
	3.4434 1.7069,
	3.43308 1.72893,
	3.41381 1.75095,
	3.36976 1.795,
	3.36425 1.79982,
	3.34223 1.8129,
	3.3202 1.8246,
	3.29818 1.83423,
	3.25413 1.84869,
	3.2321 1.85901,
	3.22935 1.86039,
	3.20733 1.86039,
	3.1853 1.85557,
	3.16328 1.84869,
	3.15227 1.84456,
	3.14676 1.84249,
	3.14401 1.84112,
	3.13299 1.83974,
	3.12749 1.83836,
	3.12473 1.83836,
	3.11372 1.83286,
	3.10822 1.8301,
	3.10065 1.81978,
	3.09858 1.81703,
	3.0972 1.80601,
	3.10478 1.795,
	3.10684 1.79225,
	3.1034 1.78124,
	3.09583 1.77022,
	3.0917 1.76472,
	3.08895 1.76334,
	3.08482 1.75784,
	3.08275 1.75508,
	3.08206 1.75233,
	3.08206 1.75164,
	"/>
</Transform>

<Transform dim="0"
 xcoef=" 0 1 0 0 0 0"
 ycoef=" 0 0 1 0 0 0">
<Contour name="Ea5(v1)" hidden="false" closed="true" simplified="true" border="1 0 0" fill="1 1 1" mode="9"
 points="3.81017 1.38638,
	3.81112 1.38006,
	3.81389 1.3743,
	3.81824 1.36962,
	3.82378 1.36642,
	3.83001 1.365,
	3.83638 1.36548,
	3.84233 1.36781,
	3.84732 1.3718,
	3.85092 1.37708,
	3.85281 1.38318,
	3.85281 1.38957,
	3.85092 1.39568,
	3.84732 1.40096,
	3.84233 1.40494,
	3.83638 1.40728,
	3.83001 1.40776,
	3.82378 1.40634,
	3.81824 1.40314,
	3.81389 1.39846,
	"/>
</Transform>

<Transform dim="0"
 xcoef=" 0 1 0 0 0 0"
 ycoef=" 0 0 1 0 0 0">
<Contour name="Ea5(ER)" hidden="false" closed="true" simplified="true" border="0 0.882 0.882" fill="0.502 1 1" mode="9"
 points="4.1444 0.465559,
	4.14827 0.453185,
	4.15446 0.451638,
	4.15987 0.445452,
	4.15987 0.439265,
	4.16992 0.429211,
	4.17611 0.425344,
	4.1823 0.425344,
	4.19467 0.432305,
	4.19699 0.434625,
	4.19854 0.440812,
	4.20163 0.446998,
	4.2024 0.448545,
	4.21478 0.450092,
	4.22715 0.450092,
	4.23334 0.451638,
	4.23952 0.454732,
	4.24262 0.455505,
	4.24494 0.457825,
	4.24648 0.464012,
	4.24726 0.467106,
	4.24803 0.468652,
	4.24416 0.474839,
	4.24107 0.477159,
	4.23798 0.477933,
	4.23643 0.477933,
	4.23024 0.471746,
	4.2055 0.466332,
	4.19312 0.465559,
	4.18075 0.467879,
	4.17534 0.473292,
	4.17302 0.476386,
	4.16064 0.482573,
	4.14827 0.476386,
	4.14595 0.470199,
	4.1444 0.467106,
	4.1444 0.466332,
	"/>
<Contour name="Ea5(ER)" hidden="false" closed="true" simplified="true" border="0 0.882 0.882" fill="0.502 1 1" mode="9"
 points="4.15987 0.37817,
	4.16528 0.371983,
	4.1676 0.36889,
	4.17998 0.363476,
	4.18616 0.361929,
	4.19235 0.358063,
	4.20318 0.345689,
	4.20936 0.340276,
	4.21246 0.337182,
	4.21864 0.334862,
	4.22483 0.334089,
	4.2372 0.339502,
	4.2403 0.341049,
	4.24262 0.344142,
	4.24416 0.350329,
	4.24494 0.353423,
	4.23566 0.365796,
	4.22328 0.37121,
	4.22019 0.371983,
	4.21787 0.374303,
	4.21787 0.377397,
	4.21632 0.38049,
	4.21014 0.382037,
	4.20395 0.382037,
	4.19776 0.383583,
	4.19699 0.388997,
	4.19699 0.39209,
	4.20395 0.404464,
	4.20627 0.410651,
	4.20704 0.413744,
	4.20782 0.415291,
	4.20318 0.421478,
	4.20086 0.423798,
	4.18848 0.413744,
	4.1823 0.409877,
	4.16992 0.404464,
	4.16374 0.400597,
	4.15987 0.39441,
	4.15987 0.382037,
	4.15987 0.378943,
	"/>
</Transform>

<Transform dim="0"
 xcoef=" 0 1 0 0 0 0"
 ycoef=" 0 0 1 0 0 0">
<Contour name="Ea5(ER)" hidden="false" closed="true" simplified="true" border="0 0.882 0.882" fill="0.502 1 1" mode="9"
 points="4.00365 0.331769,
	4.00752 0.325582,
	4.00984 0.322488,
	4.00984 0.310115,
	4.01448 0.303928,
	4.01757 0.301608,
	4.02067 0.301608,
	4.02376 0.300061,
	4.02685 0.293874,
	4.02685 0.290781,
	4.02376 0.284594,
	4.02685 0.27222,
	4.02763 0.270674,
	4.04 0.27222,
	4.04155 0.27222,
	4.05392 0.281501,
	4.05624 0.287688,
	4.06165 0.293874,
	4.06475 0.296968,
	4.06552 0.300061,
	4.06475 0.303155,
	4.05856 0.306248,
	4.05392 0.300835,
	4.05237 0.299288,
	4.05315 0.302381,
	4.05779 0.308568,
	4.06088 0.311661,
	4.0632 0.317848,
	4.06397 0.324035,
	4.0632 0.330222,
	4.06088 0.333315,
	4.06243 0.345689,
	4.06475 0.351876,
	4.07016 0.357289,
	4.07635 0.361156,
	4.08872 0.365023,
	4.10109 0.371983,
	4.10573 0.37817,
	4.10805 0.381263,
	4.1096 0.38745,
	4.11037 0.390544,
	4.10883 0.39673,
	4.10805 0.399824,
	4.098 0.410651,
	4.098 0.416838,
	4.098 0.419931,
	4.10341 0.432305,
	4.10728 0.444678,
	4.10883 0.457052,
	4.11347 0.463239,
	4.12584 0.474066,
	4.13744 0.486439,
	4.13976 0.489533,
	4.13976 0.49572,
	4.14595 0.501133,
	4.15832 0.50732,
	4.1707 0.51196,
	4.1792 0.52356,
	4.18307 0.529747,
	4.17688 0.530521,
	4.17379 0.530521,
	4.16142 0.522787,
	4.15523 0.51892,
	4.15368 0.518147,
	4.14131 0.520467,
	4.13821 0.52124,
	4.12584 0.530521,
	4.11347 0.530521,
	4.10728 0.529747,
	4.09491 0.525107,
	4.09104 0.51892,
	4.08872 0.515827,
	4.08872 0.50964,
	4.08872 0.508093,
	4.10109 0.49804,
	4.10419 0.494946,
	4.10573 0.494173,
	4.10573 0.481799,
	4.10419 0.475612,
	4.10109 0.469426,
	4.10032 0.466332,
	4.08872 0.455505,
	4.08563 0.452412,
	4.08253 0.450865,
	4.07944 0.450865,
	4.07635 0.449318,
	4.06397 0.436945,
	4.05933 0.430758,
	4.04773 0.419931,
	4.04541 0.413744,
	4.04464 0.410651,
	4.04387 0.409104,
	4.04773 0.402917,
	4.05005 0.39673,
	4.04851 0.390544,
	4.04773 0.38745,
	4.04464 0.385903,
	4.03227 0.38513,
	4.02608 0.384357,
	4.01371 0.37585,
	4.00984 0.369663,
	4.00829 0.36657,
	4.00829 0.354196,
	4.00752 0.348009,
	4.0052 0.341822,
	4.00365 0.338729,
	4.00365 0.332542,
	"/>
</Transform>

<Transform dim="0"
 xcoef=" 0 1 0 0 0 0"
 ycoef=" 0 0 1 0 0 0">
<Contour name="Ea5(ER)" hidden="false" closed="true" simplified="true" border="0 0.882 0.882" fill="0.502 1 1" mode="9"
 points="3.89119 0.628393,
	3.89257 0.617333,
	3.8981 0.595211,
	3.89948 0.589681,
	3.90432 0.574472,
	3.90502 0.571707,
	3.90363 0.566177,
	3.90363 0.555116,
	3.90432 0.549586,
	3.90847 0.538525,
	3.91331 0.516404,
	3.91884 0.505343,
	3.93405 0.483222,
	3.93889 0.478383,
	3.94027 0.477692,
	3.9458 0.480457,
	3.95617 0.491517,
	3.96032 0.497048,
	3.96585 0.501887,
	3.97069 0.512948,
	3.97276 0.518478,
	3.97414 0.521243,
	3.97484 0.532304,
	3.97484 0.537834,
	3.97691 0.543364,
	3.9776 0.54613,
	3.98244 0.55166,
	3.98313 0.55719,
	3.98175 0.562721,
	3.97898 0.568251,
	3.9776 0.569633,
	3.97622 0.575164,
	3.97553 0.586224,
	3.97414 0.591755,
	3.97276 0.613876,
	3.97276 0.624937,
	3.97138 0.635997,
	3.96516 0.658119,
	3.96308 0.669179,
	3.95133 0.691301,
	3.94027 0.698905,
	3.92921 0.700979,
	3.92783 0.700979,
	3.92575 0.698214,
	3.92437 0.692683,
	3.92368 0.689918,
	3.92852 0.678858,
	3.93198 0.673327,
	3.94165 0.662267,
	3.94511 0.651206,
	3.95064 0.640145,
	3.95064 0.629085,
	3.94857 0.618024,
	3.94511 0.606963,
	3.94165 0.584842,
	3.94096 0.579312,
	3.94027 0.576546,
	3.94165 0.565486,
	3.94234 0.559955,
	3.94304 0.558573,
	3.94027 0.553042,
	3.93889 0.550277,
	3.9382 0.549586,
	3.93336 0.555116,
	3.92368 0.599359,
	3.9223 0.604889,
	3.91055 0.627011,
	3.9064 0.632541,
	3.90087 0.633232,
	3.89534 0.632541,
	3.89257 0.63185,
	3.89119 0.629085,
	"/>
</Transform>

<Transform dim="0"
 xcoef=" 0 1 0 0 0 0"
 ycoef=" 0 0 1 0 0 0">
<Contour name="Ea5(MVB1)" hidden="false" closed="true" simplified="true" border="0.521569 0.858824 0.0156863" fill="0.866667 0.980392 0.521569" mode="9"
 points="3.73412 0.60561,
	3.74363 0.588688,
	3.74575 0.584458,
	3.74734 0.575997,
	3.74786 0.571767,
	3.74734 0.569652,
	3.74363 0.565421,
	3.73993 0.55696,
	3.73993 0.556432,
	3.73993 0.554316,
	3.73993 0.553259,
	3.74258 0.545327,
	3.75844 0.528405,
	3.76267 0.519944,
	3.76426 0.515714,
	3.76479 0.513599,
	3.76003 0.496677,
	3.76003 0.492447,
	3.76743 0.475525,
	3.77007 0.467064,
	3.76849 0.462834,
	3.76796 0.460719,
	3.76373 0.457017,
	3.75421 0.440096,
	3.74945 0.431635,
	3.74681 0.427404,
	3.74522 0.425818,
	3.74945 0.417357,
	3.75051 0.415242,
	3.75262 0.413656,
	3.75368 0.412598,
	3.76214 0.41154,
	3.7706 0.41154,
	3.77906 0.414184,
	3.78752 0.417886,
	3.79176 0.420001,
	3.80868 0.422645,
	3.81714 0.423174,
	3.83406 0.430577,
	3.84252 0.435336,
	3.84464 0.436394,
	3.84939 0.444855,
	3.85151 0.449085,
	3.85468 0.466007,
	3.85574 0.474468,
	3.8568 0.478698,
	3.85627 0.49562,
	3.85468 0.512541,
	3.85415 0.521002,
	3.85257 0.529463,
	3.8404 0.546384,
	3.83353 0.554845,
	3.83036 0.559076,
	3.82613 0.567536,
	3.82401 0.571767,
	3.82137 0.580228,
	3.81608 0.588688,
	3.81449 0.592919,
	3.81238 0.60984,
	3.81132 0.614071,
	3.80868 0.618301,
	3.80022 0.626762,
	3.79176 0.632579,
	3.78488 0.64104,
	3.78277 0.64527,
	3.78329 0.6495,
	3.79176 0.666422,
	3.7944 0.674883,
	3.79493 0.679113,
	3.79334 0.683344,
	3.78541 0.691805,
	3.78118 0.696035,
	3.77906 0.69815,
	3.77589 0.706611,
	3.78012 0.723533,
	3.77906 0.727763,
	3.77325 0.736224,
	3.76955 0.738868,
	3.76108 0.731993,
	3.75685 0.729349,
	3.75262 0.727763,
	3.74839 0.728821,
	3.74628 0.729349,
	3.74205 0.727763,
	3.73729 0.719302,
	3.73623 0.717187,
	3.74416 0.700265,
	3.74311 0.683344,
	3.74152 0.674883,
	3.74099 0.670653,
	3.74258 0.653731,
	3.74311 0.6495,
	3.74258 0.64527,
	3.73888 0.636809,
	3.73623 0.628348,
	3.73464 0.619888,
	3.73412 0.611427,
	3.73412 0.607196,
	3.73412 0.606139,
	"/>
</Transform>

<Transform dim="0"
 xcoef=" 0 1 0 0 0 0"
 ycoef=" 0 0 1 0 0 0">
<Contour name="Ea5(MVB2)" hidden="false" closed="true" simplified="true" border="0.521569 0.858824 0.0156863" fill="0.866667 0.980392 0.521569" mode="9"
 points="3.94289 0.398711,
	3.94657 0.386919,
	3.94805 0.383971,
	3.95984 0.375864,
	3.96279 0.375127,
	3.97458 0.378075,
	3.98637 0.384708,
	3.99153 0.388393,
	3.99743 0.400185,
	3.99522 0.411977,
	3.99448 0.417873,
	3.98858 0.429664,
	3.98785 0.431138,
	3.97605 0.434086,
	3.97016 0.43556,
	3.95837 0.433349,
	3.95247 0.431875,
	3.94584 0.420821,
	3.94289 0.414925,
	3.94289 0.403133,
	3.94289 0.400185,
	3.94289 0.399448,
	"/>
</Transform>

<Transform dim="0"
 xcoef=" 0 1 0 0 0 0"
 ycoef=" 0 0 1 0 0 0">
<Contour name="Ea5" hidden="false" closed="true" simplified="true" border="0.984314 0.207843 0.0156863" fill="1 1 0.690196" mode="9"
 points="3.58216 1.43211,
	3.58744 1.42003,
	3.58971 1.41399,
	3.59726 1.40191,
	3.60103 1.38983,
	3.6033 1.36567,
	3.60179 1.3536,
	3.59801 1.34152,
	3.5882 1.31736,
	3.58442 1.30528,
	3.58291 1.29924,
	3.58442 1.28716,
	3.59575 1.2781,
	3.60179 1.27357,
	3.60783 1.27282,
	3.63198 1.2781,
	3.63802 1.27584,
	3.6501 1.26451,
	3.65463 1.25847,
	3.65841 1.24639,
	3.65916 1.22224,
	3.65916 1.2162,
	3.65086 1.19204,
	3.64708 1.17996,
	3.6418 1.16788,
	3.63349 1.1558,
	3.62972 1.14976,
	3.62745 1.14674,
	3.62745 1.14372,
	3.62217 1.13768,
	3.60934 1.08937,
	3.60481 1.06521,
	3.60783 1.04105,
	3.60934 1.0169,
	3.61236 0.992737,
	3.62443 0.980658,
	3.6418 0.9565,
	3.6569 0.932343,
	3.6735 0.908185,
	3.68785 0.884027,
	3.69087 0.871948,
	3.69162 0.865908,
	3.69011 0.859869,
	3.69464 0.835711,
	3.69993 0.823632,
	3.70521 0.817593,
	3.71654 0.793435,
	3.72484 0.769277,
	3.72862 0.757198,
	3.72937 0.755688,
	3.72333 0.73153,
	3.72031 0.719451,
	3.71654 0.695293,
	3.71578 0.689254,
	3.72107 0.665096,
	3.72333 0.659057,
	3.72484 0.634899,
	3.72635 0.62282,
	3.73994 0.574504,
	3.73692 0.562425,
	3.73541 0.556386,
	3.73465 0.553366,
	3.73767 0.541287,
	3.74296 0.529208,
	3.74598 0.517129,
	3.74371 0.51109,
	3.73994 0.50505,
	3.73163 0.480892,
	3.73012 0.456735,
	3.72786 0.444656,
	3.72711 0.443146,
	3.73465 0.418988,
	3.74145 0.406909,
	3.76561 0.388036,
	3.77165 0.384261,
	3.78373 0.380486,
	3.78976 0.377467,
	3.80864 0.354064,
	3.81317 0.348024,
	3.82525 0.33972,
	3.83129 0.3367,
	3.85544 0.33821,
	3.86752 0.332926,
	3.87281 0.328396,
	3.87658 0.322356,
	3.87809 0.319337,
	3.88338 0.313297,
	3.88866 0.301218,
	3.89244 0.289139,
	3.89848 0.27706,
	3.89998 0.274041,
	3.91206 0.261962,
	3.92414 0.253658,
	3.93622 0.248373,
	3.94226 0.247618,
	3.9483 0.249128,
	3.97246 0.259697,
	3.99662 0.264982,
	4.02077 0.264982,
	4.03285 0.265736,
	4.03889 0.266491,
	4.05097 0.273286,
	4.05399 0.274796,
	4.07815 0.276306,
	4.10231 0.275551,
	4.11439 0.274796,
	4.13854 0.276306,
	4.15062 0.27857,
	4.1627 0.282345,
	4.16874 0.283855,
	4.1929 0.294424,
	4.20498 0.300463,
	4.208 0.301218,
	4.22008 0.309523,
	4.24423 0.332926,
	4.28727 0.381241,
	4.29859 0.39332,
	4.3084 0.405399,
	4.31218 0.411439,
	4.31444 0.417478,
	4.31067 0.441636,
	4.30765 0.453715,
	4.29708 0.477873,
	4.29482 0.483912,
	4.285 0.495991,
	4.26084 0.519394,
	4.23669 0.539022,
	4.22461 0.547327,
	4.20045 0.559406,
	4.15213 0.576769,
	4.10382 0.588848,
	4.09174 0.592623,
	4.06758 0.604701,
	4.0555 0.612251,
	4.05248 0.614516,
	4.0404 0.638673,
	4.03738 0.644713,
	4.03587 0.647733,
	4.01247 0.668116,
	4.00719 0.680195,
	4.00341 0.704353,
	4.0019 0.707372,
	3.9785 0.73153,
	3.96642 0.754933,
	3.96491 0.760973,
	3.96642 0.785131,
	3.96642 0.797209,
	3.96113 0.809288,
	3.95811 0.815328,
	3.94151 0.839486,
	3.92339 0.863644,
	3.91433 0.875723,
	3.91282 0.877232,
	3.90753 0.90139,
	3.90753 0.913469,
	3.91055 0.937627,
	3.91282 0.949706,
	3.91357 0.961785,
	3.91433 0.967824,
	3.91282 0.979903,
	3.91282 0.985943,
	3.92037 1.0101,
	3.9249 1.02218,
	3.92867 1.0705,
	3.93169 1.09465,
	3.9332 1.10673,
	3.93245 1.13089,
	3.92641 1.15505,
	3.9249 1.16713,
	3.92792 1.19128,
	3.92943 1.19732,
	3.93773 1.2094,
	3.94377 1.22148,
	3.94604 1.22752,
	3.94604 1.23356,
	3.94679 1.23658,
	3.94377 1.24262,
	3.94226 1.24564,
	3.93924 1.24866,
	3.93773 1.24866,
	3.93245 1.2547,
	3.92112 1.263,
	3.9098 1.27282,
	3.90602 1.2781,
	3.90074 1.28263,
	3.89772 1.28867,
	3.89395 1.31283,
	3.89244 1.33699,
	3.88791 1.36114,
	3.88564 1.37322,
	3.88564 1.37624,
	3.86601 1.4004,
	3.86148 1.40644,
	3.85544 1.41852,
	3.85016 1.44268,
	3.85091 1.45476,
	3.85167 1.4608,
	3.84789 1.47287,
	3.84638 1.47891,
	3.82298 1.50307,
	3.8109 1.51213,
	3.78674 1.53402,
	3.76259 1.5529,
	3.75051 1.5612,
	3.73843 1.568,
	3.73239 1.57177,
	3.72031 1.5763,
	3.70823 1.57857,
	3.69615 1.57026,
	3.66898 1.52195,
	3.65916 1.50987,
	3.635 1.49552,
	3.61085 1.49099,
	3.59877 1.47891,
	3.59197 1.46684,
	3.58744 1.4608,
	3.58593 1.45778,
	3.58216 1.43362,
	3.58216 1.43286,
	"/>
</Transform>

<Transform dim="0"
 xcoef=" 0 1 0 0 0 0"
 ycoef=" 0 0 1 0 0 0">
<Contour name="Ea5(ER)" hidden="false" closed="true" simplified="true" border="0 0.882 0.882" fill="0.502 1 1" mode="9"
 points="3.61599 1.30809,
	3.61599 1.30146,
	3.6193 1.29649,
	3.62593 1.28987,
	3.63752 1.28656,
	3.64415 1.28656,
	3.64912 1.28987,
	3.65574 1.28987,
	3.6574 1.29318,
	3.66899 1.29649,
	3.6723 1.29649,
	3.6723 1.29815,
	3.67396 1.30312,
	3.66071 1.30975,
	3.6574 1.31637,
	3.6574 1.31968,
	3.67065 1.32797,
	3.67727 1.32631,
	3.6839 1.32134,
	3.69053 1.30809,
	3.69715 1.30478,
	3.70378 1.30643,
	3.70709 1.30809,
	3.70709 1.32134,
	3.70543 1.32797,
	3.70709 1.33459,
	3.70875 1.33791,
	3.70709 1.34453,
	3.69384 1.35613,
	3.69549 1.36275,
	3.70046 1.36772,
	3.70709 1.36938,
	3.71868 1.35778,
	3.722 1.35116,
	3.72531 1.34784,
	3.73856 1.34619,
	3.74519 1.33956,
	3.74684 1.32631,
	3.75181 1.31968,
	3.76506 1.31472,
	3.77169 1.3114,
	3.77832 1.30478,
	3.78494 1.29153,
	3.79322 1.28324,
	3.79654 1.28324,
	3.80647 1.29649,
	3.80647 1.29981,
	3.80482 1.29981,
	3.80979 1.30478,
	3.81641 1.30312,
	3.83298 1.27827,
	3.83795 1.26502,
	3.84126 1.2584,
	3.85451 1.25012,
	3.86776 1.23852,
	3.87273 1.23355,
	3.88267 1.2468,
	3.88764 1.26005,
	3.89095 1.28656,
	3.8893 1.29981,
	3.88267 1.31306,
	3.87604 1.31968,
	3.87273 1.323,
	3.86942 1.323,
	3.86279 1.31637,
	3.85948 1.30312,
	3.85451 1.29815,
	3.84126 1.29981,
	3.83298 1.3114,
	3.83298 1.32465,
	3.82966 1.33128,
	3.82304 1.33791,
	3.80979 1.34287,
	3.80316 1.34287,
	3.78991 1.33128,
	3.7866 1.32797,
	3.77335 1.33625,
	3.76838 1.33956,
	3.76175 1.36606,
	3.75513 1.37932,
	3.75016 1.38428,
	3.75181 1.39754,
	3.74684 1.41079,
	3.74684 1.42404,
	3.74684 1.43066,
	3.74022 1.44392,
	3.73525 1.47042,
	3.73194 1.48367,
	3.73194 1.4903,
	3.73525 1.49692,
	3.74022 1.50023,
	3.74684 1.50023,
	3.75347 1.49692,
	3.76672 1.47042,
	3.775 1.45717,
	3.78163 1.4522,
	3.7866 1.45882,
	3.78825 1.46545,
	3.77335 1.51845,
	3.77169 1.53171,
	3.77003 1.53336,
	3.75844 1.52342,
	3.75181 1.52177,
	3.74519 1.52839,
	3.73194 1.53336,
	3.72034 1.50686,
	3.71537 1.49361,
	3.71206 1.48698,
	3.7104 1.48367,
	3.71372 1.47704,
	3.70046 1.46711,
	3.69715 1.46379,
	3.69053 1.46545,
	3.68721 1.46711,
	3.68059 1.46545,
	3.67396 1.4522,
	3.6723 1.44557,
	3.67727 1.43232,
	3.68059 1.43232,
	3.68224 1.43895,
	3.68887 1.44392,
	3.69218 1.44557,
	3.69715 1.43895,
	3.69881 1.43232,
	3.69384 1.41907,
	3.68887 1.41244,
	3.69384 1.39919,
	3.69384 1.39257,
	3.69384 1.38925,
	3.6839 1.376,
	3.6723 1.36772,
	3.6458 1.36441,
	3.63918 1.35944,
	3.63586 1.35778,
	3.63255 1.34453,
	3.62427 1.33128,
	3.6193 1.32465,
	3.61599 1.3114,
	3.61599 1.30975,
	"/>
</Transform>

<Transform dim="0"
 xcoef=" 0 1 0 0 0 0"
 ycoef=" 0 0 1 0 0 0">
<Contour name="Ea5(endo4)" hidden="false" closed="true" simplified="true" border="1 1 0" fill="1 1 0.501961" mode="9"
 points="3.64382 1.11732,
	3.64488 1.11168,
	3.64664 1.10604,
	3.6484 1.09476,
	3.64875 1.09194,
	3.65228 1.0863,
	3.65651 1.08066,
	3.66215 1.07643,
	3.66708 1.07079,
	3.66849 1.06938,
	3.67484 1.0581,
	3.67695 1.05528,
	3.68259 1.0507,
	3.68823 1.04788,
	3.69387 1.044,
	3.70515 1.03836,
	3.70797 1.03695,
	3.71925 1.03343,
	3.72489 1.03167,
	3.73617 1.0299,
	3.75873 1.02955,
	3.76155 1.0292,
	3.76437 1.02638,
	3.76578 1.02497,
	3.76719 1.01933,
	3.76472 1.01369,
	3.76367 1.01087,
	3.75944 1.00523,
	3.75767 1.00241,
	3.75662 0.999589,
	3.75697 0.993949,
	3.75732 0.991129,
	3.76049 0.98549,
	3.76261 0.98267,
	3.76367 0.98126,
	3.7693 0.978792,
	3.77212 0.977735,
	3.7834 0.97703,
	3.78622 0.976678,
	3.79186 0.979497,
	3.79715 0.985137,
	3.80173 0.996417,
	3.8042 1.00206,
	3.80526 1.00734,
	3.80526 1.01298,
	3.80526 1.01334,
	3.80455 1.0151,
	3.79927 1.02074,
	3.79645 1.02356,
	3.79363 1.0292,
	3.79257 1.03202,
	3.79398 1.03766,
	3.79856 1.04894,
	3.80209 1.06022,
	3.8042 1.06586,
	3.80385 1.0715,
	3.8035 1.07432,
	3.80103 1.07996,
	3.79927 1.09124,
	3.79891 1.09688,
	3.79645 1.10815,
	3.79222 1.11379,
	3.78975 1.11626,
	3.78693 1.1219,
	3.78587 1.12754,
	3.78517 1.13882,
	3.78376 1.14446,
	3.7827 1.14728,
	3.776 1.15856,
	3.76719 1.16984,
	3.76296 1.17548,
	3.75203 1.18429,
	3.74075 1.19134,
	3.71819 1.19663,
	3.70691 1.19557,
	3.70128 1.19416,
	3.69846 1.1931,
	3.69282 1.18923,
	3.684 1.17795,
	3.67942 1.17231,
	3.67413 1.16667,
	3.66849 1.16209,
	3.66285 1.1568,
	3.65792 1.15116,
	3.65052 1.13988,
	3.64875 1.13706,
	3.64488 1.12578,
	3.64382 1.12014,
	3.64382 1.11767,
	"/>
</Transform>

<Transform dim="0"
 xcoef=" 0 1 0 0 0 0"
 ycoef=" 0 0 1 0 0 0">
<Contour name="Ea5(endo4)" hidden="false" closed="true" simplified="true" border="1 1 0" fill="1 1 0.501961" mode="9"
 points="3.8242 1.01383,
	3.83114 1.01079,
	3.83461 1.01036,
	3.83808 1.01123,
	3.84155 1.0134,
	3.84329 1.0147,
	3.84676 1.02164,
	3.84546 1.02858,
	3.84242 1.03162,
	3.83548 1.03379,
	3.82853 1.03206,
	3.82506 1.02989,
	3.82246 1.02685,
	3.82072 1.02338,
	3.82029 1.01991,
	3.82159 1.01687,
	"/>
</Transform>

</Section>