<?xml version="1.0"?>
<!DOCTYPE Section SYSTEM "section.dtd">

<Section index="13" thickness="0.05" alignLocked="true">
<Transform dim="6"
 xcoef=" 0.561735172249272 0.797349004586384 0.383389962952262 0 0 0"
 ycoef=" 2.32594733639621 -0.537974997110203 0.783614579534011 0 0 0">
<Image mag="0.0022159" contrast="1" brightness="0"
 src="R34CA1-B_S12.113.jpg" />
<Contour name="domain1" hidden="false" closed="true" simplified="false" border="1 0 1" fill="1 0 1" mode="11"
 points="0 0,
	4096 0,
	4096 4096,
	0 4096,
	"/>
</Transform>

<Transform dim="0"
 xcoef=" 0 1 0 0 0 0"
 ycoef=" 0 0 1 0 0 0">
<Contour name="Ed9" hidden="false" closed="true" simplified="true" border="0.541176 0.756863 0.0352941" fill="0.501961 1 1" mode="9"
 points="3.1574 1.76772,
	3.16221 1.75671,
	3.17323 1.74914,
	3.17873 1.74776,
	3.18975 1.74088,
	3.19525 1.73744,
	3.20626 1.71541,
	3.21177 1.7044,
	3.21865 1.69339,
	3.22898 1.68238,
	3.22898 1.67687,
	3.22416 1.66586,
	3.22209 1.65485,
	3.22347 1.64934,
	3.22898 1.63833,
	3.23173 1.63282,
	3.25375 1.61424,
	3.25857 1.60873,
	3.26339 1.59772,
	3.2689 1.5757,
	3.26958 1.57019,
	3.27303 1.55918,
	3.2744 1.53715,
	3.27578 1.53165,
	3.27578 1.52889,
	3.28128 1.51788,
	3.28404 1.51238,
	3.28954 1.50756,
	3.30056 1.50412,
	3.31157 1.50205,
	3.31707 1.50067,
	3.36112 1.51031,
	3.36663 1.51169,
	3.41068 1.4993,
	3.41619 1.49792,
	3.41894 1.49723,
	3.42031 1.49654,
	3.42582 1.4993,
	3.42857 1.50067,
	3.43408 1.50549,
	3.43959 1.50893,
	3.44234 1.51031,
	3.45335 1.50825,
	3.46436 1.5048,
	3.48639 1.49517,
	3.50841 1.48691,
	3.53044 1.49104,
	3.54145 1.49792,
	3.54351 1.50343,
	3.5442 1.50549,
	3.54283 1.511,
	3.5387 1.5165,
	3.5387 1.51788,
	3.51667 1.53578,
	3.50566 1.54404,
	3.50015 1.54954,
	3.50015 1.55092,
	3.49878 1.55229,
	3.49878 1.55367,
	3.49602 1.55642,
	3.49258 1.56744,
	3.48157 1.58946,
	3.46781 1.61149,
	3.46023 1.6225,
	3.44853 1.64452,
	3.44303 1.65553,
	3.4389 1.66655,
	3.43683 1.67205,
	3.43477 1.69408,
	3.43133 1.70509,
	3.41963 1.72711,
	3.41206 1.73813,
	3.40104 1.74914,
	3.39623 1.75465,
	3.39072 1.75809,
	3.38797 1.75946,
	3.37695 1.77048,
	3.36732 1.78149,
	3.36388 1.78699,
	3.35286 1.79801,
	3.33084 1.81521,
	3.31983 1.82278,
	3.30882 1.83173,
	3.2978 1.8393,
	3.2923 1.84137,
	3.28679 1.84206,
	3.27578 1.84068,
	3.27027 1.83999,
	3.25926 1.83586,
	3.25375 1.83242,
	3.23173 1.81039,
	3.22072 1.80145,
	3.20971 1.79525,
	3.16566 1.78011,
	3.16015 1.77736,
	3.15809 1.77185,
	3.1574 1.7691,
	3.1574 1.76841,
	"/>
</Transform>

<Transform dim="0"
 xcoef=" 0 1 0 0 0 0"
 ycoef=" 0 0 1 0 0 0">
<Contour name="Ea5(ER)" hidden="false" closed="true" simplified="true" border="0 0.882 0.882" fill="0.502 1 1" mode="9"
 points="3.8695 0.50359,
	3.88012 0.488812,
	3.8815 0.485117,
	3.8815 0.470339,
	3.88012 0.46295,
	3.87966 0.459255,
	3.88243 0.444476,
	3.88289 0.440782,
	3.88428 0.437087,
	3.88612 0.422309,
	3.88705 0.414919,
	3.88705 0.413072,
	3.88474 0.405683,
	3.88381 0.401988,
	3.88104 0.398294,
	3.87966 0.394599,
	3.87919 0.392752,
	3.87873 0.391828,
	3.88104 0.384439,
	3.88197 0.381206,
	3.88335 0.379821,
	3.88705 0.37705,
	3.89074 0.376588,
	3.89259 0.376126,
	3.89628 0.377511,
	3.89998 0.379821,
	3.90737 0.386286,
	3.9106 0.389981,
	3.91198 0.393675,
	3.91106 0.395523,
	3.9106 0.402912,
	3.90737 0.410301,
	3.90598 0.413996,
	3.90552 0.415843,
	3.9069 0.419538,
	3.9106 0.422309,
	3.91245 0.424156,
	3.91614 0.426003,
	3.92353 0.427851,
	3.92723 0.428312,
	3.92907 0.427851,
	3.94385 0.414458,
	3.94755 0.407068,
	3.94847 0.399679,
	3.94755 0.39229,
	3.94524 0.384901,
	3.94154 0.381206,
	3.93785 0.379359,
	3.93415 0.378435,
	3.93046 0.378897,
	3.92723 0.382592,
	3.92676 0.384439,
	3.92353 0.388133,
	3.91984 0.385824,
	3.91706 0.38213,
	3.91522 0.380282,
	3.91383 0.376588,
	3.91337 0.37474,
	3.91429 0.371046,
	3.9166 0.367351,
	3.93138 0.357191,
	3.93877 0.353035,
	3.94247 0.350725,
	3.94985 0.347954,
	3.95355 0.344722,
	3.95863 0.337332,
	3.96094 0.333638,
	3.96787 0.326249,
	3.97018 0.322554,
	3.97156 0.318859,
	3.97202 0.304081,
	3.97156 0.289302,
	3.96833 0.281913,
	3.96371 0.274524,
	3.96186 0.270829,
	3.95817 0.256051,
	3.95771 0.254203,
	3.96048 0.239425,
	3.96186 0.23573,
	3.96463 0.232036,
	3.96509 0.231574,
	3.96879 0.233421,
	3.97248 0.236192,
	3.97756 0.243581,
	3.97756 0.250971,
	3.9808 0.25836,
	3.98542 0.265749,
	3.98726 0.269444,
	3.98819 0.276833,
	3.98772 0.280528,
	3.99003 0.287917,
	3.99327 0.295306,
	3.99742 0.310085,
	3.99973 0.317474,
	4.00066 0.324863,
	4.00158 0.328558,
	4.00204 0.330405,
	4.00851 0.337794,
	4.0122 0.340565,
	4.01959 0.34426,
	4.02329 0.346107,
	4.02559 0.349802,
	4.02698 0.353496,
	4.02744 0.355344,
	4.02329 0.362733,
	4.02098 0.366428,
	4.01913 0.367351,
	4.01543 0.366889,
	4.00804 0.363657,
	4.00435 0.362271,
	3.99696 0.361347,
	3.98957 0.365504,
	3.98357 0.372893,
	3.97664 0.387672,
	3.97526 0.40245,
	3.97433 0.409839,
	3.97202 0.417229,
	3.96556 0.432007,
	3.96232 0.446786,
	3.96186 0.45048,
	3.96325 0.457869,
	3.96371 0.461564,
	3.9614 0.468953,
	3.95909 0.472648,
	3.9517 0.477728,
	3.94985 0.479575,
	3.94893 0.480499,
	3.94847 0.482346,
	3.95032 0.489736,
	3.95078 0.49343,
	3.95032 0.497125,
	3.95032 0.498972,
	3.94662 0.502667,
	3.94477 0.503129,
	3.94108 0.501281,
	3.93415 0.493892,
	3.93092 0.486503,
	3.92815 0.471724,
	3.92584 0.464335,
	3.92492 0.46064,
	3.92492 0.458793,
	3.92261 0.455099,
	3.91522 0.451404,
	3.91152 0.449095,
	3.9106 0.448633,
	3.9069 0.45048,
	3.90506 0.451866,
	3.90367 0.459255,
	3.90229 0.474033,
	3.89905 0.488812,
	3.89813 0.492507,
	3.89305 0.499896,
	3.8852 0.514674,
	3.88243 0.518369,
	3.87873 0.52114,
	3.87781 0.521602,
	3.87411 0.520216,
	3.87042 0.512827,
	3.8695 0.505438,
	3.8695 0.504052,
	"/>
</Transform>

<Transform dim="0"
 xcoef=" 0 1 0 0 0 0"
 ycoef=" 0 0 1 0 0 0">
<Contour name="Ea5(ER)" hidden="false" closed="true" simplified="true" border="0 0.882 0.882" fill="0.502 1 1" mode="9"
 points="4.00834 0.272685,
	4.00894 0.267901,
	4.00924 0.266705,
	4.01163 0.264313,
	4.01283 0.263117,
	4.01761 0.260426,
	4.02 0.258931,
	4.02359 0.254147,
	4.02539 0.251755,
	4.02987 0.248167,
	4.03137 0.245775,
	4.03226 0.243383,
	4.03286 0.238599,
	4.03286 0.237403,
	4.03107 0.232619,
	4.02987 0.227835,
	4.02927 0.226639,
	4.03226 0.207503,
	4.03166 0.197935,
	4.03226 0.195544,
	4.03256 0.194348,
	4.03406 0.191956,
	4.03854 0.188069,
	4.04811 0.183285,
	4.0505 0.182089,
	4.05529 0.1788,
	4.05648 0.176408,
	4.05708 0.175212,
	4.06127 0.170428,
	4.06605 0.167139,
	4.06725 0.166242,
	4.06964 0.166242,
	4.07173 0.171026,
	4.07053 0.17581,
	4.06605 0.185378,
	4.06396 0.190162,
	4.06127 0.199729,
	4.05917 0.209297,
	4.05857 0.214081,
	4.05947 0.223649,
	4.06007 0.226041,
	4.06007 0.227237,
	4.06067 0.228433,
	4.06545 0.232619,
	4.07024 0.235011,
	4.07143 0.235609,
	4.07592 0.240393,
	4.07771 0.242785,
	4.07861 0.245177,
	4.07891 0.246373,
	4.08339 0.250559,
	4.08578 0.252353,
	4.08788 0.254745,
	4.09415 0.264313,
	4.09565 0.266705,
	4.10342 0.276272,
	4.10731 0.281056,
	4.11688 0.290325,
	4.11927 0.292418,
	4.12316 0.297202,
	4.12465 0.299594,
	4.12585 0.304378,
	4.12645 0.30677,
	4.13093 0.316338,
	4.13183 0.31873,
	4.13213 0.321122,
	4.13153 0.325906,
	4.12884 0.33069,
	4.12675 0.335474,
	4.12405 0.345042,
	4.12256 0.349826,
	4.12166 0.352218,
	4.11748 0.357001,
	4.11628 0.358197,
	4.11568 0.358795,
	4.10611 0.36029,
	4.10372 0.360589,
	4.10312 0.360589,
	4.09834 0.355805,
	4.09595 0.353413,
	4.09505 0.352218,
	4.09266 0.34265,
	4.09326 0.333082,
	4.09326 0.331886,
	4.09475 0.327102,
	4.09565 0.32471,
	4.09415 0.319926,
	4.08937 0.310358,
	4.08728 0.305574,
	4.08668 0.304378,
	4.08847 0.29481,
	4.08937 0.290026,
	4.08967 0.28883,
	4.08548 0.279262,
	4.08309 0.274478,
	4.07592 0.264911,
	4.07382 0.262818,
	4.07143 0.261323,
	4.07024 0.260426,
	4.06964 0.260127,
	4.06754 0.261921,
	4.06754 0.264313,
	4.06754 0.265509,
	4.07203 0.275076,
	4.07472 0.27986,
	4.07861 0.289428,
	4.0804 0.294212,
	4.0813 0.298996,
	4.0816 0.30378,
	4.0819 0.304976,
	4.081 0.305873,
	4.07143 0.30976,
	4.06665 0.308265,
	4.06426 0.307667,
	4.06306 0.307368,
	4.05828 0.302584,
	4.05738 0.301388,
	4.05768 0.296604,
	4.05798 0.294212,
	4.05648 0.289428,
	4.05618 0.288232,
	4.0517 0.284046,
	4.04931 0.284046,
	4.04871 0.284046,
	4.04721 0.286438,
	4.04572 0.291222,
	4.04512 0.293614,
	4.04482 0.29481,
	4.04811 0.304378,
	4.0502 0.309162,
	4.0514 0.311554,
	4.0517 0.316338,
	4.052 0.31873,
	4.052 0.319926,
	4.04931 0.32471,
	4.04452 0.323813,
	4.03495 0.323215,
	4.03256 0.322318,
	4.03137 0.322019,
	4.02688 0.317534,
	4.02479 0.315142,
	4.0221 0.310358,
	4.0206 0.307966,
	4.02 0.30677,
	4.01851 0.297202,
	4.01791 0.292418,
	4.01791 0.287634,
	4.01791 0.286438,
	4.01522 0.281654,
	4.01372 0.279262,
	4.00924 0.275076,
	4.00834 0.273881,
	4.00834 0.272984,
	"/>
</Transform>

<Transform dim="0"
 xcoef=" 0 1 0 0 0 0"
 ycoef=" 0 0 1 0 0 0">
<Contour name="Ea5(ER)" hidden="false" closed="true" simplified="true" border="0 0.882 0.882" fill="0.502 1 1" mode="9"
 points="4.14715 0.304717,
	4.14929 0.301858,
	4.15072 0.300429,
	4.15644 0.299715,
	4.15715 0.299,
	4.16001 0.301144,
	4.16573 0.301144,
	4.16859 0.300429,
	4.17359 0.294713,
	4.1743 0.291854,
	4.17359 0.288996,
	4.17288 0.287567,
	4.17788 0.282565,
	4.18359 0.278992,
	4.19503 0.268274,
	4.19789 0.266845,
	4.1986 0.26613,
	4.20289 0.271847,
	4.2036 0.273276,
	4.19217 0.283994,
	4.19074 0.286853,
	4.19145 0.292569,
	4.19717 0.304002,
	4.19431 0.306146,
	4.1886 0.307575,
	4.18717 0.312577,
	4.18931 0.318293,
	4.19431 0.32401,
	4.19931 0.328297,
	4.20146 0.331156,
	4.20289 0.342589,
	4.20789 0.354022,
	4.21218 0.358309,
	4.21718 0.369742,
	4.21861 0.372601,
	4.21646 0.384034,
	4.21146 0.38975,
	4.2086 0.391179,
	4.19717 0.381175,
	4.19074 0.369742,
	4.18288 0.358309,
	4.18002 0.35688,
	4.17931 0.356165,
	4.17359 0.367599,
	4.16716 0.390465,
	4.1643 0.396181,
	4.16573 0.401898,
	4.17145 0.413331,
	4.17645 0.419047,
	4.18788 0.426908,
	4.19074 0.428337,
	4.20146 0.43977,
	4.21003 0.451203,
	4.21432 0.456919,
	4.21575 0.459778,
	4.21289 0.465494,
	4.21003 0.468352,
	4.1986 0.46335,
	4.19574 0.461921,
	4.19503 0.461207,
	4.18931 0.46478,
	4.18359 0.466923,
	4.17788 0.465494,
	4.17502 0.464065,
	4.17073 0.458349,
	4.16644 0.435482,
	4.15644 0.412616,
	4.15144 0.401183,
	4.14929 0.38975,
	4.14858 0.378317,
	4.15072 0.366884,
	4.15287 0.361167,
	4.15358 0.355451,
	4.1643 0.332585,
	4.16716 0.326868,
	4.1693 0.32401,
	4.17073 0.322581,
	4.17145 0.316864,
	4.17073 0.314006,
	4.16787 0.312577,
	4.16216 0.313291,
	4.1593 0.314006,
	4.15787 0.316864,
	4.14644 0.324725,
	4.14286 0.321152,
	4.14286 0.318293,
	4.14286 0.317579,
	"/>
</Transform>

<Transform dim="0"
 xcoef=" 0 1 0 0 0 0"
 ycoef=" 0 0 1 0 0 0">
<Contour name="Ea5(ER)" hidden="false" closed="true" simplified="true" border="0 0.882 0.882" fill="0.502 1 1" mode="9"
 points="4.08018 0.178642,
	4.08661 0.167209,
	4.08875 0.16435,
	4.10018 0.159348,
	4.12305 0.161492,
	4.13448 0.165779,
	4.1402 0.168638,
	4.14306 0.170067,
	4.1452 0.172925,
	4.14734 0.178642,
	4.14806 0.1815,
	4.14877 0.182929,
	4.14734 0.183644,
	4.13591 0.177927,
	4.12448 0.170781,
	4.12162 0.169352,
	4.11019 0.170067,
	4.09875 0.175069,
	4.0959 0.180071,
	4.09947 0.185073,
	4.10519 0.186502,
	4.11662 0.186502,
	4.12234 0.185073,
	4.13377 0.187216,
	4.1452 0.197935,
	4.14806 0.200793,
	4.15163 0.20651,
	4.15378 0.212226,
	4.15449 0.217943,
	4.15378 0.223659,
	4.14877 0.235092,
	4.14377 0.240809,
	4.14091 0.242953,
	4.1352 0.245096,
	4.12948 0.245096,
	4.11805 0.241524,
	4.11233 0.236522,
	4.10947 0.233663,
	4.10161 0.22223,
	4.09733 0.216514,
	4.09518 0.210797,
	4.09447 0.199364,
	4.09447 0.193648,
	4.09375 0.190789,
	4.09232 0.18936,
	4.08661 0.187931,
	4.08303 0.182929,
	4.08089 0.180071,
	4.08089 0.179356,
	"/>
</Transform>

<Transform dim="0"
 xcoef=" 0 1 0 0 0 0"
 ycoef=" 0 0 1 0 0 0">
<Contour name="Ea5(MVB1)" hidden="false" closed="true" simplified="true" border="0.521569 0.858824 0.0156863" fill="0.866667 0.980392 0.521569" mode="9"
 points="3.77045 0.608637,
	3.77298 0.598514,
	3.77646 0.588391,
	3.77741 0.58586,
	3.77646 0.575737,
	3.77614 0.570676,
	3.77583 0.568145,
	3.77551 0.56688,
	3.77709 0.561819,
	3.77867 0.551696,
	3.77962 0.546634,
	3.78152 0.541573,
	3.78152 0.536511,
	3.78152 0.533981,
	3.78089 0.53145,
	3.78152 0.526389,
	3.78184 0.523858,
	3.78658 0.513735,
	3.7888 0.508674,
	3.78974 0.506143,
	3.79101 0.49602,
	3.79133 0.490959,
	3.79227 0.485897,
	3.79354 0.483366,
	3.79765 0.478305,
	3.79923 0.475774,
	3.8043 0.471345,
	3.80683 0.469131,
	3.80872 0.4666,
	3.80967 0.465335,
	3.81062 0.460274,
	3.8122 0.455212,
	3.81252 0.453947,
	3.81157 0.451416,
	3.80809 0.446355,
	3.80366 0.441293,
	3.80145 0.438763,
	3.7812 0.428323,
	3.77899 0.426742,
	3.77677 0.42168,
	3.77583 0.41915,
	3.77551 0.398904,
	3.77583 0.393842,
	3.77709 0.391312,
	3.77772 0.390046,
	3.78278 0.38625,
	3.78532 0.384352,
	3.79038 0.382138,
	3.79544 0.380872,
	3.8005 0.38024,
	3.80556 0.380556,
	3.81062 0.384352,
	3.81315 0.38625,
	3.81632 0.391312,
	3.81758 0.393842,
	3.81821 0.395108,
	3.82328 0.39922,
	3.82581 0.401435,
	3.82834 0.4027,
	3.8296 0.403649,
	3.83087 0.40618,
	3.84067 0.413455,
	3.84574 0.416935,
	3.84827 0.41915,
	3.85333 0.422313,
	3.85554 0.424844,
	3.85681 0.426109,
	3.85807 0.42864,
	3.85997 0.43117,
	3.8606 0.433701,
	3.85966 0.436232,
	3.85776 0.438446,
	3.84763 0.440661,
	3.83751 0.439079,
	3.83625 0.438763,
	3.8315 0.434017,
	3.82992 0.428956,
	3.82897 0.426425,
	3.82739 0.423895,
	3.82676 0.422629,
	3.82612 0.421997,
	3.82359 0.421364,
	3.82233 0.421048,
	3.82106 0.420099,
	3.82043 0.419466,
	3.81537 0.41915,
	3.81284 0.419466,
	3.81031 0.420731,
	3.80967 0.421997,
	3.80936 0.422629,
	3.81062 0.42516,
	3.81126 0.426425,
	3.81379 0.428323,
	3.82391 0.43813,
	3.82897 0.443191,
	3.83055 0.445722,
	3.83277 0.450783,
	3.83498 0.460906,
	3.83593 0.465968,
	3.83625 0.471029,
	3.83625 0.47356,
	3.83182 0.493806,
	3.8296 0.503928,
	3.82834 0.50899,
	3.82707 0.511521,
	3.82517 0.514051,
	3.81537 0.523858,
	3.81284 0.526072,
	3.81157 0.527338,
	3.81031 0.52797,
	3.80461 0.538093,
	3.80335 0.540624,
	3.80208 0.545685,
	3.80145 0.548216,
	3.80113 0.553277,
	3.80082 0.555808,
	3.80145 0.560869,
	3.80177 0.5634,
	3.79892 0.583646,
	3.79765 0.586177,
	3.79702 0.587442,
	3.7967 0.597565,
	3.79417 0.607688,
	3.79322 0.612749,
	3.79354 0.622872,
	3.79575 0.632995,
	3.79765 0.638056,
	3.79892 0.640587,
	3.79955 0.641852,
	3.79955 0.646914,
	3.79797 0.657037,
	3.79702 0.662098,
	3.79481 0.667159,
	3.79417 0.668425,
	3.79291 0.669374,
	3.78785 0.670639,
	3.78658 0.670956,
	3.785 0.668425,
	3.78342 0.658302,
	3.78247 0.648179,
	3.77962 0.638056,
	3.77677 0.632995,
	3.77266 0.622872,
	3.77171 0.620341,
	3.77108 0.619076,
	3.77045 0.608953,
	"/>
</Transform>

<Transform dim="0"
 xcoef=" 0 1 0 0 0 0"
 ycoef=" 0 0 1 0 0 0">
<Contour name="Ea5(endo3)" hidden="false" closed="true" simplified="true" border="1 1 0" fill="1 1 0.501961" mode="9"
 points="4.00556 0.537987,
	4.01 0.506427,
	4.01098 0.502483,
	4.01641 0.494593,
	4.0243 0.486703,
	4.03219 0.482758,
	4.04008 0.482265,
	4.04402 0.482265,
	4.05142 0.486703,
	4.0598 0.502483,
	4.06621 0.518262,
	4.06819 0.522207,
	4.07065 0.530097,
	4.07164 0.532069,
	4.07903 0.539959,
	4.08051 0.543904,
	4.0815 0.545876,
	4.08051 0.553766,
	4.07509 0.561656,
	4.07361 0.563629,
	4.06966 0.565601,
	4.06177 0.568067,
	4.0598 0.569053,
	4.05191 0.569546,
	4.04797 0.570039,
	4.04008 0.569053,
	4.03613 0.56856,
	4.03219 0.56708,
	4.01641 0.557711,
	4.00852 0.550808,
	4.00655 0.542918,
	4.00556 0.538973,
	4.00556 0.53848,
	"/>
</Transform>

<Transform dim="0"
 xcoef=" 0 1 0 0 0 0"
 ycoef=" 0 0 1 0 0 0">
<Contour name="Ea5" hidden="false" closed="true" simplified="true" border="0.984314 0.207843 0.0156863" fill="1 1 0.690196" mode="9"
 points="3.6521 1.38279,
	3.6601 1.36678,
	3.6646 1.35878,
	3.6656 1.35478,
	3.68111 1.34327,
	3.68912 1.33927,
	3.70513 1.33327,
	3.71313 1.33076,
	3.74515 1.31576,
	3.76116 1.30825,
	3.76916 1.30425,
	3.77717 1.29624,
	3.78767 1.28024,
	3.80318 1.24822,
	3.80819 1.23221,
	3.81069 1.2162,
	3.81269 1.20819,
	3.81319 1.19218,
	3.81269 1.18418,
	3.81019 1.17618,
	3.81419 1.14416,
	3.81719 1.12815,
	3.81719 1.12014,
	3.81869 1.11614,
	3.8237 1.10814,
	3.8272 1.10013,
	3.8312 1.08412,
	3.8317 1.08212,
	3.81669 1.0501,
	3.80569 1.03409,
	3.79218 1.01808,
	3.76016 0.989568,
	3.75616 0.986066,
	3.74265 0.970057,
	3.73464 0.963553,
	3.71763 0.931535,
	3.71463 0.92353,
	3.71213 0.907521,
	3.71413 0.891512,
	3.71363 0.88751,
	3.71113 0.879505,
	3.71013 0.875503,
	3.70613 0.867498,
	3.70363 0.859493,
	3.70213 0.851489,
	3.70163 0.843484,
	3.70213 0.839482,
	3.71813 0.807464,
	3.72314 0.799459,
	3.72964 0.791454,
	3.73114 0.789453,
	3.73364 0.781449,
	3.73564 0.765439,
	3.73264 0.733421,
	3.73564 0.701403,
	3.73665 0.669384,
	3.73765 0.653375,
	3.74115 0.637366,
	3.74315 0.629361,
	3.74415 0.625359,
	3.74115 0.593341,
	3.74365 0.577331,
	3.74965 0.561322,
	3.75666 0.529304,
	3.76116 0.513295,
	3.76666 0.497286,
	3.77016 0.481276,
	3.77066 0.465267,
	3.77066 0.461265,
	3.76216 0.429246,
	3.76066 0.421242,
	3.76416 0.389223,
	3.76616 0.373214,
	3.79418 0.309178,
	3.79968 0.301173,
	3.80118 0.299172,
	3.8332 0.284163,
	3.86522 0.267153,
	3.86922 0.264652,
	3.88473 0.250644,
	3.91175 0.218626,
	3.92776 0.207619,
	3.95977 0.202616,
	3.99179 0.199114,
	3.9998 0.198614,
	4.0038 0.197613,
	4.0078 0.195612,
	4.0098 0.194612,
	4.01731 0.186607,
	4.02231 0.178603,
	4.02831 0.170598,
	4.03582 0.162593,
	4.03982 0.159091,
	4.04782 0.154589,
	4.05183 0.152588,
	4.05983 0.151087,
	4.06383 0.150586,
	4.07184 0.145083,
	4.07584 0.142582,
	4.08384 0.141081,
	4.09185 0.142582,
	4.09585 0.143082,
	4.10386 0.146084,
	4.11186 0.146584,
	4.11987 0.148085,
	4.12787 0.151587,
	4.15989 0.160592,
	4.16389 0.162593,
	4.1719 0.169097,
	4.1759 0.172599,
	4.19191 0.181604,
	4.19591 0.184106,
	4.21192 0.189109,
	4.24394 0.20862,
	4.25995 0.220627,
	4.26795 0.227631,
	4.28046 0.24314,
	4.29196 0.259149,
	4.29497 0.263151,
	4.32748 0.327188,
	4.34199 0.359206,
	4.34299 0.361207,
	4.34499 0.377217,
	4.34299 0.393226,
	4.34299 0.395227,
	4.32748 0.427245,
	4.32648 0.429246,
	4.31948 0.436751,
	4.28746 0.459264,
	4.25544 0.477274,
	4.23943 0.485779,
	4.23543 0.48778,
	4.21942 0.492283,
	4.21142 0.494784,
	4.20341 0.496285,
	4.19941 0.496285,
	4.19141 0.493784,
	4.1834 0.489281,
	4.1759 0.483778,
	4.15989 0.451759,
	4.15789 0.447757,
	4.15539 0.439752,
	4.14788 0.423743,
	4.14438 0.415739,
	4.14188 0.407734,
	4.14038 0.405733,
	4.13237 0.403232,
	4.12437 0.402231,
	4.12037 0.40123,
	4.11636 0.402231,
	4.10035 0.415238,
	4.09235 0.423243,
	4.08885 0.427245,
	4.07284 0.43575,
	4.07084 0.436751,
	4.06433 0.444755,
	4.06233 0.448758,
	4.06383 0.456762,
	4.07284 0.472771,
	4.07634 0.476774,
	4.08435 0.481276,
	4.09735 0.497286,
	4.10586 0.513295,
	4.10736 0.517297,
	4.10986 0.533306,
	4.10836 0.541311,
	4.10085 0.55732,
	4.09485 0.565325,
	4.07884 0.573329,
	4.07084 0.577331,
	4.05483 0.581334,
	4.02281 0.595342,
	4.0068 0.601345,
	3.9988 0.604847,
	3.99529 0.607349,
	3.98979 0.615353,
	3.98729 0.623358,
	3.98529 0.639367,
	3.98429 0.647372,
	3.97678 0.663381,
	3.96378 0.67939,
	3.94777 0.711408,
	3.94527 0.719413,
	3.92976 0.751431,
	3.92425 0.759436,
	3.91125 0.775445,
	3.90474 0.78345,
	3.89924 0.791454,
	3.89073 0.807464,
	3.88873 0.811466,
	3.88773 0.813467,
	3.88223 0.845485,
	3.87673 0.861495,
	3.87472 0.869499,
	3.87472 0.873502,
	3.87973 0.889511,
	3.88673 0.90552,
	3.88973 0.913524,
	3.89223 0.929534,
	3.89273 0.933536,
	3.89324 0.935537,
	3.88473 0.967556,
	3.87723 0.983565,
	3.87322 0.999574,
	3.87122 1.00758,
	3.87072 1.00958,
	3.87372 1.02559,
	3.87673 1.03359,
	3.88073 1.0416,
	3.88373 1.05761,
	3.88523 1.06561,
	3.88223 1.08162,
	3.87372 1.11364,
	3.87172 1.12164,
	3.87072 1.12565,
	3.87472 1.14166,
	3.87573 1.14966,
	3.88973 1.18168,
	3.89574 1.19769,
	3.89824 1.20569,
	3.89874 1.2137,
	3.89824 1.22971,
	3.89774 1.23771,
	3.89774 1.24171,
	3.89023 1.27373,
	3.88523 1.28974,
	3.87723 1.30575,
	3.87322 1.31375,
	3.84671 1.34577,
	3.8372 1.36178,
	3.8337 1.36979,
	3.8327 1.37379,
	3.8377 1.40581,
	3.84171 1.42182,
	3.8372 1.43783,
	3.8332 1.44583,
	3.8272 1.45383,
	3.8242 1.45784,
	3.82269 1.45984,
	3.81469 1.46284,
	3.78267 1.46684,
	3.76666 1.46684,
	3.75866 1.46534,
	3.75466 1.46484,
	3.75265 1.46484,
	3.72064 1.44883,
	3.71263 1.44383,
	3.70463 1.43733,
	3.69712 1.42932,
	3.69212 1.42132,
	3.68962 1.41731,
	3.68862 1.41531,
	3.6566 1.3873,
	3.6526 1.38329,
	"/>
</Transform>

</Section>