<?xml version="1.0"?>
<!DOCTYPE Section SYSTEM "section.dtd">

<Section index="53" thickness="0.05" alignLocked="true">
<Transform dim="6"
 xcoef=" -0.531157998383571 0.891402665336314 0.2940569156983 0 0 0"
 ycoef=" 1.4065915437649 -0.404781327598277 0.887889462404726 0 0 0">
<Image mag="0.0022159" contrast="1" brightness="0"
 src="R34CA1-B_S12.152.jpg" />
<Contour name="domain1" hidden="false" closed="true" simplified="false" border="1 0 1" fill="1 0 1" mode="11"
 points="0 0,
	4096 0,
	4096 4096,
	0 4096,
	"/>
</Transform>

<Transform dim="0"
 xcoef=" 0 1 0 0 0 0"
 ycoef=" 0 0 1 0 0 0">
<Contour name="Ea2(mito4)" hidden="false" closed="true" simplified="true" border="0 0 1" fill="0 0 1" mode="9"
 points="2.88323 3.47114,
	2.89142 3.465,
	2.89552 3.46295,
	2.89654 3.46192,
	2.91293 3.47319,
	2.91703 3.47626,
	2.91908 3.48446,
	2.91908 3.49265,
	2.9201 3.49675,
	2.91908 3.50085,
	2.91088 3.50597,
	2.90679 3.50801,
	2.90474 3.50904,
	2.89654 3.50289,
	2.88733 3.48651,
	2.88528 3.47831,
	2.88425 3.47422,
	2.88323 3.47217,
	"/>
</Transform>

<Transform dim="0"
 xcoef=" 0 1 0 0 0 0"
 ycoef=" 0 0 1 0 0 0">
<Contour name="Ed4" hidden="false" closed="true" simplified="true" border="0.541176 0.756863 0.0352941" fill="0.501961 1 1" mode="9"
 points="1.58311 4.08678,
	1.6006 4.07148,
	1.63559 4.0518,
	1.70556 4.02337,
	1.72305 4.01244,
	1.73836 3.99495,
	1.74929 3.95996,
	1.75367 3.92497,
	1.75367 3.855,
	1.75585 3.83751,
	1.76897 3.80252,
	1.77116 3.79378,
	1.80614 3.76535,
	1.84113 3.75879,
	1.9111 3.73255,
	1.92859 3.72599,
	1.99857 3.71506,
	2.03355 3.69975,
	2.05979 3.66695,
	2.07728 3.65383,
	2.11227 3.62104,
	2.14726 3.61229,
	2.21723 3.60354,
	2.25221 3.59698,
	2.2872 3.58605,
	2.32219 3.57949,
	2.33968 3.5773,
	2.35717 3.57074,
	2.36592 3.56856,
	2.4009 3.5773,
	2.4184 3.58168,
	2.42496 3.58824,
	2.43808 3.62322,
	2.44026 3.63197,
	2.43589 3.66695,
	2.44026 3.70194,
	2.44026 3.71069,
	2.45776 3.72599,
	2.47525 3.73693,
	2.51023 3.75005,
	2.58021 3.75223,
	2.58895 3.75442,
	2.60645 3.77191,
	2.61519 3.78066,
	2.63706 3.81564,
	2.6633 3.85063,
	2.67642 3.86812,
	2.74639 3.91623,
	2.78137 3.94465,
	2.79887 3.95996,
	2.81199 3.97745,
	2.82948 3.99495,
	2.86447 4.01681,
	2.88196 4.02119,
	2.89071 4.02337,
	2.89508 4.02556,
	2.91257 4.019,
	2.94756 4.02775,
	3.01753 4.02775,
	3.05252 4.02993,
	3.0875 4.02775,
	3.12249 4.02119,
	3.13998 4.01244,
	3.15747 4.01025,
	3.17497 4.01244,
	3.19246 4.01025,
	3.20121 4.01025,
	3.23619 3.99495,
	3.27118 3.97089,
	3.28867 3.95777,
	3.32366 3.94028,
	3.34115 3.93153,
	3.37613 3.93372,
	3.41112 3.94028,
	3.42861 3.94028,
	3.4636 3.94684,
	3.48109 3.94903,
	3.49858 3.95777,
	3.51608 3.97527,
	3.53794 4.01025,
	3.54669 4.02775,
	3.562 4.04524,
	3.59698 4.06054,
	3.61448 4.06929,
	3.63197 4.0846,
	3.6429 4.10209,
	3.64946 4.11084,
	3.65602 4.14582,
	3.65383 4.15457,
	3.65383 4.15894,
	3.63634 4.17425,
	3.63197 4.17862,
	3.61448 4.18081,
	3.59698 4.18956,
	3.57949 4.19393,
	3.5445 4.21361,
	3.48984 4.27921,
	3.47672 4.2967,
	3.45923 4.30326,
	3.42424 4.2967,
	3.38925 4.27483,
	3.35427 4.24422,
	3.33678 4.22891,
	3.30179 4.20705,
	3.2843 4.19612,
	3.2668 4.18956,
	3.23182 4.18737,
	3.19683 4.17206,
	3.18809 4.16769,
	3.17278 4.15238,
	3.15529 4.14145,
	3.13779 4.13708,
	3.1203 4.13926,
	3.10281 4.14801,
	3.06782 4.17644,
	3.03284 4.18518,
	3.01534 4.18956,
	2.98036 4.17862,
	2.94537 4.15894,
	2.92788 4.15238,
	2.91039 4.1502,
	2.89289 4.15238,
	2.8754 4.16332,
	2.85791 4.16113,
	2.84041 4.14801,
	2.83823 4.13052,
	2.84479 4.11302,
	2.81199 4.0999,
	2.80324 4.0999,
	2.79887 4.09772,
	2.78137 4.10865,
	2.77263 4.1174,
	2.77919 4.15238,
	2.78137 4.22235,
	2.777 4.25734,
	2.7617 4.29233,
	2.73327 4.32294,
	2.72015 4.34043,
	2.68516 4.37542,
	2.61519 4.41478,
	2.5977 4.42134,
	2.52773 4.43446,
	2.45776 4.4432,
	2.38778 4.4432,
	2.24784 4.42571,
	2.21285 4.4104,
	2.17787 4.39072,
	2.14288 4.36667,
	2.1079 4.33606,
	2.03793 4.26827,
	2.00294 4.24422,
	1.96795 4.21361,
	1.93297 4.19174,
	1.89798 4.1655,
	1.863 4.14364,
	1.82801 4.1327,
	1.81052 4.12614,
	1.77553 4.11958,
	1.74055 4.10865,
	1.72305 4.09334,
	1.68807 4.08897,
	1.65308 4.09334,
	1.6181 4.09334,
	1.6006 4.09553,
	1.59186 4.09772,
	1.5853 4.09116,
	1.5853 4.08897,
	"/>
</Transform>

<Transform dim="0"
 xcoef=" 0 1 0 0 0 0"
 ycoef=" 0 0 1 0 0 0">
<Contour name="Ea5(v411)" hidden="false" closed="true" simplified="true" border="1 0 0" fill="1 1 1" mode="9"
 points="1.27306 5.84086,
	1.27375 5.83385,
	1.27579 5.82715,
	1.2791 5.82104,
	1.28352 5.8158,
	1.28887 5.81165,
	1.29491 5.80879,
	1.30137 5.80732,
	1.30798 5.80732,
	1.31445 5.80879,
	1.32049 5.81165,
	1.32584 5.8158,
	1.33026 5.82104,
	1.33357 5.82715,
	1.33561 5.83385,
	1.3363 5.84086,
	1.33561 5.84788,
	1.33357 5.85458,
	1.33026 5.86069,
	1.32584 5.86593,
	1.32049 5.87007,
	1.31445 5.87294,
	1.30798 5.87441,
	1.30137 5.87441,
	1.29491 5.87294,
	1.28887 5.87007,
	1.28352 5.86593,
	1.2791 5.86069,
	1.27579 5.85458,
	1.27375 5.84788,
	"/>
</Transform>

<Transform dim="0"
 xcoef=" 0 1 0 0 0 0"
 ycoef=" 0 0 1 0 0 0">
<Contour name="Ea2(v1323)" hidden="false" closed="true" simplified="true" border="0.611765 0.27451 0.643137" fill="0.458824 0.729412 1" mode="9"
 points="3.1531 3.67803,
	3.15411 3.6716,
	3.15706 3.66581,
	3.16166 3.66121,
	3.16746 3.65826,
	3.17388 3.65724,
	3.1803 3.65826,
	3.1861 3.66121,
	3.1907 3.66581,
	3.19365 3.6716,
	3.19467 3.67803,
	3.19365 3.68445,
	3.1907 3.69025,
	3.1861 3.69484,
	3.1803 3.6978,
	3.17388 3.69881,
	3.16746 3.6978,
	3.16166 3.69484,
	3.15706 3.69025,
	"/>
<Contour name="Ea2(v1324)" hidden="false" closed="true" simplified="true" border="0.611765 0.27451 0.643137" fill="0.458824 0.729412 1" mode="9"
 points="3.11707 3.65586,
	3.11781 3.64943,
	3.11998 3.64364,
	3.12335 3.63904,
	3.1276 3.63609,
	3.13231 3.63507,
	3.13702 3.63609,
	3.14127 3.63904,
	3.14464 3.64364,
	3.14681 3.64943,
	3.14755 3.65586,
	3.14681 3.66228,
	3.14464 3.66807,
	3.14127 3.67267,
	3.13702 3.67563,
	3.13231 3.67664,
	3.1276 3.67563,
	3.12335 3.67267,
	3.11998 3.66807,
	"/>
<Contour name="Ea2(v1325)" hidden="false" closed="true" simplified="true" border="0.611765 0.27451 0.643137" fill="0.458824 0.729412 1" mode="9"
 points="3.27226 3.68496,
	3.27335 3.67896,
	3.2765 3.67355,
	3.2814 3.66926,
	3.28758 3.66651,
	3.29444 3.66556,
	3.30129 3.66651,
	3.30747 3.66926,
	3.31237 3.67355,
	3.31552 3.67896,
	3.31661 3.68496,
	3.31552 3.69095,
	3.31237 3.69636,
	3.30747 3.70065,
	3.30129 3.70341,
	3.29444 3.70436,
	3.28758 3.70341,
	3.2814 3.70065,
	3.2765 3.69636,
	"/>
<Contour name="Ea2(v1326)" hidden="false" closed="true" simplified="true" border="0.611765 0.27451 0.643137" fill="0.458824 0.729412 1" mode="9"
 points="3.12538 3.60597,
	3.12653 3.59955,
	3.12988 3.59375,
	3.13509 3.58916,
	3.14166 3.5862,
	3.14894 3.58519,
	3.15622 3.5862,
	3.16278 3.58916,
	3.168 3.59375,
	3.17134 3.59955,
	3.17249 3.60597,
	3.17134 3.61239,
	3.168 3.61819,
	3.16278 3.62279,
	3.15622 3.62574,
	3.14894 3.62676,
	3.14166 3.62574,
	3.13509 3.62279,
	3.12988 3.61819,
	"/>
<Contour name="Ea2(v1327)" hidden="false" closed="true" simplified="true" border="0.611765 0.27451 0.643137" fill="0.458824 0.729412 1" mode="9"
 points="3.14755 3.55609,
	3.1485 3.54966,
	3.15126 3.54387,
	3.15555 3.53927,
	3.16096 3.53632,
	3.16695 3.5353,
	3.17295 3.53632,
	3.17835 3.53927,
	3.18265 3.54387,
	3.1854 3.54966,
	3.18635 3.55609,
	3.1854 3.56251,
	3.18265 3.5683,
	3.17835 3.5729,
	3.17295 3.57585,
	3.16695 3.57687,
	3.16096 3.57585,
	3.15555 3.5729,
	3.15126 3.5683,
	"/>
<Contour name="Ea2(v1328)" hidden="false" closed="true" simplified="true" border="0.611765 0.27451 0.643137" fill="0.458824 0.729412 1" mode="9"
 points="3.11984 3.50689,
	3.12086 3.49983,
	3.12381 3.49346,
	3.12841 3.4884,
	3.1342 3.48515,
	3.14062 3.48403,
	3.14705 3.48515,
	3.15284 3.4884,
	3.15744 3.49346,
	3.16039 3.49983,
	3.16141 3.50689,
	3.16039 3.51396,
	3.15744 3.52033,
	3.15284 3.52539,
	3.14705 3.52864,
	3.14062 3.52976,
	3.1342 3.52864,
	3.12841 3.52539,
	3.12381 3.52033,
	"/>
<Contour name="Ea2(v1329)" hidden="false" closed="true" simplified="true" border="0.611765 0.27451 0.643137" fill="0.458824 0.729412 1" mode="9"
 points="3.14478 3.46325,
	3.14559 3.45811,
	3.14796 3.45347,
	3.15164 3.44979,
	3.15627 3.44743,
	3.16141 3.44662,
	3.16655 3.44743,
	3.17118 3.44979,
	3.17486 3.45347,
	3.17722 3.45811,
	3.17804 3.46325,
	3.17722 3.46838,
	3.17486 3.47302,
	3.17118 3.4767,
	3.16655 3.47906,
	3.16141 3.47987,
	3.15627 3.47906,
	3.15164 3.4767,
	3.14796 3.47302,
	"/>
<Contour name="Ea2(v1330)" hidden="false" closed="true" simplified="true" border="0.611765 0.27451 0.643137" fill="0.458824 0.729412 1" mode="9"
 points="3.06718 3.58657,
	3.06806 3.58101,
	3.07062 3.57598,
	3.07461 3.572,
	3.07963 3.56944,
	3.0852 3.56856,
	3.09076 3.56944,
	3.09578 3.572,
	3.09977 3.57598,
	3.10233 3.58101,
	3.10321 3.58657,
	3.10233 3.59214,
	3.09977 3.59716,
	3.09578 3.60115,
	3.09076 3.6037,
	3.0852 3.60459,
	3.07963 3.6037,
	3.07461 3.60115,
	3.07062 3.59716,
	"/>
<Contour name="Ea2(v1331)" hidden="false" closed="true" simplified="true" border="0.611765 0.27451 0.643137" fill="0.458824 0.729412 1" mode="9"
 points="3.24732 3.63369,
	3.2482 3.62812,
	3.25076 3.6231,
	3.25475 3.61911,
	3.25977 3.61655,
	3.26534 3.61567,
	3.2709 3.61655,
	3.27592 3.61911,
	3.27991 3.6231,
	3.28247 3.62812,
	3.28335 3.63369,
	3.28247 3.63925,
	3.27991 3.64427,
	3.27592 3.64826,
	3.2709 3.65082,
	3.26534 3.6517,
	3.25977 3.65082,
	3.25475 3.64826,
	3.25076 3.64427,
	"/>
<Contour name="Ea2(v1332)" hidden="false" closed="true" simplified="true" border="0.611765 0.27451 0.643137" fill="0.458824 0.729412 1" mode="9"
 points="2.97295 3.62814,
	2.97377 3.62086,
	2.97613 3.6143,
	2.97981 3.60909,
	2.98444 3.60574,
	2.98958 3.60459,
	2.99472 3.60574,
	2.99936 3.60909,
	3.00304 3.6143,
	3.0054 3.62086,
	3.00621 3.62814,
	3.0054 3.63542,
	3.00304 3.64199,
	2.99936 3.6472,
	2.99472 3.65055,
	2.98958 3.6517,
	2.98444 3.65055,
	2.97981 3.6472,
	2.97613 3.64199,
	"/>
<Contour name="Ea2(v1333)" hidden="false" closed="true" simplified="true" border="0.611765 0.27451 0.643137" fill="0.458824 0.729412 1" mode="9"
 points="2.99235 3.56717,
	2.99344 3.55904,
	2.99659 3.5517,
	3.00149 3.54587,
	3.00767 3.54213,
	3.01453 3.54084,
	3.02138 3.54213,
	3.02756 3.54587,
	3.03246 3.5517,
	3.03561 3.55904,
	3.0367 3.56717,
	3.03561 3.57531,
	3.03246 3.58265,
	3.02756 3.58847,
	3.02138 3.59221,
	3.01453 3.5935,
	3.00767 3.59221,
	3.00149 3.58847,
	2.99659 3.58265,
	"/>
<Contour name="Ea2(v1334)" hidden="false" closed="true" simplified="true" border="0.611765 0.27451 0.643137" fill="0.458824 0.729412 1" mode="9"
 points="3.04778 3.51867,
	3.04887 3.51182,
	3.05202 3.50564,
	3.05692 3.50074,
	3.0631 3.49759,
	3.06995 3.4965,
	3.0768 3.49759,
	3.08299 3.50074,
	3.08789 3.50564,
	3.09104 3.51182,
	3.09212 3.51867,
	3.09104 3.52552,
	3.08789 3.5317,
	3.08299 3.53661,
	3.0768 3.53976,
	3.06995 3.54084,
	3.0631 3.53976,
	3.05692 3.53661,
	3.05202 3.5317,
	"/>
<Contour name="Ea2(v1335)" hidden="false" closed="true" simplified="true" border="0.611765 0.27451 0.643137" fill="0.458824 0.729412 1" mode="9"
 points="2.94247 3.58103,
	2.94342 3.57461,
	2.94617 3.56881,
	2.95047 3.56421,
	2.95587 3.56126,
	2.96187 3.56024,
	2.96786 3.56126,
	2.97327 3.56421,
	2.97756 3.56881,
	2.98032 3.57461,
	2.98127 3.58103,
	2.98032 3.58745,
	2.97756 3.59325,
	2.97327 3.59785,
	2.96786 3.6008,
	2.96187 3.60181,
	2.95587 3.6008,
	2.95047 3.59785,
	2.94617 3.59325,
	"/>
<Contour name="Ea2(v1336)" hidden="false" closed="true" simplified="true" border="0.611765 0.27451 0.643137" fill="0.458824 0.729412 1" mode="9"
 points="2.93416 3.50066,
	2.93517 3.49424,
	2.93812 3.48844,
	2.94272 3.48384,
	2.94852 3.48089,
	2.95494 3.47987,
	2.96136 3.48089,
	2.96716 3.48384,
	2.97176 3.48844,
	2.97471 3.49424,
	2.97573 3.50066,
	2.97471 3.50708,
	2.97176 3.51288,
	2.96716 3.51747,
	2.96136 3.52043,
	2.95494 3.52144,
	2.94852 3.52043,
	2.94272 3.51747,
	2.93812 3.51288,
	"/>
<Contour name="Ea2(v1337)" hidden="false" closed="true" simplified="true" border="0.611765 0.27451 0.643137" fill="0.458824 0.729412 1" mode="9"
 points="2.8815 3.54777,
	2.88245 3.54049,
	2.8852 3.53393,
	2.8895 3.52871,
	2.8949 3.52537,
	2.9009 3.52422,
	2.90689 3.52537,
	2.9123 3.52871,
	2.91659 3.53393,
	2.91935 3.54049,
	2.9203 3.54777,
	2.91935 3.55505,
	2.91659 3.56162,
	2.9123 3.56683,
	2.90689 3.57018,
	2.9009 3.57133,
	2.8949 3.57018,
	2.8895 3.56683,
	2.8852 3.56162,
	"/>
<Contour name="Ea2(v1338)" hidden="false" closed="true" simplified="true" border="0.611765 0.27451 0.643137" fill="0.458824 0.729412 1" mode="9"
 points="2.83438 3.51867,
	2.8352 3.51182,
	2.83756 3.50564,
	2.84124 3.50074,
	2.84587 3.49759,
	2.85101 3.4965,
	2.85615 3.49759,
	2.86079 3.50074,
	2.86447 3.50564,
	2.86683 3.51182,
	2.86764 3.51867,
	2.86683 3.52552,
	2.86447 3.5317,
	2.86079 3.53661,
	2.85615 3.53976,
	2.85101 3.54084,
	2.84587 3.53976,
	2.84124 3.53661,
	2.83756 3.5317,
	"/>
<Contour name="Ea2(v1339)" hidden="false" closed="true" simplified="true" border="0.611765 0.27451 0.643137" fill="0.458824 0.729412 1" mode="9"
 points="2.77064 3.4577,
	2.7718 3.45085,
	2.77514 3.44467,
	2.78035 3.43977,
	2.78692 3.43662,
	2.7942 3.43553,
	2.80148 3.43662,
	2.80805 3.43977,
	2.81326 3.44467,
	2.8166 3.45085,
	2.81776 3.4577,
	2.8166 3.46455,
	2.81326 3.47073,
	2.80805 3.47564,
	2.80148 3.47879,
	2.7942 3.47987,
	2.78692 3.47879,
	2.78035 3.47564,
	2.77514 3.47073,
	"/>
<Contour name="Ea2(v1340)" hidden="false" closed="true" simplified="true" border="0.611765 0.27451 0.643137" fill="0.458824 0.729412 1" mode="9"
 points="2.82607 3.44385,
	2.82716 3.43785,
	2.83031 3.43244,
	2.83521 3.42815,
	2.84139 3.4254,
	2.84824 3.42445,
	2.85509 3.4254,
	2.86127 3.42815,
	2.86618 3.43244,
	2.86933 3.43785,
	2.87041 3.44385,
	2.86933 3.44984,
	2.86618 3.45525,
	2.86127 3.45954,
	2.85509 3.4623,
	2.84824 3.46325,
	2.84139 3.4623,
	2.83521 3.45954,
	2.83031 3.45525,
	"/>
<Contour name="Ea2(v1341)" hidden="false" closed="true" simplified="true" border="0.611765 0.27451 0.643137" fill="0.458824 0.729412 1" mode="9"
 points="2.91753 3.41613,
	2.91848 3.40928,
	2.92123 3.4031,
	2.92552 3.39819,
	2.93093 3.39505,
	2.93693 3.39396,
	2.94292 3.39505,
	2.94833 3.39819,
	2.95262 3.4031,
	2.95538 3.40928,
	2.95633 3.41613,
	2.95538 3.42298,
	2.95262 3.42916,
	2.94833 3.43407,
	2.94292 3.43722,
	2.93693 3.4383,
	2.93093 3.43722,
	2.92552 3.43407,
	2.92123 3.42916,
	"/>
<Contour name="Ea2(v1342)" hidden="false" closed="true" simplified="true" border="0.611765 0.27451 0.643137" fill="0.458824 0.729412 1" mode="9"
 points="2.95633 3.44939,
	2.95734 3.44254,
	2.9603 3.43636,
	2.96489 3.43145,
	2.97069 3.4283,
	2.97711 3.42722,
	2.98353 3.4283,
	2.98933 3.43145,
	2.99393 3.43636,
	2.99688 3.44254,
	2.9979 3.44939,
	2.99688 3.45624,
	2.99393 3.46242,
	2.98933 3.46733,
	2.98353 3.47047,
	2.97711 3.47156,
	2.97069 3.47047,
	2.96489 3.46733,
	2.9603 3.46242,
	"/>
<Contour name="Ea2(v1343)" hidden="false" closed="true" simplified="true" border="0.611765 0.27451 0.643137" fill="0.458824 0.729412 1" mode="9"
 points="3.01453 3.46325,
	3.01541 3.45725,
	3.01797 3.45184,
	3.02195 3.44755,
	3.02697 3.44479,
	3.03254 3.44385,
	3.03811 3.44479,
	3.04313 3.44755,
	3.04711 3.45184,
	3.04967 3.45725,
	3.05055 3.46325,
	3.04967 3.46924,
	3.04711 3.47465,
	3.04313 3.47894,
	3.03811 3.4817,
	3.03254 3.48264,
	3.02697 3.4817,
	3.02195 3.47894,
	3.01797 3.47465,
	"/>
<Contour name="Ea2(v1344)" hidden="false" closed="true" simplified="true" border="0.611765 0.27451 0.643137" fill="0.458824 0.729412 1" mode="9"
 points="3.06164 3.45909,
	3.06286 3.45267,
	3.0664 3.44687,
	3.07192 3.44227,
	3.07887 3.43932,
	3.08658 3.4383,
	3.09429 3.43932,
	3.10124 3.44227,
	3.10676 3.44687,
	3.1103 3.45267,
	3.11152 3.45909,
	3.1103 3.46551,
	3.10676 3.47131,
	3.10124 3.4759,
	3.09429 3.47886,
	3.08658 3.47987,
	3.07887 3.47886,
	3.07192 3.4759,
	3.0664 3.47131,
	"/>
<Contour name="Ea2(v1345)" hidden="false" closed="true" simplified="true" border="0.611765 0.27451 0.643137" fill="0.458824 0.729412 1" mode="9"
 points="3.06164 3.3995,
	3.06272 3.39351,
	3.06587 3.3881,
	3.07078 3.38381,
	3.07696 3.38105,
	3.08381 3.3801,
	3.09066 3.38105,
	3.09684 3.38381,
	3.10175 3.3881,
	3.1049 3.39351,
	3.10598 3.3995,
	3.1049 3.4055,
	3.10175 3.41091,
	3.09684 3.4152,
	3.09066 3.41795,
	3.08381 3.4189,
	3.07696 3.41795,
	3.07078 3.4152,
	3.06587 3.41091,
	"/>
<Contour name="Ea2(v1346)" hidden="false" closed="true" simplified="true" border="0.611765 0.27451 0.643137" fill="0.458824 0.729412 1" mode="9"
 points="3.02007 3.38565,
	3.02095 3.37965,
	3.02351 3.37424,
	3.02749 3.36995,
	3.03252 3.3672,
	3.03808 3.36625,
	3.04365 3.3672,
	3.04867 3.36995,
	3.05266 3.37424,
	3.05521 3.37965,
	3.0561 3.38565,
	3.05521 3.39164,
	3.05266 3.39705,
	3.04867 3.40134,
	3.04365 3.4041,
	3.03808 3.40505,
	3.03252 3.4041,
	3.02749 3.40134,
	3.02351 3.39705,
	"/>
<Contour name="Ea2(v1347)" hidden="false" closed="true" simplified="true" border="0.611765 0.27451 0.643137" fill="0.458824 0.729412 1" mode="9"
 points="3.03115 3.33992,
	3.03197 3.33435,
	3.03433 3.32933,
	3.03801 3.32534,
	3.04264 3.32279,
	3.04778 3.3219,
	3.05292 3.32279,
	3.05756 3.32534,
	3.06123 3.32933,
	3.0636 3.33435,
	3.06441 3.33992,
	3.0636 3.34548,
	3.06123 3.35051,
	3.05756 3.35449,
	3.05292 3.35705,
	3.04778 3.35793,
	3.04264 3.35705,
	3.03801 3.35449,
	3.03433 3.35051,
	"/>
<Contour name="Ea2(v1348)" hidden="false" closed="true" simplified="true" border="0.611765 0.27451 0.643137" fill="0.458824 0.729412 1" mode="9"
 points="2.98127 3.30528,
	2.98242 3.29842,
	2.98577 3.29224,
	2.99098 3.28734,
	2.99755 3.28419,
	3.00483 3.2831,
	3.01211 3.28419,
	3.01867 3.28734,
	3.02388 3.29224,
	3.02723 3.29842,
	3.02838 3.30528,
	3.02723 3.31213,
	3.02388 3.31831,
	3.01867 3.32321,
	3.01211 3.32636,
	3.00483 3.32745,
	2.99755 3.32636,
	2.99098 3.32321,
	2.98577 3.31831,
	"/>
<Contour name="Ea2(v1349)" hidden="false" closed="true" simplified="true" border="0.611765 0.27451 0.643137" fill="0.458824 0.729412 1" mode="9"
 points="2.84824 3.34823,
	2.84919 3.34267,
	2.85195 3.33764,
	2.85624 3.33366,
	2.86165 3.3311,
	2.86764 3.33022,
	2.87364 3.3311,
	2.87904 3.33366,
	2.88334 3.33764,
	2.88609 3.34267,
	2.88704 3.34823,
	2.88609 3.3538,
	2.88334 3.35882,
	2.87904 3.36281,
	2.87364 3.36536,
	2.86764 3.36625,
	2.86165 3.36536,
	2.85624 3.36281,
	2.85195 3.35882,
	"/>
<Contour name="Ea2(v1350)" hidden="false" closed="true" simplified="true" border="0.611765 0.27451 0.643137" fill="0.458824 0.729412 1" mode="9"
 points="2.79559 3.35793,
	2.79647 3.35194,
	2.79903 3.34653,
	2.80301 3.34224,
	2.80803 3.33948,
	2.8136 3.33853,
	2.81917 3.33948,
	2.82419 3.34224,
	2.82817 3.34653,
	2.83073 3.35194,
	2.83161 3.35793,
	2.83073 3.36393,
	2.82817 3.36934,
	2.82419 3.37363,
	2.81917 3.37638,
	2.8136 3.37733,
	2.80803 3.37638,
	2.80301 3.37363,
	2.79903 3.36934,
	"/>
<Contour name="Ea2(v1351)" hidden="false" closed="true" simplified="true" border="0.611765 0.27451 0.643137" fill="0.458824 0.729412 1" mode="9"
 points="2.73739 3.3711,
	2.7384 3.36403,
	2.74136 3.35766,
	2.74595 3.3526,
	2.75175 3.34935,
	2.75817 3.34823,
	2.76459 3.34935,
	2.77039 3.3526,
	2.77499 3.35766,
	2.77794 3.36403,
	2.77896 3.3711,
	2.77794 3.37816,
	2.77499 3.38454,
	2.77039 3.38959,
	2.76459 3.39284,
	2.75817 3.39396,
	2.75175 3.39284,
	2.74595 3.38959,
	2.74136 3.38454,
	"/>
<Contour name="Ea2(v1352)" hidden="false" closed="true" simplified="true" border="0.611765 0.27451 0.643137" fill="0.458824 0.729412 1" mode="9"
 points="2.71799 3.27756,
	2.7188 3.27071,
	2.72116 3.26453,
	2.72484 3.25963,
	2.72948 3.25648,
	2.73461 3.25539,
	2.73975 3.25648,
	2.74439 3.25963,
	2.74807 3.26453,
	2.75043 3.27071,
	2.75124 3.27756,
	2.75043 3.28441,
	2.74807 3.29059,
	2.74439 3.2955,
	2.73975 3.29865,
	2.73461 3.29973,
	2.72948 3.29865,
	2.72484 3.2955,
	2.72116 3.29059,
	"/>
<Contour name="Ea2(v1353)" hidden="false" closed="true" simplified="true" border="0.611765 0.27451 0.643137" fill="0.458824 0.729412 1" mode="9"
 points="2.79836 3.30389,
	2.79917 3.29747,
	2.80153 3.29167,
	2.80521 3.28707,
	2.80985 3.28412,
	2.81499 3.2831,
	2.82012 3.28412,
	2.82476 3.28707,
	2.82844 3.29167,
	2.8308 3.29747,
	2.83161 3.30389,
	2.8308 3.31031,
	2.82844 3.31611,
	2.82476 3.32071,
	2.82012 3.32366,
	2.81499 3.32468,
	2.80985 3.32366,
	2.80521 3.32071,
	2.80153 3.31611,
	"/>
<Contour name="Ea2(v1354)" hidden="false" closed="true" simplified="true" border="0.611765 0.27451 0.643137" fill="0.458824 0.729412 1" mode="9"
 points="2.84547 3.2928,
	2.84642 3.28638,
	2.84918 3.28059,
	2.85347 3.27599,
	2.85888 3.27304,
	2.86487 3.27202,
	2.87087 3.27304,
	2.87627 3.27599,
	2.88057 3.28059,
	2.88332 3.28638,
	2.88427 3.2928,
	2.88332 3.29923,
	2.88057 3.30502,
	2.87627 3.30962,
	2.87087 3.31257,
	2.86487 3.31359,
	2.85888 3.31257,
	2.85347 3.30962,
	2.84918 3.30502,
	"/>
<Contour name="Ea2(v1355)" hidden="false" closed="true" simplified="true" border="0.611765 0.27451 0.643137" fill="0.458824 0.729412 1" mode="9"
 points="2.84547 3.24292,
	2.84649 3.2365,
	2.84944 3.2307,
	2.85404 3.2261,
	2.85983 3.22315,
	2.86626 3.22213,
	2.87268 3.22315,
	2.87847 3.2261,
	2.88307 3.2307,
	2.88602 3.2365,
	2.88704 3.24292,
	2.88602 3.24934,
	2.88307 3.25514,
	2.87847 3.25974,
	2.87268 3.26269,
	2.86626 3.2637,
	2.85983 3.26269,
	2.85404 3.25974,
	2.84944 3.25514,
	"/>
<Contour name="Ea2(v1357)" hidden="false" closed="true" simplified="true" border="0.611765 0.27451 0.643137" fill="0.458824 0.729412 1" mode="9"
 points="2.85656 3.16671,
	2.85751 3.16071,
	2.86026 3.1553,
	2.86455 3.15101,
	2.86996 3.14826,
	2.87596 3.14731,
	2.88195 3.14826,
	2.88736 3.15101,
	2.89165 3.1553,
	2.89441 3.16071,
	2.89536 3.16671,
	2.89441 3.1727,
	2.89165 3.17811,
	2.88736 3.1824,
	2.88195 3.18516,
	2.87596 3.18611,
	2.86996 3.18516,
	2.86455 3.1824,
	2.86026 3.17811,
	"/>
<Contour name="Ea2(v1358)" hidden="false" closed="true" simplified="true" border="0.611765 0.27451 0.643137" fill="0.458824 0.729412 1" mode="9"
 points="2.75401 3.25123,
	2.75524 3.24395,
	2.75878 3.23739,
	2.7643 3.23218,
	2.77125 3.22883,
	2.77896 3.22768,
	2.78666 3.22883,
	2.79362 3.23218,
	2.79914 3.23739,
	2.80268 3.24395,
	2.8039 3.25123,
	2.80268 3.25851,
	2.79914 3.26508,
	2.79362 3.27029,
	2.78666 3.27364,
	2.77896 3.27479,
	2.77125 3.27364,
	2.7643 3.27029,
	2.75878 3.26508,
	"/>
<Contour name="Ea2(v1360)" hidden="false" closed="true" simplified="true" border="0.611765 0.27451 0.643137" fill="0.458824 0.729412 1" mode="9"
 points="2.7651 3.09604,
	2.76612 3.08961,
	2.76907 3.08382,
	2.77367 3.07922,
	2.77946 3.07627,
	2.78589 3.07525,
	2.79231 3.07627,
	2.7981 3.07922,
	2.8027 3.08382,
	2.80565 3.08961,
	2.80667 3.09604,
	2.80565 3.10246,
	2.8027 3.10825,
	2.7981 3.11285,
	2.79231 3.1158,
	2.78589 3.11682,
	2.77946 3.1158,
	2.77367 3.11285,
	2.76907 3.10825,
	"/>
</Transform>

<Transform dim="0"
 xcoef=" 0 1 0 0 0 0"
 ycoef=" 0 0 1 0 0 0">
<Contour name="Ea4(v408)" hidden="false" closed="true" simplified="true" border="0.612 0.275 0.643" fill="0.459 0.729 1" mode="9"
 points="3.39448 4.82094,
	3.3954 4.81569,
	3.39805 4.81097,
	3.40218 4.80721,
	3.40738 4.8048,
	3.41314 4.80397,
	3.41891 4.8048,
	3.42411 4.80721,
	3.42824 4.81097,
	3.43089 4.81569,
	3.4318 4.82094,
	3.43089 4.82618,
	3.42824 4.83091,
	3.42411 4.83466,
	3.41891 4.83707,
	3.41314 4.8379,
	3.40738 4.83707,
	3.40218 4.83466,
	3.39805 4.83091,
	"/>
<Contour name="Ea4(v409)" hidden="false" closed="true" simplified="true" border="0.612 0.275 0.643" fill="0.459 0.729 1" mode="9"
 points="3.36056 4.72934,
	3.36156 4.72305,
	3.36445 4.71738,
	3.36895 4.71287,
	3.37462 4.70998,
	3.38091 4.70899,
	3.3872 4.70998,
	3.39288 4.71287,
	3.39738 4.71738,
	3.40027 4.72305,
	3.40127 4.72934,
	3.40027 4.73563,
	3.39738 4.7413,
	3.39288 4.74581,
	3.3872 4.7487,
	3.38091 4.74969,
	3.37462 4.7487,
	3.36895 4.74581,
	3.36445 4.7413,
	"/>
<Contour name="Ea4(v410)" hidden="false" closed="true" simplified="true" border="0.612 0.275 0.643" fill="0.459 0.729 1" mode="9"
 points="3.41823 4.46982,
	3.41923 4.463,
	3.42212 4.45686,
	3.42662 4.45198,
	3.4323 4.44884,
	3.43859 4.44777,
	3.44488 4.44884,
	3.45055 4.45198,
	3.45505 4.45686,
	3.45795 4.463,
	3.45894 4.46982,
	3.45795 4.47663,
	3.45505 4.48278,
	3.45055 4.48766,
	3.44488 4.49079,
	3.43859 4.49187,
	3.4323 4.49079,
	3.42662 4.48766,
	3.42212 4.48278,
	"/>
<Contour name="Ea4(v411)" hidden="false" closed="true" simplified="true" border="0.612 0.275 0.643" fill="0.459 0.729 1" mode="9"
 points="3.36734 4.48847,
	3.36834 4.48218,
	3.37123 4.47651,
	3.37574 4.47201,
	3.38141 4.46912,
	3.3877 4.46812,
	3.39399 4.46912,
	3.39966 4.47201,
	3.40417 4.47651,
	3.40706 4.48218,
	3.40805 4.48847,
	3.40706 4.49476,
	3.40417 4.50044,
	3.39966 4.50494,
	3.39399 4.50783,
	3.3877 4.50883,
	3.38141 4.50783,
	3.37574 4.50494,
	3.37123 4.50044,
	"/>
<Contour name="Ea4(v412)" hidden="false" closed="true" simplified="true" border="0.612 0.275 0.643" fill="0.459 0.729 1" mode="9"
 points="3.30967 4.42402,
	3.31075 4.41773,
	3.31388 4.41205,
	3.31876 4.40755,
	3.32491 4.40466,
	3.33172 4.40366,
	3.33854 4.40466,
	3.34469 4.40755,
	3.34956 4.41205,
	3.3527 4.41773,
	3.35377 4.42402,
	3.3527 4.43031,
	3.34956 4.43598,
	3.34469 4.44049,
	3.33854 4.44338,
	3.33172 4.44437,
	3.32491 4.44338,
	3.31876 4.44049,
	3.31388 4.43598,
	"/>
<Contour name="Ea4(v413)" hidden="false" closed="true" simplified="true" border="0.612 0.275 0.643" fill="0.459 0.729 1" mode="9"
 points="3.32324 4.37143,
	3.32416 4.36567,
	3.32681 4.36047,
	3.33093 4.35634,
	3.33614 4.35369,
	3.3419 4.35278,
	3.34767 4.35369,
	3.35287 4.35634,
	3.357 4.36047,
	3.35965 4.36567,
	3.36056 4.37143,
	3.35965 4.3772,
	3.357 4.3824,
	3.35287 4.38653,
	3.34767 4.38918,
	3.3419 4.39009,
	3.33614 4.38918,
	3.33093 4.38653,
	3.32681 4.3824,
	"/>
<Contour name="Ea4(v414)" hidden="false" closed="true" simplified="true" border="0.612 0.275 0.643" fill="0.459 0.729 1" mode="9"
 points="3.26218 4.32733,
	3.26317 4.32052,
	3.26607 4.31437,
	3.27057 4.30949,
	3.27624 4.30636,
	3.28253 4.30528,
	3.28882 4.30636,
	3.2945 4.30949,
	3.299 4.31437,
	3.30189 4.32052,
	3.30289 4.32733,
	3.30189 4.33415,
	3.299 4.34029,
	3.2945 4.34517,
	3.28882 4.3483,
	3.28253 4.34938,
	3.27624 4.3483,
	3.27057 4.34517,
	3.26607 4.34029,
	"/>
<Contour name="Ea4(v415)" hidden="false" closed="true" simplified="true" border="0.612 0.275 0.643" fill="0.459 0.729 1" mode="9"
 points="3.29271 4.28153,
	3.29379 4.2742,
	3.29692 4.26758,
	3.3018 4.26232,
	3.30795 4.25895,
	3.31476 4.25779,
	3.32158 4.25895,
	3.32772 4.26232,
	3.3326 4.26758,
	3.33573 4.2742,
	3.33681 4.28153,
	3.33573 4.28887,
	3.3326 4.29549,
	3.32772 4.30075,
	3.32158 4.30412,
	3.31476 4.30528,
	3.30795 4.30412,
	3.3018 4.30075,
	3.29692 4.29549,
	"/>
</Transform>

<Transform dim="0"
 xcoef=" 0 1 0 0 0 0"
 ycoef=" 0 0 1 0 0 0">
<Contour name="Ea4(v459)" hidden="false" closed="true" simplified="true" border="0.612 0.275 0.643" fill="0.459 0.729 1" mode="9"
 points="3.387 4.66638,
	3.3878 4.66101,
	3.39014 4.65616,
	3.39377 4.65232,
	3.39835 4.64984,
	3.40343 4.64899,
	3.4085 4.64984,
	3.41308 4.65232,
	3.41671 4.65616,
	3.41905 4.66101,
	3.41985 4.66638,
	3.41905 4.67176,
	3.41671 4.67661,
	3.41308 4.68045,
	3.4085 4.68292,
	3.40343 4.68378,
	3.39835 4.68292,
	3.39377 4.68045,
	3.39014 4.67661,
	"/>
</Transform>

<Transform dim="0"
 xcoef=" 0 1 0 0 0 0"
 ycoef=" 0 0 1 0 0 0">
<Contour name="Ea2(v1480)" hidden="false" closed="true" simplified="true" border="0.612 0.275 0.643" fill="0.459 0.729 1" mode="9"
 points="3.3154 3.86908,
	3.31628 3.86256,
	3.31881 3.85668,
	3.32276 3.85201,
	3.32774 3.84901,
	3.33326 3.84798,
	3.33878 3.84901,
	3.34375 3.85201,
	3.3477 3.85668,
	3.35024 3.86256,
	3.35111 3.86908,
	3.35024 3.8756,
	3.3477 3.88149,
	3.34375 3.88616,
	3.33878 3.88915,
	3.33326 3.89019,
	3.32774 3.88915,
	3.32276 3.88616,
	3.31881 3.88149,
	"/>
<Contour name="Ea2(v1481)" hidden="false" closed="true" simplified="true" border="0.612 0.275 0.643" fill="0.459 0.729 1" mode="9"
 points="3.31865 3.79928,
	3.3196 3.79226,
	3.32237 3.78592,
	3.32668 3.7809,
	3.33211 3.77767,
	3.33813 3.77656,
	3.34415 3.77767,
	3.34958 3.7809,
	3.35389 3.78592,
	3.35665 3.79226,
	3.35761 3.79928,
	3.35665 3.8063,
	3.35389 3.81264,
	3.34958 3.81767,
	3.34415 3.8209,
	3.33813 3.82201,
	3.33211 3.8209,
	3.32668 3.81767,
	3.32237 3.81264,
	"/>
<Contour name="Ea2(v1482)" hidden="false" closed="true" simplified="true" border="0.612 0.275 0.643" fill="0.459 0.729 1" mode="9"
 points="2.90309 3.28633,
	2.90396 3.28031,
	2.9065 3.27488,
	2.91045 3.27057,
	2.91543 3.2678,
	2.92094 3.26685,
	2.92646 3.2678,
	2.93144 3.27057,
	2.93539 3.27488,
	2.93793 3.28031,
	2.9388 3.28633,
	2.93793 3.29234,
	2.93539 3.29777,
	2.93144 3.30208,
	2.92646 3.30485,
	2.92094 3.3058,
	2.91543 3.30485,
	2.91045 3.30208,
	2.9065 3.29777,
	"/>
<Contour name="Ea2(v1483)" hidden="false" closed="true" simplified="true" border="0.612 0.275 0.643" fill="0.459 0.729 1" mode="9"
 points="2.89659 3.3545,
	2.89763 3.34848,
	2.90063 3.34305,
	2.90529 3.33874,
	2.91118 3.33598,
	2.9177 3.33502,
	2.92422 3.33598,
	2.9301 3.33874,
	2.93477 3.34305,
	2.93777 3.34848,
	2.9388 3.3545,
	2.93777 3.36052,
	2.93477 3.36595,
	2.9301 3.37026,
	2.92422 3.37303,
	2.9177 3.37398,
	2.91118 3.37303,
	2.90529 3.37026,
	2.90063 3.36595,
	"/>
</Transform>

<Transform dim="0"
 xcoef=" 0 1 0 0 0 0"
 ycoef=" 0 0 1 0 0 0">
<Contour name="Ea4(ER)" hidden="false" closed="true" simplified="true" border="0.580392 0.988235 0.87451" fill="0.733 0.753 0.949" mode="9"
 points="3.45079 4.70318,
	3.45342 4.69269,
	3.46391 4.6835,
	3.47179 4.673,
	3.49278 4.66054,
	3.50328 4.65726,
	3.51377 4.65529,
	3.51902 4.65463,
	3.52165 4.65398,
	3.53214 4.65595,
	3.53739 4.65791,
	3.54789 4.66448,
	3.55838 4.66907,
	3.56888 4.67235,
	3.57938 4.67366,
	3.58463 4.67235,
	3.59512 4.67235,
	3.60037 4.67432,
	3.62136 4.68875,
	3.62661 4.69269,
	3.64761 4.71368,
	3.6581 4.72024,
	3.66335 4.72352,
	3.67385 4.73336,
	3.67844 4.74386,
	3.67975 4.7491,
	3.68041 4.75173,
	3.68566 4.75698,
	3.68763 4.76223,
	3.68828 4.76354,
	3.68303 4.76616,
	3.68041 4.76682,
	3.66991 4.76157,
	3.66466 4.75829,
	3.64433 4.73861,
	3.63973 4.73336,
	3.62924 4.72811,
	3.61874 4.71958,
	3.61349 4.71565,
	3.603 4.7104,
	3.5925 4.70187,
	3.58331 4.69137,
	3.57938 4.68612,
	3.57413 4.6835,
	3.56363 4.68022,
	3.54264 4.67891,
	3.53214 4.67825,
	3.52689 4.6776,
	3.5059 4.68022,
	3.4954 4.68284,
	3.48491 4.68744,
	3.47966 4.69006,
	3.47703 4.69137,
	3.4731 4.69662,
	3.47179 4.70187,
	3.47113 4.70449,
	3.47047 4.70581,
	3.47572 4.70974,
	3.48097 4.71499,
	3.48097 4.72549,
	3.48097 4.73074,
	3.48097 4.73336,
	3.47244 4.75435,
	3.46916 4.76485,
	3.4731 4.78584,
	3.47507 4.79634,
	3.47835 4.80684,
	3.48097 4.81209,
	3.4954 4.83308,
	3.50065 4.84358,
	3.51771 4.86457,
	3.52296 4.86982,
	3.53345 4.87572,
	3.55379 4.89212,
	3.56691 4.91312,
	3.57413 4.92361,
	3.58463 4.93214,
	3.59512 4.93805,
	3.60562 4.94133,
	3.62661 4.94461,
	3.63711 4.94854,
	3.64761 4.95051,
	3.6686 4.95773,
	3.68959 4.96757,
	3.69484 4.97019,
	3.70534 4.97282,
	3.71584 4.97806,
	3.72633 4.97938,
	3.73158 4.97938,
	3.73683 4.97741,
	3.7388 4.97216,
	3.74995 4.95117,
	3.75192 4.94592,
	3.75257 4.93542,
	3.75454 4.92492,
	3.75585 4.91968,
	3.75651 4.91705,
	3.76176 4.9118,
	3.76963 4.90131,
	3.77488 4.89606,
	3.78013 4.89475,
	3.78275 4.89409,
	3.78472 4.89606,
	3.788 4.90656,
	3.78931 4.91705,
	3.78734 4.92755,
	3.78603 4.9328,
	3.78013 4.94329,
	3.76963 4.95379,
	3.75192 4.97478,
	3.74864 4.98003,
	3.74667 4.98528,
	3.74601 4.99578,
	3.74601 5.00103,
	3.74864 5.00627,
	3.74995 5.0089,
	3.74929 5.01415,
	3.74733 5.01611,
	3.73683 5.01546,
	3.73158 5.01349,
	3.72108 5.00693,
	3.71584 5.00431,
	3.70534 5.00103,
	3.69484 4.99906,
	3.68434 4.99447,
	3.67385 4.98856,
	3.66335 4.98594,
	3.65285 4.98134,
	3.64761 4.97938,
	3.64236 4.97938,
	3.63711 4.98069,
	3.61612 4.9761,
	3.61087 4.97478,
	3.60824 4.97413,
	3.59775 4.96429,
	3.57675 4.9492,
	3.53477 4.92689,
	3.52427 4.91771,
	3.51377 4.91049,
	3.50853 4.90656,
	3.5059 4.90524,
	3.4954 4.89606,
	3.48753 4.88556,
	3.48556 4.88294,
	3.47244 4.84095,
	3.46588 4.81996,
	3.46195 4.80946,
	3.45276 4.76747,
	3.45079 4.75698,
	3.45276 4.74648,
	3.4567 4.73598,
	3.45867 4.73074,
	3.45539 4.72549,
	3.45211 4.71499,
	3.45079 4.70449,
	3.45079 4.70384,
	"/>
</Transform>

<Transform dim="0"
 xcoef=" 0 1 0 0 0 0"
 ycoef=" 0 0 1 0 0 0">
<Contour name="Ea4" hidden="false" closed="true" simplified="true" border="0.984 0.208 0.016" fill="1 1 0.69" mode="9"
 points="3.09683 4.21452,
	3.09877 4.2068,
	3.10166 4.19907,
	3.10215 4.18362,
	3.1007 4.17589,
	3.10021 4.17203,
	3.09973 4.1701,
	3.10118 4.16624,
	3.1036 4.16237,
	3.10746 4.15996,
	3.12291 4.15609,
	3.13064 4.15416,
	3.13257 4.15368,
	3.16347 4.15948,
	3.1712 4.16092,
	3.18665 4.16865,
	3.2021 4.17879,
	3.20838 4.18652,
	3.2079 4.187,
	3.21562 4.19135,
	3.21755 4.19231,
	3.22528 4.19955,
	3.22914 4.20197,
	3.2446 4.2068,
	3.25232 4.21018,
	3.25619 4.21066,
	3.27164 4.20776,
	3.2755 4.20873,
	3.27743 4.20873,
	3.29288 4.21645,
	3.30834 4.2266,
	3.32379 4.2377,
	3.33924 4.24977,
	3.34697 4.25557,
	3.3489 4.25702,
	3.35807 4.27247,
	3.3629 4.2802,
	3.37835 4.29372,
	3.38222 4.29661,
	3.38415 4.29854,
	3.41505 4.31158,
	3.4305 4.31883,
	3.43823 4.32462,
	3.44209 4.328,
	3.44741 4.33573,
	3.45175 4.35118,
	3.45079 4.3589,
	3.4503 4.36277,
	3.45127 4.37049,
	3.45127 4.37436,
	3.4532 4.38208,
	3.46044 4.39753,
	3.46431 4.40526,
	3.47541 4.42071,
	3.47783 4.42844,
	3.47976 4.44389,
	3.48024 4.45162,
	3.48169 4.45934,
	3.48459 4.46707,
	3.49473 4.48252,
	3.49907 4.49025,
	3.50583 4.5057,
	3.51549 4.5366,
	3.52225 4.55206,
	3.52805 4.56751,
	3.53239 4.58296,
	3.53577 4.59841,
	3.5377 4.60614,
	3.54108 4.61387,
	3.54302 4.61773,
	3.54881 4.62545,
	3.55654 4.63125,
	3.58744 4.64815,
	3.61835 4.66843,
	3.62607 4.67423,
	3.62993 4.67712,
	3.63718 4.68485,
	3.64877 4.7003,
	3.65649 4.70803,
	3.66422 4.71382,
	3.67967 4.72348,
	3.6874 4.72927,
	3.69416 4.737,
	3.70237 4.75245,
	3.7072 4.76018,
	3.71009 4.76404,
	3.72554 4.77756,
	3.73327 4.78432,
	3.74438 4.79977,
	3.74969 4.8075,
	3.7579 4.82295,
	3.769 4.8384,
	3.77528 4.84613,
	3.78301 4.85193,
	3.79846 4.8611,
	3.80619 4.86738,
	3.81005 4.87124,
	3.81729 4.88669,
	3.82598 4.9176,
	3.83226 4.9485,
	3.84144 4.97941,
	3.84868 4.99486,
	3.85351 5.00258,
	3.86944 5.03349,
	3.91435 5.0953,
	3.92208 5.11075,
	3.92594 5.11848,
	3.92691 5.12041,
	3.92739 5.12137,
	3.92835 5.12475,
	3.92835 5.12668,
	3.92835 5.12765,
	3.92787 5.13006,
	3.92594 5.13151,
	3.92401 5.132,
	3.8931 5.11703,
	3.88538 5.11316,
	3.88152 5.11075,
	3.88007 5.10882,
	3.86461 5.1064,
	3.84916 5.09964,
	3.8453 5.09868,
	3.82985 5.10206,
	3.82212 5.10109,
	3.81439 5.09723,
	3.79894 5.08612,
	3.79122 5.07984,
	3.78349 5.07598,
	3.77576 5.07357,
	3.76804 5.07212,
	3.75259 5.06584,
	3.73713 5.05667,
	3.72941 5.05135,
	3.71396 5.04363,
	3.6985 5.03494,
	3.69078 5.02818,
	3.68353 5.02045,
	3.67967 5.01659,
	3.67195 5.01321,
	3.65649 5.00934,
	3.64877 5.0079,
	3.6449 5.00693,
	3.62945 5.00548,
	3.62559 5.00452,
	3.61786 5.00403,
	3.614 5.00307,
	3.61014 5.00307,
	3.60241 5.00017,
	3.59855 4.9992,
	3.5831 4.99244,
	3.55219 4.97603,
	3.54446 4.97265,
	3.5406 4.97168,
	3.52515 4.96444,
	3.51742 4.96009,
	3.5097 4.95671,
	3.49425 4.94464,
	3.47928 4.92919,
	3.47155 4.92194,
	3.46527 4.91422,
	3.44982 4.89925,
	3.43582 4.8838,
	3.42809 4.87655,
	3.42423 4.87365,
	3.4165 4.86641,
	3.41264 4.86255,
	3.40781 4.85482,
	3.37739 4.82537,
	3.37353 4.8215,
	3.35759 4.7906,
	3.34986 4.77515,
	3.34504 4.7597,
	3.33779 4.72879,
	3.33586 4.71334,
	3.33634 4.70561,
	3.33924 4.69016,
	3.34165 4.68243,
	3.3431 4.66698,
	3.34359 4.65926,
	3.34214 4.6438,
	3.34069 4.63608,
	3.34021 4.63221,
	3.33393 4.61676,
	3.32958 4.60131,
	3.32669 4.59358,
	3.3262 4.58586,
	3.32186 4.57041,
	3.31848 4.55495,
	3.30254 4.52405,
	3.29385 4.5086,
	3.28999 4.50087,
	3.28806 4.49701,
	3.26198 4.4661,
	3.2586 4.46224,
	3.24218 4.43134,
	3.23687 4.42361,
	3.23349 4.41975,
	3.21804 4.41106,
	3.21031 4.40768,
	3.20645 4.40671,
	3.19872 4.40236,
	3.18327 4.38836,
	3.1683 4.37339,
	3.10601 4.24977,
	3.10215 4.24205,
	3.09877 4.2266,
	3.09732 4.21887,
	3.09683 4.21501,
	"/>
</Transform>

<Transform dim="0"
 xcoef=" 0 1 0 0 0 0"
 ycoef=" 0 0 1 0 0 0">
<Contour name="Ea4(ER)" hidden="false" closed="true" simplified="true" border="0.580392 0.988235 0.87451" fill="0.733 0.753 0.949" mode="9"
 points="4.81355 6.19489,
	4.81432 6.18874,
	4.81509 6.18567,
	4.81509 6.18414,
	4.81662 6.18337,
	4.82891 6.18874,
	4.85578 6.23789,
	4.85809 6.24403,
	4.85655 6.25631,
	4.85041 6.26015,
	4.84427 6.25939,
	4.83812 6.25555,
	4.83275 6.25017,
	4.82507 6.23789,
	4.82123 6.23174,
	4.81893 6.2256,
	4.81432 6.20103,
	4.81355 6.19565,
	"/>
</Transform>

<Transform dim="0"
 xcoef=" 0 1 0 0 0 0"
 ycoef=" 0 0 1 0 0 0">
<Contour name="Ea4" hidden="false" closed="true" simplified="true" border="0.984 0.208 0.016" fill="1 1 0.69" mode="9"
 points="4.74605 6.14013,
	4.7475 6.13868,
	4.74896 6.13795,
	4.75078 6.13503,
	4.7537 6.13321,
	4.76135 6.12155,
	4.76463 6.11572,
	4.76572 6.11281,
	4.76608 6.10989,
	4.76536 6.10406,
	4.76426 6.10115,
	4.76317 6.09969,
	4.76244 6.09386,
	4.76135 6.09241,
	4.76135 6.08949,
	4.76025 6.08658,
	4.75953 6.08585,
	4.75916 6.08293,
	4.7577 6.08002,
	4.75625 6.07893,
	4.75515 6.07601,
	4.75479 6.07018,
	4.75443 6.06727,
	4.75406 6.06581,
	4.75333 6.06545,
	4.75297 6.06253,
	4.75224 6.06107,
	4.75224 6.04942,
	4.75224 6.0465,
	4.75078 6.04359,
	4.7486 6.04067,
	4.74787 6.03922,
	4.74495 6.0363,
	4.7435 6.03594,
	4.74167 6.03302,
	4.73876 6.03011,
	4.73657 6.02719,
	4.73585 6.02136,
	4.73548 6.01845,
	4.73657 6.01262,
	4.73949 6.00679,
	4.74313 6.00096,
	4.74787 5.99513,
	4.75078 5.99477,
	4.75115 5.99404,
	4.7526 5.99367,
	4.75406 5.99222,
	4.75552 5.99149,
	4.75807 5.98857,
	4.76098 5.98639,
	4.76244 5.9853,
	4.76317 5.98457,
	4.7639 5.98457,
	4.76791 5.97874,
	4.76973 5.97582,
	4.77082 5.97291,
	4.77118 5.96999,
	4.77228 5.96708,
	4.77301 5.96125,
	4.77301 5.95834,
	4.77301 5.95688,
	4.77228 5.95542,
	4.77191 5.94959,
	4.77082 5.94376,
	4.77009 5.94231,
	4.77009 5.93648,
	4.77155 5.93065,
	4.77446 5.92482,
	4.77847 5.91899,
	4.78139 5.91644,
	4.78721 5.91352,
	4.79304 5.91243,
	4.79887 5.91352,
	4.80179 5.91644,
	4.8098 5.9281,
	4.81126 5.93101,
	4.81527 5.93684,
	4.81782 5.93976,
	4.81855 5.94121,
	4.82146 5.94413,
	4.82438 5.94996,
	4.8262 5.95287,
	4.8313 5.9587,
	4.83348 5.96161,
	4.83494 5.96307,
	4.83567 5.96453,
	4.83858 5.96635,
	4.84405 5.97218,
	4.84551 5.97291,
	4.84624 5.97437,
	4.85206 5.97837,
	4.85498 5.98056,
	4.86008 5.98639,
	4.86372 5.99222,
	4.86554 5.99805,
	4.86664 6.00971,
	4.867 6.01262,
	4.86627 6.01845,
	4.86627 6.02428,
	4.86554 6.03011,
	4.86554 6.05342,
	4.867 6.06508,
	4.86737 6.068,
	4.86737 6.06945,
	4.86955 6.07528,
	4.86992 6.0782,
	4.88194 6.10151,
	4.88485 6.10734,
	4.88595 6.11317,
	4.88667 6.11609,
	4.8925 6.12775,
	4.89469 6.13357,
	4.89469 6.1394,
	4.89469 6.14232,
	4.89469 6.14305,
	4.89396 6.14378,
	4.8936 6.14669,
	4.8925 6.1496,
	4.89032 6.15252,
	4.88923 6.15543,
	4.8874 6.15798,
	4.88667 6.16053,
	4.88704 6.16636,
	4.88667 6.17802,
	4.88667 6.18385,
	4.88667 6.18531,
	4.89287 6.19697,
	4.89833 6.20863,
	4.90052 6.21445,
	4.90198 6.22028,
	4.90234 6.2232,
	4.90198 6.22611,
	4.90234 6.22757,
	4.90234 6.22793,
	4.90198 6.23194,
	4.89833 6.2436,
	4.89724 6.24651,
	4.89688 6.24943,
	4.89651 6.25016,
	4.89906 6.25599,
	4.90052 6.2589,
	4.90526 6.26473,
	4.90744 6.26765,
	4.9089 6.2691,
	4.91181 6.27493,
	4.91291 6.28076,
	4.91363 6.28368,
	4.914 6.28513,
	4.91291 6.29096,
	4.91218 6.29388,
	4.91218 6.29533,
	4.90671 6.30043,
	4.90088 6.30371,
	4.89505 6.30553,
	4.89214 6.30626,
	4.89068 6.30663,
	4.88485 6.30335,
	4.88194 6.30153,
	4.87939 6.29861,
	4.87247 6.28695,
	4.86919 6.28113,
	4.867 6.27821,
	4.85534 6.27202,
	4.84951 6.2691,
	4.8466 6.26801,
	4.84587 6.26765,
	4.84004 6.2691,
	4.83713 6.26983,
	4.81381 6.28149,
	4.8109 6.28404,
	4.80507 6.2957,
	4.80215 6.30153,
	4.79997 6.30736,
	4.79814 6.31027,
	4.79705 6.31173,
	4.79414 6.31064,
	4.79122 6.30772,
	4.77956 6.2844,
	4.77046 6.26109,
	4.76645 6.25526,
	4.76499 6.2538,
	4.7537 6.23048,
	4.7526 6.22466,
	4.7526 6.2232,
	4.74641 6.21154,
	4.73949 6.19988,
	4.73366 6.18822,
	4.73074 6.18239,
	4.72965 6.17948,
	4.72929 6.17656,
	4.73038 6.17074,
	4.74167 6.14742,
	4.74459 6.14159,
	4.74568 6.1405,
	"/>
</Transform>

<Transform dim="0"
 xcoef=" 0 1 0 0 0 0"
 ycoef=" 0 0 1 0 0 0">
<Contour name="Ea5" hidden="false" closed="true" simplified="true" border="0.984314 0.207843 0.0156863" fill="1 1 0.690196" mode="9"
 points="1.19621 5.83046,
	1.19861 5.82088,
	1.1998 5.81609,
	1.20699 5.8065,
	1.21418 5.78734,
	1.21777 5.78255,
	1.22735 5.74422,
	1.23215 5.72505,
	1.23574 5.71547,
	1.23454 5.70589,
	1.23454 5.70109,
	1.23215 5.6963,
	1.23454 5.68672,
	1.23933 5.67714,
	1.24412 5.67235,
	1.28245 5.65079,
	1.29204 5.6448,
	1.3112 5.6412,
	1.32917 5.62204,
	1.33875 5.60287,
	1.35073 5.58371,
	1.3651 5.56454,
	1.38786 5.52621,
	1.40463 5.48788,
	1.40703 5.4783,
	1.40942 5.47351,
	1.44775 5.43637,
	1.45255 5.43278,
	1.47171 5.42799,
	1.49088 5.42799,
	1.50046 5.42919,
	1.51004 5.43398,
	1.51483 5.44356,
	1.51603 5.44835,
	1.51603 5.45075,
	1.52442 5.46033,
	1.52801 5.46512,
	1.54717 5.46871,
	1.56634 5.46273,
	1.57592 5.46273,
	1.58071 5.46273,
	1.58191 5.46632,
	1.58071 5.4759,
	1.58071 5.4783,
	1.57952 5.48548,
	1.57592 5.49507,
	1.57353 5.51423,
	1.57472 5.52382,
	1.57472 5.52861,
	1.58431 5.54777,
	1.5891 5.55735,
	1.59509 5.59568,
	1.60227 5.67235,
	1.59509 5.71068,
	1.5891 5.72984,
	1.5879 5.73942,
	1.5903 5.75859,
	1.59149 5.76817,
	1.58071 5.84483,
	1.57472 5.88316,
	1.56275 5.92149,
	1.54717 5.99816,
	1.54358 6.01732,
	1.53759 6.03649,
	1.51962 6.07482,
	1.51603 6.0844,
	1.50645 6.09398,
	1.50166 6.09877,
	1.48249 6.10596,
	1.47291 6.10836,
	1.45374 6.10357,
	1.44416 6.09997,
	1.40583 6.09758,
	1.3675 6.08919,
	1.34833 6.07961,
	1.32917 6.06523,
	1.3124 6.04607,
	1.29922 6.0269,
	1.28844 6.00774,
	1.27287 5.98857,
	1.26688 5.97899,
	1.25011 5.95983,
	1.24173 5.95024,
	1.23215 5.93108,
	1.22017 5.89275,
	1.20459 5.85442,
	1.19741 5.83525,
	1.19621 5.83166,
	"/>
</Transform>

<Transform dim="0"
 xcoef=" 0 1 0 0 0 0"
 ycoef=" 0 0 1 0 0 0">
<Contour name="Ea2" hidden="false" closed="true" simplified="true" border="0.984 0.208 0.016" fill="1 1 0.69" mode="9"
 points="2.67332 3.26807,
	2.67741 3.25172,
	2.69274 3.21902,
	2.70295 3.20267,
	2.71011 3.18632,
	2.71522 3.17814,
	2.71828 3.16179,
	2.7193 3.15362,
	2.7142 3.08821,
	2.71522 3.07186,
	2.7142 3.06369,
	2.70704 3.04734,
	2.69784 3.01464,
	2.69682 3.00646,
	2.68967 2.99011,
	2.68456 2.97478,
	2.68967 2.96661,
	2.69784 2.9615,
	2.7142 2.95843,
	2.72237 2.95945,
	2.75507 2.97478,
	2.77142 2.99113,
	2.7796 2.99931,
	2.8031 3.03201,
	2.80821 3.04018,
	2.84091 3.07289,
	2.84909 3.08106,
	2.85522 3.08924,
	2.87055 3.10559,
	2.8869 3.11887,
	2.89507 3.125,
	2.92777 3.1434,
	2.9431 3.15873,
	2.95434 3.17508,
	2.95639 3.18223,
	2.96456 3.19858,
	2.96559 3.20267,
	2.97989 3.21902,
	2.99624 3.23026,
	3.00442 3.23537,
	3.03712 3.26398,
	3.04836 3.28033,
	3.06573 3.31303,
	3.09741 3.34267,
	3.11376 3.35698,
	3.13011 3.36924,
	3.18019 3.43464,
	3.18734 3.44282,
	3.19552 3.45917,
	3.20062 3.47552,
	3.218 3.50822,
	3.22311 3.5164,
	3.23639 3.53275,
	3.26705 3.56238,
	3.31712 3.62778,
	3.32939 3.64413,
	3.33552 3.65231,
	3.34267 3.66866,
	3.34471 3.67684,
	3.34676 3.68092,
	3.34778 3.6891,
	3.35391 3.70545,
	3.36004 3.71362,
	3.36413 3.71771,
	3.38048 3.7218,
	3.38866 3.72997,
	3.39581 3.74633,
	3.40501 3.77903,
	3.40807 3.7872,
	3.41318 3.8199,
	3.41523 3.8526,
	3.41625 3.86895,
	3.41114 3.8853,
	3.40705 3.89348,
	3.3907 3.90574,
	3.38252 3.91085,
	3.34982 3.91698,
	3.34165 3.91801,
	3.33756 3.91698,
	3.30486 3.92516,
	3.29668 3.9272,
	3.26398 3.94458,
	3.25581 3.95173,
	3.24763 3.95684,
	3.23128 3.95173,
	3.21493 3.94458,
	3.20676 3.94253,
	3.19041 3.94151,
	3.17406 3.93436,
	3.14135 3.91085,
	3.125 3.89859,
	3.12092 3.89041,
	3.11887 3.88633,
	3.10354 3.871,
	3.10048 3.86691,
	3.09639 3.85056,
	3.09537 3.84238,
	3.09435 3.8383,
	3.08821 3.83012,
	3.07289 3.81582,
	3.06778 3.80764,
	3.0688 3.79129,
	3.07084 3.78311,
	3.08004 3.76676,
	3.09128 3.75041,
	3.09537 3.74224,
	3.09639 3.73406,
	3.08924 3.71771,
	3.08413 3.70954,
	3.06778 3.70136,
	3.0596 3.69932,
	3.0269 3.69625,
	3.01055 3.69727,
	3.00237 3.69625,
	2.9942 3.69319,
	2.97785 3.69114,
	2.96967 3.69012,
	2.95332 3.68297,
	2.94515 3.67786,
	2.9288 3.66457,
	2.91245 3.65435,
	2.90427 3.65027,
	2.88792 3.63494,
	2.88077 3.62676,
	2.87157 3.61041,
	2.86646 3.59406,
	2.85931 3.57771,
	2.84602 3.56136,
	2.81536 3.53377,
	2.80208 3.51742,
	2.7704 3.48574,
	2.75507 3.46939,
	2.7377 3.43669,
	2.72952 3.42034,
	2.70806 3.38763,
	2.69682 3.37128,
	2.68763 3.35493,
	2.68047 3.33858,
	2.67741 3.32223,
	2.67434 3.28953,
	2.67332 3.27318,
	2.67332 3.26909,
	"/>
</Transform>

<Transform dim="0"
 xcoef=" 0 1 0 0 0 0"
 ycoef=" 0 0 1 0 0 0">
<Contour name="Ea2(ER)" hidden="false" closed="true" simplified="true" border="0.607843 0.768627 0.956863" fill="0.733333 0.752941 0.94902" mode="9"
 points="2.89736 3.15076,
	2.9111 3.1499,
	2.91454 3.1499,
	2.92828 3.16106,
	2.93515 3.16794,
	2.94031 3.17481,
	2.94718 3.18168,
	2.95233 3.18855,
	2.95319 3.2023,
	2.95233 3.21604,
	2.95061 3.21948,
	2.94718 3.22291,
	2.93343 3.21776,
	2.92656 3.21174,
	2.90681 3.18426,
	2.90251 3.17739,
	2.90165 3.17051,
	2.89736 3.15677,
	2.89736 3.15333,
	2.89736 3.15162,
	"/>
</Transform>

<Transform dim="0"
 xcoef=" 0 1 0 0 0 0"
 ycoef=" 0 0 1 0 0 0">
<Contour name="Ea4(mito1)" hidden="false" closed="true" simplified="true" border="0 0 1" fill="0 0 1" mode="9"
 points="3.52347 4.77151,
	3.52512 4.7649,
	3.52512 4.76325,
	3.52842 4.76077,
	3.53008 4.75416,
	3.5309 4.75085,
	3.5309 4.7492,
	3.53752 4.74259,
	3.54413 4.73763,
	3.54743 4.73515,
	3.55405 4.73432,
	3.5557 4.73349,
	3.56892 4.74093,
	3.57554 4.74589,
	3.57967 4.7525,
	3.59124 4.76573,
	3.60033 4.77895,
	3.60446 4.79218,
	3.60694 4.8054,
	3.61273 4.81863,
	3.61686 4.82524,
	3.61852 4.82854,
	3.63009 4.84177,
	3.63587 4.84838,
	3.64496 4.86161,
	3.64992 4.86822,
	3.65654 4.87483,
	3.66149 4.88144,
	3.66315 4.88805,
	3.66232 4.89467,
	3.66149 4.89797,
	3.66067 4.89963,
	3.63422 4.89963,
	3.621 4.89963,
	3.61438 4.89797,
	3.60777 4.89797,
	3.60446 4.89632,
	3.60116 4.89632,
	3.58876 4.89053,
	3.58215 4.8864,
	3.57884 4.88392,
	3.57554 4.8831,
	3.57471 4.88144,
	3.57306 4.88144,
	3.5714 4.87814,
	3.56975 4.87814,
	3.56314 4.87152,
	3.56149 4.87152,
	3.55653 4.86491,
	3.55487 4.86326,
	3.55322 4.86326,
	3.54248 4.85086,
	3.53834 4.84425,
	3.53504 4.84177,
	3.53504 4.84012,
	3.53338 4.83846,
	3.52925 4.82524,
	3.52677 4.81201,
	3.52595 4.8054,
	3.52512 4.8021,
	3.52347 4.80044,
	3.52347 4.77399,
	3.52347 4.77234,
	"/>
</Transform>

<Transform dim="0"
 xcoef=" 0 1 0 0 0 0"
 ycoef=" 0 0 1 0 0 0">
<Contour name="Ea2(endo3)" hidden="false" closed="true" simplified="true" border="1 1 0" fill="1 1 1" mode="9"
 points="3.02061 3.63048,
	3.02197 3.62505,
	3.02672 3.61963,
	3.02943 3.61691,
	3.03215 3.61148,
	3.04301 3.60741,
	3.04843 3.60741,
	3.05386 3.60605,
	3.05929 3.60809,
	3.06472 3.61216,
	3.07558 3.61759,
	3.08101 3.62166,
	3.08983 3.63252,
	3.09458 3.63795,
	3.09797 3.64338,
	3.10001 3.64881,
	3.09865 3.65966,
	3.09797 3.66238,
	3.11019 3.6841,
	3.11223 3.68952,
	3.11358 3.69224,
	3.11833 3.69767,
	3.12919 3.70445,
	3.14005 3.71531,
	3.14276 3.72074,
	3.14276 3.7316,
	3.14141 3.73703,
	3.13598 3.74042,
	3.13326 3.7411,
	3.12783 3.73906,
	3.12241 3.73567,
	3.11358 3.72481,
	3.10951 3.71938,
	3.10883 3.71396,
	3.11019 3.7031,
	3.11155 3.69767,
	3.11155 3.69224,
	3.1068 3.68138,
	3.10408 3.67595,
	3.10272 3.67324,
	3.0973 3.66984,
	3.09458 3.66917,
	3.08915 3.67324,
	3.08372 3.67595,
	3.07287 3.67595,
	3.07151 3.67459,
	3.06608 3.67459,
	3.05454 3.67188,
	3.04368 3.67188,
	3.03825 3.67052,
	3.03283 3.66713,
	3.024 3.65627,
	3.02197 3.65084,
	3.02061 3.63998,
	3.02061 3.63456,
	3.02061 3.63184,
	3.02061 3.63116,
	"/>
</Transform>

<Transform dim="0"
 xcoef=" 0 1 0 0 0 0"
 ycoef=" 0 0 1 0 0 0">
<Contour name="Ea4(AZ1)" hidden="false" closed="true" simplified="true" border="1 0.501961 0.752941" fill="1 0.501961 1" mode="9"
 points="3.23516 4.21814,
	3.2441 4.17998,
	3.2453 4.17521,
	3.24589 4.17282,
	3.24589 4.17222,
	3.24649 4.17193,
	3.26557 4.1767,
	3.27511 4.17908,
	3.28465 4.18087,
	3.28942 4.18177,
	3.3085 4.19101,
	3.31089 4.1922,
	3.31208 4.1928,
	3.35024 4.2238,
	3.35501 4.22768,
	3.3574 4.22977,
	3.37648 4.24199,
	3.39556 4.25153,
	3.4051 4.2563,
	3.40987 4.25869,
	3.42895 4.26525,
	3.43372 4.26733,
	3.4528 4.27985,
	3.45757 4.28313,
	3.45996 4.28462,
	3.46115 4.28552,
	3.44505 4.32368,
	3.44118 4.33322,
	3.44028 4.33412,
	3.43074 4.33024,
	3.41166 4.32458,
	3.39258 4.31772,
	3.38304 4.31384,
	3.3735 4.30609,
	3.35621 4.28731,
	3.3416 4.26823,
	3.33802 4.26346,
	3.33623 4.26107,
	3.33533 4.25988,
	3.32579 4.25451,
	3.31625 4.25034,
	3.27809 4.23066,
	3.27332 4.22857,
	3.25424 4.2247,
	3.2447 4.22261,
	3.23516 4.21874,
	3.23516 4.21844,
	"/>
</Transform>

<Transform dim="0"
 xcoef=" 0 1 0 0 0 0"
 ycoef=" 0 0 1 0 0 0">
<Contour name="Ea2(v1359)" hidden="false" closed="true" simplified="true" border="0.611765 0.27451 0.643137" fill="0.458824 0.729412 1" mode="9"
 points="2.72442 3.11943,
	2.72527 3.11377,
	2.72776 3.10861,
	2.73165 3.10441,
	2.73661 3.10155,
	2.7422 3.10027,
	2.74791 3.1007,
	2.75324 3.10279,
	2.75772 3.10636,
	2.76094 3.11109,
	2.76263 3.11657,
	2.76263 3.12229,
	2.76094 3.12777,
	2.75772 3.1325,
	2.75324 3.13607,
	2.74791 3.13816,
	2.7422 3.13859,
	2.73661 3.13732,
	2.73165 3.13445,
	2.72776 3.13025,
	"/>
</Transform>

</Section>