<?xml version="1.0"?>
<!DOCTYPE Section SYSTEM "section.dtd">

<Section index="48" thickness="0.05" alignLocked="true">
<Transform dim="6"
 xcoef=" -0.254364013749359 0.867798428045733 0.295223279436626 0 0 0"
 ycoef=" 1.21710849437259 -0.396946886986019 0.891844649170407 0 0 0">
<Image mag="0.0022159" contrast="1" brightness="0"
 src="R34CA1-B_S12.147.jpg" />
<Contour name="domain1" hidden="false" closed="true" simplified="false" border="1 0 1" fill="1 0 1" mode="11"
 points="0 0,
	4096 0,
	4096 4096,
	0 4096,
	"/>
</Transform>

<Transform dim="0"
 xcoef=" 0 1 0 0 0 0"
 ycoef=" 0 0 1 0 0 0">
<Contour name="Ed4" hidden="false" closed="true" simplified="true" border="0.541176 0.756863 0.0352941" fill="0.501961 1 1" mode="9"
 points="1.73791 3.76939,
	1.74558 3.72851,
	1.74685 3.71829,
	1.7558 3.69786,
	1.76729 3.67742,
	1.78773 3.65698,
	1.80817 3.6391,
	1.82861 3.62888,
	1.84905 3.6161,
	1.85927 3.60971,
	1.90014 3.57267,
	1.91036 3.56245,
	1.9308 3.54584,
	1.93591 3.53563,
	1.94996 3.51519,
	1.94996 3.51008,
	1.95763 3.48964,
	1.9589 3.47942,
	1.96657 3.45898,
	1.9704 3.43854,
	1.97296 3.39767,
	1.96912 3.35679,
	1.96529 3.33635,
	1.97168 3.29547,
	1.97296 3.27503,
	1.97679 3.2546,
	1.98445 3.23416,
	1.98701 3.21372,
	1.98828 3.2035,
	1.98701 3.19328,
	1.98701 3.192,
	1.98573 3.17284,
	1.98701 3.15368,
	1.99978 3.13324,
	2.00489 3.12813,
	2.00745 3.12558,
	2.01 3.12558,
	2.01894 3.11664,
	2.02916 3.11408,
	2.03427 3.11408,
	2.03683 3.1128,
	2.05726 3.12302,
	2.13902 3.17795,
	2.22077 3.22138,
	2.24121 3.2316,
	2.25143 3.23799,
	2.27187 3.25587,
	2.27953 3.26609,
	2.28975 3.28653,
	2.29742 3.29675,
	2.30764 3.30441,
	2.31275 3.30825,
	2.32297 3.32869,
	2.32552 3.33379,
	2.3664 3.37339,
	2.38684 3.39,
	2.40727 3.40405,
	2.41366 3.41427,
	2.42771 3.45515,
	2.43538 3.47559,
	2.43921 3.49603,
	2.4456 3.51646,
	2.45709 3.5369,
	2.47625 3.55606,
	2.49669 3.57267,
	2.50691 3.58161,
	2.54779 3.60844,
	2.58867 3.64165,
	2.6091 3.65826,
	2.64359 3.69913,
	2.6487 3.70424,
	2.66914 3.74512,
	2.68575 3.786,
	2.69852 3.82687,
	2.71513 3.86775,
	2.72663 3.90863,
	2.72024 3.94951,
	2.71896 3.96994,
	2.72535 4.01082,
	2.76623 4.09258,
	2.77645 4.11301,
	2.78283 4.15389,
	2.78283 4.17433,
	2.78794 4.21521,
	2.779 4.23565,
	2.7394 4.25736,
	2.71896 4.2663,
	2.69852 4.27269,
	2.67808 4.27652,
	2.67298 4.2778,
	2.6321 4.27269,
	2.55034 4.25353,
	2.52991 4.25225,
	2.50947 4.25608,
	2.50691 4.25736,
	2.49669 4.25097,
	2.47881 4.2101,
	2.46731 4.18966,
	2.46093 4.17944,
	2.44049 4.159,
	2.39961 4.1309,
	2.37917 4.12068,
	2.36895 4.11685,
	2.34851 4.11685,
	2.32807 4.1194,
	2.30764 4.12451,
	2.29742 4.12707,
	2.25654 4.12707,
	2.21566 4.12451,
	2.19522 4.12323,
	2.18501 4.12068,
	2.17479 4.11429,
	2.13519 4.07341,
	2.11475 4.06064,
	2.07387 4.05042,
	2.03299 4.04403,
	1.99212 4.03254,
	1.91036 3.99422,
	1.86949 3.97378,
	1.85927 3.96739,
	1.83883 3.94695,
	1.81839 3.93034,
	1.79284 3.88947,
	1.79029 3.86903,
	1.77623 3.84859,
	1.76857 3.83837,
	1.74813 3.79749,
	1.74302 3.78727,
	1.74047 3.77706,
	1.73919 3.77195,
	1.73791 3.77067,
	"/>
</Transform>

<Transform dim="0"
 xcoef=" 0 1 0 0 0 0"
 ycoef=" 0 0 1 0 0 0">
<Contour name="Ed4" hidden="false" closed="true" simplified="true" border="0.541176 0.756863 0.0352941" fill="0.501961 1 1" mode="9"
 points="2.13482 2.58482,
	2.13966 2.55385,
	2.14547 2.53837,
	2.15514 2.47643,
	2.16095 2.44546,
	2.17353 2.4145,
	2.17934 2.39901,
	2.18708 2.38353,
	2.21805 2.37288,
	2.22192 2.37192,
	2.22385 2.37095,
	2.23934 2.38159,
	2.24708 2.38643,
	2.25482 2.39321,
	2.2703 2.40288,
	2.30127 2.41837,
	2.33224 2.44933,
	2.36321 2.47159,
	2.39417 2.48804,
	2.40966 2.49869,
	2.4174 2.50546,
	2.44062 2.53643,
	2.4503 2.55191,
	2.45804 2.5674,
	2.46385 2.58288,
	2.46675 2.59837,
	2.46772 2.60224,
	2.46482 2.61772,
	2.46288 2.62546,
	2.46192 2.62933,
	2.46482 2.64482,
	2.46579 2.6603,
	2.46385 2.67578,
	2.46482 2.73772,
	2.46772 2.79965,
	2.47062 2.83062,
	2.4745 2.84611,
	2.47643 2.85385,
	2.49191 2.88481,
	2.50546 2.91578,
	2.51224 2.93127,
	2.51708 2.94675,
	2.51998 2.95449,
	2.51998 2.96998,
	2.51998 2.97772,
	2.51998 2.98159,
	2.53062 2.99707,
	2.54127 3.02804,
	2.54417 3.03578,
	2.54708 3.06675,
	2.55191 3.09772,
	2.55482 3.1132,
	2.55482 3.11707,
	2.56643 3.14804,
	2.5703 3.15578,
	2.57224 3.15965,
	2.56353 3.17513,
	2.54804 3.18191,
	2.5403 3.18481,
	2.50933 3.18384,
	2.49385 3.18191,
	2.48611 3.18191,
	2.48224 3.18094,
	2.4803 3.18094,
	2.46482 3.16739,
	2.45127 3.15288,
	2.43579 3.14223,
	2.42224 3.12675,
	2.41353 3.11126,
	2.40192 3.09578,
	2.39224 3.0803,
	2.3874 3.07256,
	2.36321 3.04159,
	2.3545 3.0261,
	2.35256 3.02223,
	2.33901 3.00675,
	2.33127 2.99127,
	2.32063 2.9603,
	2.31385 2.94481,
	2.30514 2.91385,
	2.30321 2.9061,
	2.27805 2.84417,
	2.26643 2.8132,
	2.25966 2.79772,
	2.24901 2.78223,
	2.24127 2.77449,
	2.2374 2.77062,
	2.2345 2.76288,
	2.23256 2.7474,
	2.22869 2.73191,
	2.22676 2.72417,
	2.21998 2.70869,
	2.21611 2.70095,
	2.20837 2.69611,
	2.19289 2.68159,
	2.18514 2.66611,
	2.1745 2.65062,
	2.15998 2.63514,
	2.15224 2.6274,
	2.14643 2.61966,
	2.13966 2.60417,
	2.13482 2.58869,
	2.13482 2.58578,
	"/>
</Transform>

<Transform dim="0"
 xcoef=" 0 1 0 0 0 0"
 ycoef=" 0 0 1 0 0 0">
<Contour name="Ea4(mito1)" hidden="false" closed="true" simplified="true" border="0 0 1" fill="0 0 1" mode="9"
 points="3.43806 4.76879,
	3.44076 4.75801,
	3.45289 4.73643,
	3.47042 4.71621,
	3.48121 4.70812,
	3.4866 4.70273,
	3.49199 4.70003,
	3.53514 4.69599,
	3.55671 4.69464,
	3.59985 4.70003,
	3.62142 4.70947,
	3.63221 4.71486,
	3.65243 4.73374,
	3.66726 4.75531,
	3.66996 4.7661,
	3.66996 4.78767,
	3.67401 4.80924,
	3.67805 4.82003,
	3.6821 4.86317,
	3.68344 4.87396,
	3.6821 4.88474,
	3.67401 4.90632,
	3.67266 4.91171,
	3.66187 4.92115,
	3.6403 4.93328,
	3.61873 4.94272,
	3.57558 4.95081,
	3.55401 4.94811,
	3.54862 4.94811,
	3.54323 4.94541,
	3.50143 4.90632,
	3.48525 4.88474,
	3.45828 4.8416,
	3.45154 4.83081,
	3.4448 4.80924,
	3.44076 4.78767,
	3.43941 4.77688,
	3.43806 4.77149,
	3.43806 4.77014,
	"/>
</Transform>

<Transform dim="0"
 xcoef=" 0 1 0 0 0 0"
 ycoef=" 0 0 1 0 0 0">
<Contour name="Ed4" hidden="false" closed="true" simplified="true" border="0.541176 0.756863 0.0352941" fill="0.501961 1 1" mode="9"
 points="3.34701 4.16703,
	3.35073 4.15514,
	3.37452 4.14101,
	3.38641 4.13283,
	3.39831 4.12243,
	3.41318 4.09864,
	3.41689 4.08674,
	3.4221 4.06295,
	3.42581 4.05106,
	3.42804 4.04511,
	3.45183 4.02726,
	3.45332 4.02578,
	3.47711 4.02429,
	3.5009 4.02578,
	3.50685 4.02578,
	3.53064 4.03173,
	3.53659 4.03321,
	3.53956 4.03396,
	3.55146 4.04288,
	3.5574 4.04734,
	3.56038 4.04957,
	3.57153 4.07336,
	3.57822 4.09715,
	3.57896 4.12094,
	3.57896 4.12689,
	3.58417 4.15068,
	3.59383 4.17447,
	3.59904 4.18636,
	3.59978 4.18934,
	3.59383 4.21313,
	3.5693 4.26071,
	3.55071 4.2845,
	3.54551 4.2897,
	3.53361 4.29714,
	3.50982 4.3016,
	3.48603 4.30383,
	3.46224 4.30234,
	3.4563 4.3016,
	3.45035 4.29714,
	3.43845 4.29193,
	3.41466 4.28822,
	3.40871 4.28598,
	3.38492 4.27112,
	3.37377 4.26219,
	3.36559 4.21461,
	3.36485 4.20867,
	3.35519 4.18488,
	3.34998 4.17298,
	3.34701 4.16778,
	"/>
</Transform>

<Transform dim="0"
 xcoef=" 0 1 0 0 0 0"
 ycoef=" 0 0 1 0 0 0">
<Contour name="Ed5" hidden="false" closed="true" simplified="true" border="0.541176 0.756863 0.0352941" fill="0.501961 1 1" mode="9"
 points="4.09178 4.95285,
	4.09259 4.94962,
	4.093 4.948,
	4.09421 4.94638,
	4.10068 4.94517,
	4.10715 4.94517,
	4.11362 4.94638,
	4.12657 4.95406,
	4.13951 4.96094,
	4.14274 4.96337,
	4.15569 4.97631,
	4.15892 4.97954,
	4.16539 4.9844,
	4.17186 4.98763,
	4.1844 4.99977,
	4.18562 5.00138,
	4.18642 5.00219,
	4.18723 5.00866,
	4.18764 5.01028,
	4.19168 5.01675,
	4.19613 5.0297,
	4.19734 5.03293,
	4.19775 5.03455,
	4.19573 5.04102,
	4.19128 5.04749,
	4.18845 5.05073,
	4.18723 5.05234,
	4.18642 5.05275,
	4.17348 5.0487,
	4.17025 5.04709,
	4.16418 5.04102,
	4.16175 5.03778,
	4.16094 5.03455,
	4.16054 5.03293,
	4.14436 5.00705,
	4.14315 5.00543,
	4.14153 4.99896,
	4.13708 4.99289,
	4.13385 4.99087,
	4.12738 4.98521,
	4.12414 4.98197,
	4.1112 4.97388,
	4.10796 4.97146,
	4.10473 4.96984,
	4.10311 4.96903,
	4.09664 4.96337,
	4.09421 4.96013,
	4.09178 4.95366,
	4.09178 4.95326,
	"/>
</Transform>

<Transform dim="0"
 xcoef=" 0 1 0 0 0 0"
 ycoef=" 0 0 1 0 0 0">
<Contour name="Ea2(v1065)" hidden="false" closed="true" simplified="true" border="0.611765 0.27451 0.643137" fill="0.458824 0.729412 1" mode="9"
 points="2.49489 2.72605,
	2.49577 2.7192,
	2.49833 2.71302,
	2.50232 2.70812,
	2.50734 2.70497,
	2.5129 2.70388,
	2.51847 2.70497,
	2.52349 2.70812,
	2.52748 2.71302,
	2.53004 2.7192,
	2.53092 2.72605,
	2.53004 2.73291,
	2.52748 2.73909,
	2.52349 2.74399,
	2.51847 2.74714,
	2.5129 2.74823,
	2.50734 2.74714,
	2.50232 2.74399,
	2.49833 2.73909,
	"/>
<Contour name="Ea2(v1066)" hidden="false" closed="true" simplified="true" border="0.611765 0.27451 0.643137" fill="0.458824 0.729412 1" mode="9"
 points="2.54477 2.76763,
	2.54559 2.76163,
	2.54795 2.75622,
	2.55163 2.75193,
	2.55626 2.74918,
	2.5614 2.74823,
	2.56654 2.74918,
	2.57118 2.75193,
	2.57486 2.75622,
	2.57722 2.76163,
	2.57803 2.76763,
	2.57722 2.77362,
	2.57486 2.77903,
	2.57118 2.78332,
	2.56654 2.78608,
	2.5614 2.78703,
	2.55626 2.78608,
	2.55163 2.78332,
	2.54795 2.77903,
	"/>
<Contour name="Ea2(v1067)" hidden="false" closed="true" simplified="true" border="0.611765 0.27451 0.643137" fill="0.458824 0.729412 1" mode="9"
 points="2.6196 2.83691,
	2.62048 2.83092,
	2.62304 2.82551,
	2.62703 2.82122,
	2.63205 2.81846,
	2.63762 2.81751,
	2.64318 2.81846,
	2.6482 2.82122,
	2.65219 2.82551,
	2.65475 2.83092,
	2.65563 2.83691,
	2.65475 2.84291,
	2.65219 2.84831,
	2.6482 2.85261,
	2.64318 2.85536,
	2.63762 2.85631,
	2.63205 2.85536,
	2.62703 2.85261,
	2.62304 2.84831,
	"/>
<Contour name="Ea2(v1068)" hidden="false" closed="true" simplified="true" border="0.611765 0.27451 0.643137" fill="0.458824 0.729412 1" mode="9"
 points="2.66672 2.87155,
	2.66773 2.86513,
	2.67069 2.85934,
	2.67528 2.85474,
	2.68108 2.85178,
	2.6875 2.85077,
	2.69392 2.85178,
	2.69972 2.85474,
	2.70432 2.85934,
	2.70727 2.86513,
	2.70829 2.87155,
	2.70727 2.87798,
	2.70432 2.88377,
	2.69972 2.88837,
	2.69392 2.89132,
	2.6875 2.89234,
	2.68108 2.89132,
	2.67528 2.88837,
	2.67069 2.88377,
	"/>
<Contour name="Ea2(v1069)" hidden="false" closed="true" simplified="true" border="0.611765 0.27451 0.643137" fill="0.458824 0.729412 1" mode="9"
 points="2.56972 2.84384,
	2.5706 2.83742,
	2.57316 2.83162,
	2.57714 2.82702,
	2.58216 2.82407,
	2.58773 2.82305,
	2.5933 2.82407,
	2.59832 2.82702,
	2.6023 2.83162,
	2.60486 2.83742,
	2.60575 2.84384,
	2.60486 2.85026,
	2.6023 2.85606,
	2.59832 2.86065,
	2.5933 2.86361,
	2.58773 2.86462,
	2.58216 2.86361,
	2.57714 2.86065,
	2.57316 2.85606,
	"/>
<Contour name="Ea2(v1070)" hidden="false" closed="true" simplified="true" border="0.611765 0.27451 0.643137" fill="0.458824 0.729412 1" mode="9"
 points="2.60575 2.88957,
	2.60663 2.88357,
	2.60919 2.87816,
	2.61317 2.87387,
	2.61819 2.87112,
	2.62376 2.87017,
	2.62933 2.87112,
	2.63435 2.87387,
	2.63833 2.87816,
	2.64089 2.88357,
	2.64177 2.88957,
	2.64089 2.89556,
	2.63833 2.90097,
	2.63435 2.90526,
	2.62933 2.90802,
	2.62376 2.90897,
	2.61819 2.90802,
	2.61317 2.90526,
	2.60919 2.90097,
	"/>
<Contour name="Ea2(v1071)" hidden="false" closed="true" simplified="true" border="0.611765 0.27451 0.643137" fill="0.458824 0.729412 1" mode="9"
 points="2.55032 2.91035,
	2.5512 2.90393,
	2.55376 2.89814,
	2.55774 2.89354,
	2.56276 2.89058,
	2.56833 2.88957,
	2.5739 2.89058,
	2.57892 2.89354,
	2.58291 2.89814,
	2.58546 2.90393,
	2.58635 2.91035,
	2.58546 2.91678,
	2.58291 2.92257,
	2.57892 2.92717,
	2.5739 2.93012,
	2.56833 2.93114,
	2.56276 2.93012,
	2.55774 2.92717,
	2.55376 2.92257,
	"/>
<Contour name="Ea2(v1072)" hidden="false" closed="true" simplified="true" border="0.611765 0.27451 0.643137" fill="0.458824 0.729412 1" mode="9"
 points="2.6002 2.94222,
	2.60115 2.93537,
	2.60391 2.92919,
	2.6082 2.92429,
	2.61361 2.92114,
	2.6196 2.92005,
	2.6256 2.92114,
	2.631 2.92429,
	2.6353 2.92919,
	2.63805 2.93537,
	2.639 2.94222,
	2.63805 2.94907,
	2.6353 2.95526,
	2.631 2.96016,
	2.6256 2.96331,
	2.6196 2.96439,
	2.61361 2.96331,
	2.6082 2.96016,
	2.60391 2.95526,
	"/>
<Contour name="Ea2(v1073)" hidden="false" closed="true" simplified="true" border="0.611765 0.27451 0.643137" fill="0.458824 0.729412 1" mode="9"
 points="2.64732 2.97409,
	2.64854 2.9651,
	2.65208 2.95699,
	2.6576 2.95055,
	2.66455 2.94642,
	2.67226 2.94499,
	2.67997 2.94642,
	2.68692 2.95055,
	2.69244 2.95699,
	2.69598 2.9651,
	2.6972 2.97409,
	2.69598 2.98309,
	2.69244 2.9912,
	2.68692 2.99764,
	2.67997 3.00177,
	2.67226 3.00319,
	2.66455 3.00177,
	2.6576 2.99764,
	2.65208 2.9912,
	"/>
<Contour name="Ea2(v1074)" hidden="false" closed="true" simplified="true" border="0.611765 0.27451 0.643137" fill="0.458824 0.729412 1" mode="9"
 points="2.66117 2.91728,
	2.66205 2.91129,
	2.66461 2.90588,
	2.6686 2.90159,
	2.67362 2.89883,
	2.67919 2.89788,
	2.68475 2.89883,
	2.68978 2.90159,
	2.69376 2.90588,
	2.69632 2.91129,
	2.6972 2.91728,
	2.69632 2.92328,
	2.69376 2.92868,
	2.68978 2.93298,
	2.68475 2.93573,
	2.67919 2.93668,
	2.67362 2.93573,
	2.6686 2.93298,
	2.66461 2.92868,
	"/>
<Contour name="Ea2(v1075)" hidden="false" closed="true" simplified="true" border="0.611765 0.27451 0.643137" fill="0.458824 0.729412 1" mode="9"
 points="2.70552 2.91867,
	2.70633 2.9131,
	2.70869 2.90808,
	2.71237 2.90409,
	2.71701 2.90153,
	2.72214 2.90065,
	2.72728 2.90153,
	2.73192 2.90409,
	2.7356 2.90808,
	2.73796 2.9131,
	2.73877 2.91867,
	2.73796 2.92423,
	2.7356 2.92926,
	2.73192 2.93324,
	2.72728 2.9358,
	2.72214 2.93668,
	2.71701 2.9358,
	2.71237 2.93324,
	2.70869 2.92926,
	"/>
<Contour name="Ea2(v1076)" hidden="false" closed="true" simplified="true" border="0.611765 0.27451 0.643137" fill="0.458824 0.729412 1" mode="9"
 points="2.736 2.95885,
	2.73688 2.95286,
	2.73944 2.94745,
	2.74343 2.94316,
	2.74845 2.9404,
	2.75401 2.93945,
	2.75958 2.9404,
	2.7646 2.94316,
	2.76859 2.94745,
	2.77115 2.95286,
	2.77203 2.95885,
	2.77115 2.96485,
	2.76859 2.97025,
	2.7646 2.97455,
	2.75958 2.9773,
	2.75401 2.97825,
	2.74845 2.9773,
	2.74343 2.97455,
	2.73944 2.97025,
	"/>
<Contour name="Ea2(v1077)" hidden="false" closed="true" simplified="true" border="0.611765 0.27451 0.643137" fill="0.458824 0.729412 1" mode="9"
 points="2.77757 2.99349,
	2.77852 2.98707,
	2.78128 2.98128,
	2.78557 2.97668,
	2.79098 2.97373,
	2.79697 2.97271,
	2.80297 2.97373,
	2.80837 2.97668,
	2.81267 2.98128,
	2.81542 2.98707,
	2.81637 2.99349,
	2.81542 2.99992,
	2.81267 3.00571,
	2.80837 3.01031,
	2.80297 3.01326,
	2.79697 3.01428,
	2.79098 3.01326,
	2.78557 3.01031,
	2.78128 3.00571,
	"/>
<Contour name="Ea2(v1078)" hidden="false" closed="true" simplified="true" border="0.611765 0.27451 0.643137" fill="0.458824 0.729412 1" mode="9"
 points="2.82191 2.95747,
	2.82259 2.95276,
	2.82456 2.94851,
	2.82763 2.94513,
	2.83149 2.94297,
	2.83577 2.94222,
	2.84005 2.94297,
	2.84392 2.94513,
	2.84698 2.94851,
	2.84895 2.95276,
	2.84963 2.95747,
	2.84895 2.96218,
	2.84698 2.96643,
	2.84392 2.9698,
	2.84005 2.97196,
	2.83577 2.97271,
	2.83149 2.97196,
	2.82763 2.9698,
	2.82456 2.96643,
	"/>
<Contour name="Ea2(v1079)" hidden="false" closed="true" simplified="true" border="0.611765 0.27451 0.643137" fill="0.458824 0.729412 1" mode="9"
 points="2.73323 3.05169,
	2.73418 3.04613,
	2.73693 3.04111,
	2.74123 3.03712,
	2.74663 3.03456,
	2.75263 3.03368,
	2.75862 3.03456,
	2.76403 3.03712,
	2.76832 3.04111,
	2.77108 3.04613,
	2.77203 3.05169,
	2.77108 3.05726,
	2.76832 3.06228,
	2.76403 3.06627,
	2.75862 3.06883,
	2.75263 3.06971,
	2.74663 3.06883,
	2.74123 3.06627,
	2.73693 3.06228,
	"/>
<Contour name="Ea2(v1080)" hidden="false" closed="true" simplified="true" border="0.611765 0.27451 0.643137" fill="0.458824 0.729412 1" mode="9"
 points="2.69166 3.01982,
	2.69261 3.01297,
	2.69536 3.00679,
	2.69966 3.00189,
	2.70506 2.99874,
	2.71106 2.99765,
	2.71705 2.99874,
	2.72246 3.00189,
	2.72675 3.00679,
	2.72951 3.01297,
	2.73046 3.01982,
	2.72951 3.02667,
	2.72675 3.03285,
	2.72246 3.03776,
	2.71705 3.04091,
	2.71106 3.04199,
	2.70506 3.04091,
	2.69966 3.03776,
	2.69536 3.03285,
	"/>
<Contour name="Ea2(v1081)" hidden="false" closed="true" simplified="true" border="0.611765 0.27451 0.643137" fill="0.458824 0.729412 1" mode="9"
 points="2.736 3.01151,
	2.73681 3.00551,
	2.73918 3.00011,
	2.74286 2.99581,
	2.74749 2.99306,
	2.75263 2.99211,
	2.75777 2.99306,
	2.7624 2.99581,
	2.76608 3.00011,
	2.76844 3.00551,
	2.76926 3.01151,
	2.76844 3.0175,
	2.76608 3.02291,
	2.7624 3.0272,
	2.75777 3.02996,
	2.75263 3.03091,
	2.74749 3.02996,
	2.74286 3.0272,
	2.73918 3.02291,
	"/>
<Contour name="Ea2(v1082)" hidden="false" closed="true" simplified="true" border="0.611765 0.27451 0.643137" fill="0.458824 0.729412 1" mode="9"
 points="2.64177 3.05169,
	2.64286 3.04441,
	2.64601 3.03785,
	2.65091 3.03264,
	2.65709 3.02929,
	2.66394 3.02814,
	2.6708 3.02929,
	2.67698 3.03264,
	2.68188 3.03785,
	2.68503 3.04441,
	2.68612 3.05169,
	2.68503 3.05897,
	2.68188 3.06554,
	2.67698 3.07075,
	2.6708 3.0741,
	2.66394 3.07525,
	2.65709 3.0741,
	2.65091 3.07075,
	2.64601 3.06554,
	"/>
<Contour name="Ea2(v1083)" hidden="false" closed="true" simplified="true" border="0.611765 0.27451 0.643137" fill="0.458824 0.729412 1" mode="9"
 points="2.60297 3.08495,
	2.60386 3.07938,
	2.60641 3.07436,
	2.6104 3.07038,
	2.61542 3.06782,
	2.62099 3.06694,
	2.62655 3.06782,
	2.63158 3.07038,
	2.63556 3.07436,
	2.63812 3.07938,
	2.639 3.08495,
	2.63812 3.09052,
	2.63556 3.09554,
	2.63158 3.09952,
	2.62655 3.10208,
	2.62099 3.10296,
	2.61542 3.10208,
	2.6104 3.09952,
	2.60641 3.09554,
	"/>
<Contour name="Ea2(v1084)" hidden="false" closed="true" simplified="true" border="0.611765 0.27451 0.643137" fill="0.458824 0.729412 1" mode="9"
 points="2.59743 3.13484,
	2.59852 3.12841,
	2.60167 3.12262,
	2.60657 3.11802,
	2.61275 3.11507,
	2.6196 3.11405,
	2.62645 3.11507,
	2.63263 3.11802,
	2.63754 3.12262,
	2.64069 3.12841,
	2.64177 3.13484,
	2.64069 3.14126,
	2.63754 3.14705,
	2.63263 3.15165,
	2.62645 3.1546,
	2.6196 3.15562,
	2.61275 3.1546,
	2.60657 3.15165,
	2.60167 3.14705,
	"/>
<Contour name="Ea2(v1085)" hidden="false" closed="true" simplified="true" border="0.611765 0.27451 0.643137" fill="0.458824 0.729412 1" mode="9"
 points="2.65563 3.11821,
	2.65644 3.11264,
	2.65881 3.10762,
	2.66248 3.10363,
	2.66712 3.10107,
	2.67226 3.10019,
	2.6774 3.10107,
	2.68203 3.10363,
	2.68571 3.10762,
	2.68807 3.11264,
	2.68889 3.11821,
	2.68807 3.12377,
	2.68571 3.1288,
	2.68203 3.13278,
	2.6774 3.13534,
	2.67226 3.13622,
	2.66712 3.13534,
	2.66248 3.13278,
	2.65881 3.1288,
	"/>
<Contour name="Ea2(v1086)" hidden="false" closed="true" simplified="true" border="0.611765 0.27451 0.643137" fill="0.458824 0.729412 1" mode="9"
 points="2.59743 2.99349,
	2.59838 2.98707,
	2.60114 2.98128,
	2.60543 2.97668,
	2.61084 2.97373,
	2.61683 2.97271,
	2.62283 2.97373,
	2.62823 2.97668,
	2.63253 2.98128,
	2.63528 2.98707,
	2.63623 2.99349,
	2.63528 2.99992,
	2.63253 3.00571,
	2.62823 3.01031,
	2.62283 3.01326,
	2.61683 3.01428,
	2.61084 3.01326,
	2.60543 3.01031,
	2.60114 3.00571,
	"/>
<Contour name="Ea2(v1087)" hidden="false" closed="true" simplified="true" border="0.611765 0.27451 0.643137" fill="0.458824 0.729412 1" mode="9"
 points="2.56972 3.02537,
	2.57053 3.01937,
	2.57289 3.01396,
	2.57657 3.00967,
	2.58121 3.00691,
	2.58635 3.00597,
	2.59148 3.00691,
	2.59612 3.00967,
	2.5998 3.01396,
	2.60216 3.01937,
	2.60297 3.02537,
	2.60216 3.03136,
	2.5998 3.03677,
	2.59612 3.04106,
	2.59148 3.04382,
	2.58635 3.04476,
	2.58121 3.04382,
	2.57657 3.04106,
	2.57289 3.03677,
	"/>
<Contour name="Ea2(v1088)" hidden="false" closed="true" simplified="true" border="0.611765 0.27451 0.643137" fill="0.458824 0.729412 1" mode="9"
 points="2.54755 2.96439,
	2.5485 2.9584,
	2.55125 2.95299,
	2.55554 2.9487,
	2.56095 2.94594,
	2.56695 2.94499,
	2.57294 2.94594,
	2.57835 2.9487,
	2.58264 2.95299,
	2.5854 2.9584,
	2.58635 2.96439,
	2.5854 2.97039,
	2.58264 2.9758,
	2.57835 2.98009,
	2.57294 2.98284,
	2.56695 2.98379,
	2.56095 2.98284,
	2.55554 2.98009,
	2.55125 2.9758,
	"/>
<Contour name="Ea2(v1089)" hidden="false" closed="true" simplified="true" border="0.611765 0.27451 0.643137" fill="0.458824 0.729412 1" mode="9"
 points="2.71383 3.09742,
	2.71464 3.09143,
	2.71701 3.08602,
	2.72068 3.08173,
	2.72532 3.07897,
	2.73046 3.07802,
	2.7356 3.07897,
	2.74023 3.08173,
	2.74391 3.08602,
	2.74627 3.09143,
	2.74709 3.09742,
	2.74627 3.10342,
	2.74391 3.10882,
	2.74023 3.11312,
	2.7356 3.11587,
	2.73046 3.11682,
	2.72532 3.11587,
	2.72068 3.11312,
	2.71701 3.10882,
	"/>
<Contour name="Ea2(v1090)" hidden="false" closed="true" simplified="true" border="0.611765 0.27451 0.643137" fill="0.458824 0.729412 1" mode="9"
 points="2.75263 3.13206,
	2.75344 3.1265,
	2.7558 3.12148,
	2.75948 3.11749,
	2.76412 3.11493,
	2.76926 3.11405,
	2.7744 3.11493,
	2.77903 3.11749,
	2.78271 3.12148,
	2.78507 3.1265,
	2.78589 3.13206,
	2.78507 3.13763,
	2.78271 3.14265,
	2.77903 3.14664,
	2.7744 3.1492,
	2.76926 3.15008,
	2.76412 3.1492,
	2.75948 3.14664,
	2.7558 3.14265,
	"/>
<Contour name="Ea2(v1091)" hidden="false" closed="true" simplified="true" border="0.611765 0.27451 0.643137" fill="0.458824 0.729412 1" mode="9"
 points="2.78034 3.09465,
	2.78129 3.08866,
	2.78405 3.08325,
	2.78834 3.07896,
	2.79375 3.0762,
	2.79974 3.07525,
	2.80574 3.0762,
	2.81115 3.07896,
	2.81544 3.08325,
	2.81819 3.08866,
	2.81914 3.09465,
	2.81819 3.10064,
	2.81544 3.10605,
	2.81115 3.11034,
	2.80574 3.1131,
	2.79974 3.11405,
	2.79375 3.1131,
	2.78834 3.11034,
	2.78405 3.10605,
	"/>
<Contour name="Ea2(v1092)" hidden="false" closed="true" simplified="true" border="0.611765 0.27451 0.643137" fill="0.458824 0.729412 1" mode="9"
 points="2.84131 3.06971,
	2.8422 3.06371,
	2.84475 3.0583,
	2.84874 3.05401,
	2.85376 3.05126,
	2.85933 3.05031,
	2.86489 3.05126,
	2.86992 3.05401,
	2.8739 3.0583,
	2.87646 3.06371,
	2.87734 3.06971,
	2.87646 3.0757,
	2.8739 3.08111,
	2.86992 3.0854,
	2.86489 3.08816,
	2.85933 3.08911,
	2.85376 3.08816,
	2.84874 3.0854,
	2.84475 3.08111,
	"/>
<Contour name="Ea2(v1093)" hidden="false" closed="true" simplified="true" border="0.611765 0.27451 0.643137" fill="0.458824 0.729412 1" mode="9"
 points="2.79974 3.04061,
	2.80062 3.03504,
	2.80318 3.03002,
	2.80717 3.02603,
	2.81219 3.02348,
	2.81776 3.02259,
	2.82332 3.02348,
	2.82835 3.02603,
	2.83233 3.03002,
	2.83489 3.03504,
	2.83577 3.04061,
	2.83489 3.04617,
	2.83233 3.0512,
	2.82835 3.05518,
	2.82332 3.05774,
	2.81776 3.05862,
	2.81219 3.05774,
	2.80717 3.05518,
	2.80318 3.0512,
	"/>
<Contour name="Ea2(v1094)" hidden="false" closed="true" simplified="true" border="0.611765 0.27451 0.643137" fill="0.458824 0.729412 1" mode="9"
 points="2.91614 3.01012,
	2.91709 3.00456,
	2.91985 2.99953,
	2.92414 2.99555,
	2.92955 2.99299,
	2.93554 2.99211,
	2.94154 2.99299,
	2.94694 2.99555,
	2.95124 2.99953,
	2.95399 3.00456,
	2.95494 3.01012,
	2.95399 3.01569,
	2.95124 3.02071,
	2.94694 3.0247,
	2.94154 3.02725,
	2.93554 3.02814,
	2.92955 3.02725,
	2.92414 3.0247,
	2.91985 3.02071,
	"/>
<Contour name="Ea2(v1095)" hidden="false" closed="true" simplified="true" border="0.611765 0.27451 0.643137" fill="0.458824 0.729412 1" mode="9"
 points="2.94385 3.04476,
	2.94474 3.03877,
	2.9473 3.03336,
	2.95128 3.02907,
	2.9563 3.02631,
	2.96187 3.02537,
	2.96744 3.02631,
	2.97246 3.02907,
	2.97644 3.03336,
	2.979 3.03877,
	2.97988 3.04476,
	2.979 3.05076,
	2.97644 3.05617,
	2.97246 3.06046,
	2.96744 3.06322,
	2.96187 3.06416,
	2.9563 3.06322,
	2.95128 3.06046,
	2.9473 3.05617,
	"/>
<Contour name="Ea2(v1096)" hidden="false" closed="true" simplified="true" border="0.611765 0.27451 0.643137" fill="0.458824 0.729412 1" mode="9"
 points="2.99374 3.09326,
	2.99476 3.08684,
	2.99771 3.08105,
	3.00231 3.07645,
	3.0081 3.0735,
	3.01453 3.07248,
	3.02095 3.0735,
	3.02674 3.07645,
	3.03134 3.08105,
	3.03429 3.08684,
	3.03531 3.09326,
	3.03429 3.09969,
	3.03134 3.10548,
	3.02674 3.11008,
	3.02095 3.11303,
	3.01453 3.11405,
	3.0081 3.11303,
	3.00231 3.11008,
	2.99771 3.10548,
	"/>
<Contour name="Ea2(v1097)" hidden="false" closed="true" simplified="true" border="0.611765 0.27451 0.643137" fill="0.458824 0.729412 1" mode="9"
 points="3.0076 3.15839,
	3.00861 3.15154,
	3.01157 3.14536,
	3.01617 3.14046,
	3.02196 3.13731,
	3.02838 3.13622,
	3.03481 3.13731,
	3.0406 3.14046,
	3.0452 3.14536,
	3.04815 3.15154,
	3.04917 3.15839,
	3.04815 3.16524,
	3.0452 3.17142,
	3.0406 3.17633,
	3.03481 3.17948,
	3.02838 3.18056,
	3.02196 3.17948,
	3.01617 3.17633,
	3.01157 3.17142,
	"/>
<Contour name="Ea2(v1098)" hidden="false" closed="true" simplified="true" border="0.611765 0.27451 0.643137" fill="0.458824 0.729412 1" mode="9"
 points="3.0658 3.12652,
	3.06675 3.1201,
	3.0695 3.1143,
	3.07379 3.10971,
	3.0792 3.10675,
	3.0852 3.10574,
	3.09119 3.10675,
	3.0966 3.10971,
	3.10089 3.1143,
	3.10365 3.1201,
	3.1046 3.12652,
	3.10365 3.13294,
	3.10089 3.13874,
	3.0966 3.14334,
	3.09119 3.14629,
	3.0852 3.14731,
	3.0792 3.14629,
	3.07379 3.14334,
	3.0695 3.13874,
	"/>
<Contour name="Ea2(v1099)" hidden="false" closed="true" simplified="true" border="0.611765 0.27451 0.643137" fill="0.458824 0.729412 1" mode="9"
 points="2.9494 3.19719,
	2.95028 3.1912,
	2.95284 3.18579,
	2.95682 3.1815,
	2.96185 3.17874,
	2.96741 3.17779,
	2.97298 3.17874,
	2.978 3.1815,
	2.98199 3.18579,
	2.98454 3.1912,
	2.98543 3.19719,
	2.98454 3.20319,
	2.98199 3.20859,
	2.978 3.21289,
	2.97298 3.21564,
	2.96741 3.21659,
	2.96185 3.21564,
	2.95682 3.21289,
	2.95284 3.20859,
	"/>
<Contour name="Ea2(v1100)" hidden="false" closed="true" simplified="true" border="0.611765 0.27451 0.643137" fill="0.458824 0.729412 1" mode="9"
 points="2.96325 3.14592,
	2.9642 3.14035,
	2.96696 3.13533,
	2.97125 3.13135,
	2.97666 3.12879,
	2.98265 3.12791,
	2.98865 3.12879,
	2.99406 3.13135,
	2.99835 3.13533,
	3.0011 3.14035,
	3.00205 3.14592,
	3.0011 3.15149,
	2.99835 3.15651,
	2.99406 3.16049,
	2.98865 3.16305,
	2.98265 3.16393,
	2.97666 3.16305,
	2.97125 3.16049,
	2.96696 3.15651,
	"/>
<Contour name="Ea2(v1101)" hidden="false" closed="true" simplified="true" border="0.611765 0.27451 0.643137" fill="0.458824 0.729412 1" mode="9"
 points="2.93554 3.09881,
	2.93642 3.09238,
	2.93898 3.08659,
	2.94297 3.08199,
	2.94799 3.07904,
	2.95355 3.07802,
	2.95912 3.07904,
	2.96414 3.08199,
	2.96813 3.08659,
	2.97069 3.09238,
	2.97157 3.09881,
	2.97069 3.10523,
	2.96813 3.11102,
	2.96414 3.11562,
	2.95912 3.11858,
	2.95355 3.11959,
	2.94799 3.11858,
	2.94297 3.11562,
	2.93898 3.11102,
	"/>
<Contour name="Ea2(v1102)" hidden="false" closed="true" simplified="true" border="0.611765 0.27451 0.643137" fill="0.458824 0.729412 1" mode="9"
 points="2.91891 3.14592,
	2.91973 3.14035,
	2.92209 3.13533,
	2.92577 3.13135,
	2.9304 3.12879,
	2.93554 3.12791,
	2.94068 3.12879,
	2.94531 3.13135,
	2.94899 3.13533,
	2.95136 3.14035,
	2.95217 3.14592,
	2.95136 3.15149,
	2.94899 3.15651,
	2.94531 3.16049,
	2.94068 3.16305,
	2.93554 3.16393,
	2.9304 3.16305,
	2.92577 3.16049,
	2.92209 3.15651,
	"/>
<Contour name="Ea2(v1103)" hidden="false" closed="true" simplified="true" border="0.611765 0.27451 0.643137" fill="0.458824 0.729412 1" mode="9"
 points="2.88288 3.18888,
	2.88383 3.18288,
	2.88659 3.17747,
	2.89088 3.17318,
	2.89629 3.17043,
	2.90228 3.16948,
	2.90828 3.17043,
	2.91369 3.17318,
	2.91798 3.17747,
	2.92073 3.18288,
	2.92168 3.18888,
	2.92073 3.19487,
	2.91798 3.20028,
	2.91369 3.20457,
	2.90828 3.20733,
	2.90228 3.20828,
	2.89629 3.20733,
	2.89088 3.20457,
	2.88659 3.20028,
	"/>
<Contour name="Ea2(v1104)" hidden="false" closed="true" simplified="true" border="0.611765 0.27451 0.643137" fill="0.458824 0.729412 1" mode="9"
 points="2.86903 3.12098,
	2.86998 3.11456,
	2.87273 3.10876,
	2.87702 3.10416,
	2.88243 3.10121,
	2.88843 3.10019,
	2.89442 3.10121,
	2.89983 3.10416,
	2.90412 3.10876,
	2.90688 3.11456,
	2.90783 3.12098,
	2.90688 3.1274,
	2.90412 3.1332,
	2.89983 3.13779,
	2.89442 3.14075,
	2.88843 3.14176,
	2.88243 3.14075,
	2.87702 3.13779,
	2.87273 3.1332,
	"/>
<Contour name="Ea2(v1105)" hidden="false" closed="true" simplified="true" border="0.611765 0.27451 0.643137" fill="0.458824 0.729412 1" mode="9"
 points="2.82746 3.19442,
	2.82841 3.18843,
	2.83116 3.18302,
	2.83545 3.17873,
	2.84086 3.17597,
	2.84686 3.17502,
	2.85285 3.17597,
	2.85826 3.17873,
	2.86255 3.18302,
	2.86531 3.18843,
	2.86626 3.19442,
	2.86531 3.20041,
	2.86255 3.20582,
	2.85826 3.21011,
	2.85285 3.21287,
	2.84686 3.21382,
	2.84086 3.21287,
	2.83545 3.21011,
	2.83116 3.20582,
	"/>
<Contour name="Ea2(v1106)" hidden="false" closed="true" simplified="true" border="0.611765 0.27451 0.643137" fill="0.458824 0.729412 1" mode="9"
 points="2.82469 3.13484,
	2.8255 3.12841,
	2.82786 3.12262,
	2.83154 3.11802,
	2.83618 3.11507,
	2.84131 3.11405,
	2.84645 3.11507,
	2.85109 3.11802,
	2.85477 3.12262,
	2.85713 3.12841,
	2.85794 3.13484,
	2.85713 3.14126,
	2.85477 3.14705,
	2.85109 3.15165,
	2.84645 3.1546,
	2.84131 3.15562,
	2.83618 3.1546,
	2.83154 3.15165,
	2.82786 3.14705,
	"/>
<Contour name="Ea2(v1107)" hidden="false" closed="true" simplified="true" border="0.611765 0.27451 0.643137" fill="0.458824 0.729412 1" mode="9"
 points="2.75263 3.18056,
	2.75358 3.17457,
	2.75633 3.16916,
	2.76063 3.16487,
	2.76603 3.16211,
	2.77203 3.16116,
	2.77802 3.16211,
	2.78343 3.16487,
	2.78772 3.16916,
	2.79048 3.17457,
	2.79143 3.18056,
	2.79048 3.18656,
	2.78772 3.19197,
	2.78343 3.19626,
	2.77802 3.19901,
	2.77203 3.19996,
	2.76603 3.19901,
	2.76063 3.19626,
	2.75633 3.19197,
	"/>
<Contour name="Ea2(v1108)" hidden="false" closed="true" simplified="true" border="0.611765 0.27451 0.643137" fill="0.458824 0.729412 1" mode="9"
 points="2.7166 3.17779,
	2.71735 3.1718,
	2.71951 3.16639,
	2.72288 3.1621,
	2.72713 3.15934,
	2.73184 3.15839,
	2.73655 3.15934,
	2.7408 3.1621,
	2.74418 3.16639,
	2.74634 3.1718,
	2.74709 3.17779,
	2.74634 3.18379,
	2.74418 3.18919,
	2.7408 3.19349,
	2.73655 3.19624,
	2.73184 3.19719,
	2.72713 3.19624,
	2.72288 3.19349,
	2.71951 3.18919,
	"/>
<Contour name="Ea2(v1109)" hidden="false" closed="true" simplified="true" border="0.611765 0.27451 0.643137" fill="0.458824 0.729412 1" mode="9"
 points="2.68057 3.19719,
	2.68152 3.1912,
	2.68428 3.18579,
	2.68857 3.1815,
	2.69398 3.17874,
	2.69997 3.17779,
	2.70597 3.17874,
	2.71138 3.1815,
	2.71567 3.18579,
	2.71842 3.1912,
	2.71937 3.19719,
	2.71842 3.20319,
	2.71567 3.20859,
	2.71138 3.21289,
	2.70597 3.21564,
	2.69997 3.21659,
	2.69398 3.21564,
	2.68857 3.21289,
	2.68428 3.20859,
	"/>
<Contour name="Ea2(v1110)" hidden="false" closed="true" simplified="true" border="0.611765 0.27451 0.643137" fill="0.458824 0.729412 1" mode="9"
 points="2.66394 3.15839,
	2.66483 3.1524,
	2.66738 3.14699,
	2.67137 3.1427,
	2.67639 3.13994,
	2.68196 3.13899,
	2.68753 3.13994,
	2.69255 3.1427,
	2.69653 3.14699,
	2.69909 3.1524,
	2.69997 3.15839,
	2.69909 3.16439,
	2.69653 3.16979,
	2.69255 3.17409,
	2.68753 3.17684,
	2.68196 3.17779,
	2.67639 3.17684,
	2.67137 3.17409,
	2.66738 3.16979,
	"/>
<Contour name="Ea2(v1111)" hidden="false" closed="true" simplified="true" border="0.611765 0.27451 0.643137" fill="0.458824 0.729412 1" mode="9"
 points="2.6196 3.21382,
	2.62082 3.20526,
	2.62437 3.19753,
	2.62988 3.1914,
	2.63684 3.18746,
	2.64454 3.18611,
	2.65225 3.18746,
	2.65921 3.1914,
	2.66472 3.19753,
	2.66827 3.20526,
	2.66949 3.21382,
	2.66827 3.22238,
	2.66472 3.23011,
	2.65921 3.23624,
	2.65225 3.24018,
	2.64454 3.24153,
	2.63684 3.24018,
	2.62988 3.23624,
	2.62437 3.23011,
	"/>
<Contour name="Ea2(v1112)" hidden="false" closed="true" simplified="true" border="0.611765 0.27451 0.643137" fill="0.458824 0.729412 1" mode="9"
 points="3.07411 3.33992,
	3.07506 3.33435,
	3.07782 3.32933,
	3.08211 3.32534,
	3.08752 3.32279,
	3.09351 3.3219,
	3.09951 3.32279,
	3.10491 3.32534,
	3.1092 3.32933,
	3.11196 3.33435,
	3.11291 3.33992,
	3.11196 3.34548,
	3.1092 3.35051,
	3.10491 3.35449,
	3.09951 3.35705,
	3.09351 3.35793,
	3.08752 3.35705,
	3.08211 3.35449,
	3.07782 3.35051,
	"/>
<Contour name="Ea2(v1113)" hidden="false" closed="true" simplified="true" border="0.611765 0.27451 0.643137" fill="0.458824 0.729412 1" mode="9"
 points="2.97711 3.29973,
	2.97806 3.29374,
	2.98082 3.28833,
	2.98511 3.28404,
	2.99052 3.28128,
	2.99651 3.28033,
	3.00251 3.28128,
	3.00791 3.28404,
	3.01221 3.28833,
	3.01496 3.29374,
	3.01591 3.29973,
	3.01496 3.30573,
	3.01221 3.31114,
	3.00791 3.31543,
	3.00251 3.31818,
	2.99651 3.31913,
	2.99052 3.31818,
	2.98511 3.31543,
	2.98082 3.31114,
	"/>
<Contour name="Ea2(v1114)" hidden="false" closed="true" simplified="true" border="0.611765 0.27451 0.643137" fill="0.458824 0.729412 1" mode="9"
 points="3.01037 3.22906,
	3.01132 3.22264,
	3.01407 3.21685,
	3.01837 3.21225,
	3.02377 3.20929,
	3.02977 3.20828,
	3.03576 3.20929,
	3.04117 3.21225,
	3.04546 3.21685,
	3.04822 3.22264,
	3.04917 3.22906,
	3.04822 3.23549,
	3.04546 3.24128,
	3.04117 3.24588,
	3.03576 3.24883,
	3.02977 3.24985,
	3.02377 3.24883,
	3.01837 3.24588,
	3.01407 3.24128,
	"/>
<Contour name="Ea2(v1115)" hidden="false" closed="true" simplified="true" border="0.611765 0.27451 0.643137" fill="0.458824 0.729412 1" mode="9"
 points="3.03254 3.27618,
	3.03356 3.26975,
	3.03651 3.26396,
	3.04111 3.25936,
	3.0469 3.25641,
	3.05332 3.25539,
	3.05975 3.25641,
	3.06554 3.25936,
	3.07014 3.26396,
	3.07309 3.26975,
	3.07411 3.27618,
	3.07309 3.2826,
	3.07014 3.28839,
	3.06554 3.29299,
	3.05975 3.29594,
	3.05332 3.29696,
	3.0469 3.29594,
	3.04111 3.29299,
	3.03651 3.28839,
	"/>
<Contour name="Ea2(v1116)" hidden="false" closed="true" simplified="true" border="0.611765 0.27451 0.643137" fill="0.458824 0.729412 1" mode="9"
 points="3.07411 3.23461,
	3.07499 3.22818,
	3.07755 3.22239,
	3.08154 3.21779,
	3.08656 3.21484,
	3.09212 3.21382,
	3.09769 3.21484,
	3.10271 3.21779,
	3.1067 3.22239,
	3.10926 3.22818,
	3.11014 3.23461,
	3.10926 3.24103,
	3.1067 3.24682,
	3.10271 3.25142,
	3.09769 3.25437,
	3.09212 3.25539,
	3.08656 3.25437,
	3.08154 3.25142,
	3.07755 3.24682,
	"/>
<Contour name="Ea2(v1117)" hidden="false" closed="true" simplified="true" border="0.611765 0.27451 0.643137" fill="0.458824 0.729412 1" mode="9"
 points="3.09905 3.19303,
	3.09993 3.18661,
	3.10249 3.18082,
	3.10648 3.17622,
	3.1115 3.17327,
	3.11707 3.17225,
	3.12263 3.17327,
	3.12766 3.17622,
	3.13164 3.18082,
	3.1342 3.18661,
	3.13508 3.19303,
	3.1342 3.19946,
	3.13164 3.20525,
	3.12766 3.20985,
	3.12263 3.2128,
	3.11707 3.21382,
	3.1115 3.2128,
	3.10648 3.20985,
	3.10249 3.20525,
	"/>
<Contour name="Ea2(v1118)" hidden="false" closed="true" simplified="true" border="0.611765 0.27451 0.643137" fill="0.458824 0.729412 1" mode="9"
 points="2.76649 3.31636,
	2.7675 3.30951,
	2.77046 3.30333,
	2.77505 3.29842,
	2.78085 3.29528,
	2.78727 3.29419,
	2.79369 3.29528,
	2.79949 3.29842,
	2.80409 3.30333,
	2.80704 3.30951,
	2.80806 3.31636,
	2.80704 3.32321,
	2.80409 3.32939,
	2.79949 3.3343,
	2.79369 3.33745,
	2.78727 3.33853,
	2.78085 3.33745,
	2.77505 3.3343,
	2.77046 3.32939,
	"/>
<Contour name="Ea2(v1119)" hidden="false" closed="true" simplified="true" border="0.611765 0.27451 0.643137" fill="0.458824 0.729412 1" mode="9"
 points="2.7166 3.30666,
	2.71752 3.29938,
	2.72017 3.29282,
	2.72431 3.2876,
	2.72953 3.28426,
	2.73531 3.2831,
	2.74109 3.28426,
	2.7463 3.2876,
	2.75044 3.29282,
	2.7531 3.29938,
	2.75401 3.30666,
	2.7531 3.31394,
	2.75044 3.32051,
	2.7463 3.32572,
	2.74109 3.32907,
	2.73531 3.33022,
	2.72953 3.32907,
	2.72431 3.32572,
	2.72017 3.32051,
	"/>
<Contour name="Ea2(v1120)" hidden="false" closed="true" simplified="true" border="0.611765 0.27451 0.643137" fill="0.458824 0.729412 1" mode="9"
 points="2.71383 3.24569,
	2.71491 3.23927,
	2.71806 3.23347,
	2.72297 3.22888,
	2.72915 3.22592,
	2.736 3.22491,
	2.74285 3.22592,
	2.74903 3.22888,
	2.75394 3.23347,
	2.75709 3.23927,
	2.75817 3.24569,
	2.75709 3.25211,
	2.75394 3.25791,
	2.74903 3.26251,
	2.74285 3.26546,
	2.736 3.26648,
	2.72915 3.26546,
	2.72297 3.26251,
	2.71806 3.25791,
	"/>
<Contour name="Ea2(v1121)" hidden="false" closed="true" simplified="true" border="0.611765 0.27451 0.643137" fill="0.458824 0.729412 1" mode="9"
 points="2.76926 3.25401,
	2.77034 3.24673,
	2.77349 3.24016,
	2.7784 3.23495,
	2.78458 3.2316,
	2.79143 3.23045,
	2.79828 3.2316,
	2.80446 3.23495,
	2.80937 3.24016,
	2.81251 3.24673,
	2.8136 3.25401,
	2.81251 3.26128,
	2.80937 3.26785,
	2.80446 3.27306,
	2.79828 3.27641,
	2.79143 3.27756,
	2.78458 3.27641,
	2.7784 3.27306,
	2.77349 3.26785,
	"/>
</Transform>

<Transform dim="0"
 xcoef=" 0 1 0 0 0 0"
 ycoef=" 0 0 1 0 0 0">
<Contour name="Ea4(v288)" hidden="false" closed="true" simplified="true" border="0.612 0.275 0.643" fill="0.459 0.729 1" mode="9"
 points="4.25418 5.20745,
	4.25526 5.20102,
	4.25839 5.19522,
	4.26326 5.19062,
	4.2694 5.18766,
	4.27621 5.18665,
	4.28302 5.18766,
	4.28916 5.19062,
	4.29403 5.19522,
	4.29716 5.20102,
	4.29824 5.20745,
	4.29716 5.21388,
	4.29403 5.21968,
	4.28916 5.22428,
	4.28302 5.22724,
	4.27621 5.22825,
	4.2694 5.22724,
	4.26326 5.22428,
	4.25839 5.21968,
	"/>
<Contour name="Ea4(v289)" hidden="false" closed="true" simplified="true" border="0.612 0.275 0.643" fill="0.459 0.729 1" mode="9"
 points="4.17831 5.1328,
	4.17921 5.1275,
	4.18181 5.12273,
	4.18588 5.11894,
	4.19099 5.1165,
	4.19667 5.11567,
	4.20234 5.1165,
	4.20746 5.11894,
	4.21152 5.12273,
	4.21412 5.1275,
	4.21502 5.1328,
	4.21412 5.13809,
	4.21152 5.14287,
	4.20746 5.14666,
	4.20234 5.14909,
	4.19667 5.14993,
	4.19099 5.14909,
	4.18588 5.14666,
	4.18181 5.14287,
	"/>
<Contour name="Ea4(v290)" hidden="false" closed="true" simplified="true" border="0.612 0.275 0.643" fill="0.459 0.729 1" mode="9"
 points="4.12446 5.19399,
	4.12536 5.18869,
	4.12797 5.18392,
	4.13203 5.18013,
	4.13715 5.17769,
	4.14282 5.17686,
	4.14849 5.17769,
	4.15361 5.18013,
	4.15767 5.18392,
	4.16028 5.18869,
	4.16118 5.19399,
	4.16028 5.19928,
	4.15767 5.20406,
	4.15361 5.20785,
	4.14849 5.21028,
	4.14282 5.21112,
	4.13715 5.21028,
	4.13203 5.20785,
	4.12797 5.20406,
	"/>
<Contour name="Ea4(v291)" hidden="false" closed="true" simplified="true" border="0.612 0.275 0.643" fill="0.459 0.729 1" mode="9"
 points="4.00453 5.21112,
	4.00567 5.20507,
	4.00897 5.19961,
	4.01412 5.19528,
	4.0206 5.1925,
	4.02778 5.19154,
	4.03497 5.1925,
	4.04145 5.19528,
	4.04659 5.19961,
	4.0499 5.20507,
	4.05104 5.21112,
	4.0499 5.21717,
	4.04659 5.22263,
	4.04145 5.22696,
	4.03497 5.22974,
	4.02778 5.2307,
	4.0206 5.22974,
	4.01412 5.22696,
	4.00897 5.22263,
	"/>
<Contour name="Ea4(v292)" hidden="false" closed="true" simplified="true" border="0.612 0.275 0.643" fill="0.459 0.729 1" mode="9"
 points="4.03635 5.0814,
	4.03707 5.07611,
	4.03915 5.07133,
	4.0424 5.06754,
	4.0465 5.06511,
	4.05104 5.06427,
	4.05557 5.06511,
	4.05967 5.06754,
	4.06292 5.07133,
	4.065 5.07611,
	4.06572 5.0814,
	4.065 5.08669,
	4.06292 5.09147,
	4.05967 5.09526,
	4.05557 5.09769,
	4.05104 5.09853,
	4.0465 5.09769,
	4.0424 5.09526,
	4.03915 5.09147,
	"/>
<Contour name="Ea4(v293)" hidden="false" closed="true" simplified="true" border="0.612 0.275 0.643" fill="0.459 0.729 1" mode="9"
 points="3.98006 5.04591,
	3.98089 5.03948,
	3.98333 5.03368,
	3.98712 5.02908,
	3.99189 5.02612,
	3.99719 5.02511,
	4.00248 5.02612,
	4.00726 5.02908,
	4.01105 5.03368,
	4.01348 5.03948,
	4.01432 5.04591,
	4.01348 5.05234,
	4.01105 5.05814,
	4.00726 5.06274,
	4.00248 5.0657,
	3.99719 5.06671,
	3.99189 5.0657,
	3.98712 5.06274,
	3.98333 5.05814,
	"/>
<Contour name="Ea4(v294)" hidden="false" closed="true" simplified="true" border="0.612 0.275 0.643" fill="0.459 0.729 1" mode="9"
 points="3.94334 4.97003,
	3.94424 4.96436,
	3.94685 4.95925,
	3.95091 4.95518,
	3.95603 4.95258,
	3.9617 4.95168,
	3.96737 4.95258,
	3.97249 4.95518,
	3.97655 4.95925,
	3.97916 4.96436,
	3.98006 4.97003,
	3.97916 4.97571,
	3.97655 4.98082,
	3.97249 4.98489,
	3.96737 4.98749,
	3.9617 4.98839,
	3.95603 4.98749,
	3.95091 4.98489,
	3.94685 4.98082,
	"/>
<Contour name="Ea4(v295)" hidden="false" closed="true" simplified="true" border="0.612 0.275 0.643" fill="0.459 0.729 1" mode="9"
 points="3.86991 4.94678,
	3.87081 4.94224,
	3.87342 4.93815,
	3.87748 4.9349,
	3.8826 4.93282,
	3.88827 4.9321,
	3.89394 4.93282,
	3.89906 4.9349,
	3.90312 4.93815,
	3.90573 4.94224,
	3.90663 4.94678,
	3.90573 4.95132,
	3.90312 4.95541,
	3.89906 4.95866,
	3.89394 4.96075,
	3.88827 4.96147,
	3.8826 4.96075,
	3.87748 4.95866,
	3.87342 4.95541,
	"/>
<Contour name="Ea4(v296)" hidden="false" closed="true" simplified="true" border="0.612 0.275 0.643" fill="0.459 0.729 1" mode="9"
 points="3.72061 5.02266,
	3.72145 5.01736,
	3.72388 5.01259,
	3.72767 5.0088,
	3.73245 5.00636,
	3.73775 5.00552,
	3.74304 5.00636,
	3.74782 5.0088,
	3.75161 5.01259,
	3.75404 5.01736,
	3.75488 5.02266,
	3.75404 5.02795,
	3.75161 5.03273,
	3.74782 5.03652,
	3.74304 5.03895,
	3.73775 5.03979,
	3.73245 5.03895,
	3.72767 5.03652,
	3.72388 5.03273,
	"/>
<Contour name="Ea4(v297)" hidden="false" closed="true" simplified="true" border="0.612 0.275 0.643" fill="0.459 0.729 1" mode="9"
 points="3.75733 5.00797,
	3.75816 5.00268,
	3.7606 4.9979,
	3.76439 4.99411,
	3.76916 4.99168,
	3.77446 4.99084,
	3.77975 4.99168,
	3.78453 4.99411,
	3.78832 4.9979,
	3.79075 5.00268,
	3.79159 5.00797,
	3.79075 5.01327,
	3.78832 5.01804,
	3.78453 5.02183,
	3.77975 5.02427,
	3.77446 5.02511,
	3.76916 5.02427,
	3.76439 5.02183,
	3.7606 5.01804,
	"/>
<Contour name="Ea4(v298)" hidden="false" closed="true" simplified="true" border="0.612 0.275 0.643" fill="0.459 0.729 1" mode="9"
 points="3.95803 5.18175,
	3.95881 5.17646,
	3.96107 5.17168,
	3.96459 5.16789,
	3.96902 5.16546,
	3.97394 5.16462,
	3.97885 5.16546,
	3.98329 5.16789,
	3.98681 5.17168,
	3.98907 5.17646,
	3.98985 5.18175,
	3.98907 5.18704,
	3.98681 5.19182,
	3.98329 5.19561,
	3.97885 5.19804,
	3.97394 5.19888,
	3.96902 5.19804,
	3.96459 5.19561,
	3.96107 5.19182,
	"/>
<Contour name="Ea4(v299)" hidden="false" closed="true" simplified="true" border="0.612 0.275 0.643" fill="0.459 0.729 1" mode="9"
 points="3.9311 5.12423,
	3.93194 5.11856,
	3.93438 5.11344,
	3.93817 5.10938,
	3.94294 5.10677,
	3.94824 5.10588,
	3.95353 5.10677,
	3.95831 5.10938,
	3.9621 5.11344,
	3.96453 5.11856,
	3.96537 5.12423,
	3.96453 5.1299,
	3.9621 5.13502,
	3.95831 5.13908,
	3.95353 5.14169,
	3.94824 5.14259,
	3.94294 5.14169,
	3.93817 5.13908,
	3.93438 5.13502,
	"/>
<Contour name="Ea4(v300)" hidden="false" closed="true" simplified="true" border="0.612 0.275 0.643" fill="0.459 0.729 1" mode="9"
 points="3.89439 5.07895,
	3.89517 5.07441,
	3.89743 5.07032,
	3.90095 5.06707,
	3.90538 5.06499,
	3.9103 5.06427,
	3.91522 5.06499,
	3.91965 5.06707,
	3.92317 5.07032,
	3.92543 5.07441,
	3.92621 5.07895,
	3.92543 5.08349,
	3.92317 5.08758,
	3.91965 5.09083,
	3.91522 5.09292,
	3.9103 5.09364,
	3.90538 5.09292,
	3.90095 5.09083,
	3.89743 5.08758,
	"/>
<Contour name="Ea4(v301)" hidden="false" closed="true" simplified="true" border="0.612 0.275 0.643" fill="0.459 0.729 1" mode="9"
 points="3.74754 4.95045,
	3.74837 4.94478,
	3.75081 4.93966,
	3.7546 4.9356,
	3.75937 4.933,
	3.76467 4.9321,
	3.76996 4.933,
	3.77474 4.9356,
	3.77853 4.93966,
	3.78096 4.94478,
	3.7818 4.95045,
	3.78096 4.95613,
	3.77853 4.96124,
	3.77474 4.96531,
	3.76996 4.96791,
	3.76467 4.96881,
	3.75937 4.96791,
	3.7546 4.96531,
	3.75081 4.96124,
	"/>
<Contour name="Ea4(v302)" hidden="false" closed="true" simplified="true" border="0.612 0.275 0.643" fill="0.459 0.729 1" mode="9"
 points="3.71327 4.92353,
	3.71405 4.91786,
	3.71631 4.91274,
	3.71983 4.90868,
	3.72426 4.90607,
	3.72918 4.90517,
	3.7341 4.90607,
	3.73853 4.90868,
	3.74205 4.91274,
	3.74431 4.91786,
	3.74509 4.92353,
	3.74431 4.9292,
	3.74205 4.93432,
	3.73853 4.93838,
	3.7341 4.94099,
	3.72918 4.94189,
	3.72426 4.94099,
	3.71983 4.93838,
	3.71631 4.93432,
	"/>
<Contour name="Ea4(v303)" hidden="false" closed="true" simplified="true" border="0.612 0.275 0.643" fill="0.459 0.729 1" mode="9"
 points="3.57988 5.03245,
	3.58066 5.02715,
	3.58292 5.02238,
	3.58643 5.01859,
	3.59087 5.01615,
	3.59579 5.01532,
	3.6007 5.01615,
	3.60514 5.01859,
	3.60866 5.02238,
	3.61092 5.02715,
	3.6117 5.03245,
	3.61092 5.03774,
	3.60866 5.04252,
	3.60514 5.04631,
	3.6007 5.04874,
	3.59579 5.04958,
	3.59087 5.04874,
	3.58643 5.04631,
	3.58292 5.04252,
	"/>
<Contour name="Ea4(v304)" hidden="false" closed="true" simplified="true" border="0.612 0.275 0.643" fill="0.459 0.729 1" mode="9"
 points="3.52114 5.0043,
	3.52197 4.99863,
	3.52441 4.99351,
	3.5282 4.98945,
	3.53297 4.98684,
	3.53827 4.98594,
	3.54356 4.98684,
	3.54834 4.98945,
	3.55213 4.99351,
	3.55456 4.99863,
	3.5554 5.0043,
	3.55456 5.00997,
	3.55213 5.01509,
	3.54834 5.01915,
	3.54356 5.02176,
	3.53827 5.02266,
	3.53297 5.02176,
	3.5282 5.01915,
	3.52441 5.01509,
	"/>
<Contour name="Ea4(v305)" hidden="false" closed="true" simplified="true" border="0.612 0.275 0.643" fill="0.459 0.729 1" mode="9"
 points="3.36204 4.87703,
	3.36294 4.87135,
	3.36555 4.86624,
	3.36961 4.86218,
	3.37473 4.85957,
	3.3804 4.85867,
	3.38607 4.85957,
	3.39119 4.86218,
	3.39525 4.86624,
	3.39786 4.87135,
	3.39876 4.87703,
	3.39786 4.8827,
	3.39525 4.88782,
	3.39119 4.89188,
	3.38607 4.89449,
	3.3804 4.89538,
	3.37473 4.89449,
	3.36961 4.89188,
	3.36555 4.88782,
	"/>
<Contour name="Ea4(v306)" hidden="false" closed="true" simplified="true" border="0.612 0.275 0.643" fill="0.459 0.729 1" mode="9"
 points="3.4012 4.855,
	3.40198 4.84857,
	3.40424 4.84277,
	3.40776 4.83817,
	3.4122 4.83521,
	3.41711 4.83419,
	3.42203 4.83521,
	3.42646 4.83817,
	3.42998 4.84277,
	3.43224 4.84857,
	3.43302 4.855,
	3.43224 4.86143,
	3.42998 4.86723,
	3.42646 4.87183,
	3.42203 4.87479,
	3.41711 4.8758,
	3.4122 4.87479,
	3.40776 4.87183,
	3.40424 4.86723,
	"/>
<Contour name="Ea4(v307)" hidden="false" closed="true" simplified="true" border="0.612 0.275 0.643" fill="0.459 0.729 1" mode="9"
 points="3.3596 4.79259,
	3.36055 4.78654,
	3.36333 4.78108,
	3.36767 4.77674,
	3.37313 4.77396,
	3.37918 4.77301,
	3.38523 4.77396,
	3.39069 4.77674,
	3.39502 4.78108,
	3.3978 4.78654,
	3.39876 4.79259,
	3.3978 4.79864,
	3.39502 4.8041,
	3.39069 4.80843,
	3.38523 4.81121,
	3.37918 4.81217,
	3.37313 4.81121,
	3.36767 4.80843,
	3.36333 4.8041,
	"/>
<Contour name="Ea4(v308)" hidden="false" closed="true" simplified="true" border="0.612 0.275 0.643" fill="0.459 0.729 1" mode="9"
 points="3.3596 4.72895,
	3.36043 4.7229,
	3.36287 4.71744,
	3.36666 4.71311,
	3.37143 4.71033,
	3.37673 4.70937,
	3.38202 4.71033,
	3.3868 4.71311,
	3.39059 4.71744,
	3.39302 4.7229,
	3.39386 4.72895,
	3.39302 4.735,
	3.39059 4.74046,
	3.3868 4.74479,
	3.38202 4.74757,
	3.37673 4.74853,
	3.37143 4.74757,
	3.36666 4.74479,
	3.36287 4.74046,
	"/>
<Contour name="Ea4(v309)" hidden="false" closed="true" simplified="true" border="0.612 0.275 0.643" fill="0.459 0.729 1" mode="9"
 points="3.4012 4.69958,
	3.40198 4.69353,
	3.40424 4.68807,
	3.40776 4.68374,
	3.4122 4.68096,
	3.41711 4.68,
	3.42203 4.68096,
	3.42646 4.68374,
	3.42998 4.68807,
	3.43224 4.69353,
	3.43302 4.69958,
	3.43224 4.70563,
	3.42998 4.71109,
	3.42646 4.71542,
	3.42203 4.7182,
	3.41711 4.71916,
	3.4122 4.7182,
	3.40776 4.71542,
	3.40424 4.71109,
	"/>
</Transform>

<Transform dim="0"
 xcoef=" 0 1 0 0 0 0"
 ycoef=" 0 0 1 0 0 0">
<Contour name="Ea4(v315)" hidden="false" closed="true" simplified="true" border="0.612 0.275 0.643" fill="0.459 0.729 1" mode="9"
 points="3.78928 5.06678,
	3.79028 5.06096,
	3.7932 5.05571,
	3.79774 5.05154,
	3.80347 5.04887,
	3.80982 5.04794,
	3.81617 5.04887,
	3.8219 5.05154,
	3.82644 5.05571,
	3.82936 5.06096,
	3.83036 5.06678,
	3.82936 5.0726,
	3.82644 5.07785,
	3.8219 5.08201,
	3.81617 5.08469,
	3.80982 5.08561,
	3.80347 5.08469,
	3.79774 5.08201,
	3.7932 5.07785,
	"/>
<Contour name="Ea4(v316)" hidden="false" closed="true" simplified="true" border="0.612 0.275 0.643" fill="0.459 0.729 1" mode="9"
 points="3.85091 5.10102,
	3.85175 5.0952,
	3.85418 5.08995,
	3.85797 5.08578,
	3.86274 5.08311,
	3.86803 5.08218,
	3.87332 5.08311,
	3.87809 5.08578,
	3.88188 5.08995,
	3.88431 5.0952,
	3.88515 5.10102,
	3.88431 5.10684,
	3.88188 5.11209,
	3.87809 5.11625,
	3.87332 5.11893,
	3.86803 5.11985,
	3.86274 5.11893,
	3.85797 5.11625,
	3.85418 5.11209,
	"/>
<Contour name="Ea4(v318)" hidden="false" closed="true" simplified="true" border="0.612 0.275 0.643" fill="0.459 0.729 1" mode="9"
 points="3.90569 5.17635,
	3.90661 5.16947,
	3.90929 5.16326,
	3.91346 5.15834,
	3.91871 5.15518,
	3.92453 5.15409,
	3.93034 5.15518,
	3.93559 5.15834,
	3.93976 5.16326,
	3.94244 5.16947,
	3.94336 5.17635,
	3.94244 5.18322,
	3.93976 5.18943,
	3.93559 5.19435,
	3.93034 5.19751,
	3.92453 5.1986,
	3.91871 5.19751,
	3.91346 5.19435,
	3.90929 5.18943,
	"/>
<Contour name="Ea4(v319)" hidden="false" closed="true" simplified="true" border="0.612 0.275 0.643" fill="0.459 0.729 1" mode="9"
 points="3.8646 5.05137,
	3.86544 5.04608,
	3.86787 5.04131,
	3.87166 5.03752,
	3.87643 5.03509,
	3.88172 5.03425,
	3.88702 5.03509,
	3.89179 5.03752,
	3.89558 5.04131,
	3.89801 5.04608,
	3.89885 5.05137,
	3.89801 5.05666,
	3.89558 5.06143,
	3.89179 5.06522,
	3.88702 5.06765,
	3.88172 5.06849,
	3.87643 5.06765,
	3.87166 5.06522,
	3.86787 5.06143,
	"/>
<Contour name="Ea4(v320)" hidden="false" closed="true" simplified="true" border="0.612 0.275 0.643" fill="0.459 0.729 1" mode="9"
 points="3.81667 5.02398,
	3.81767 5.01763,
	3.82059 5.0119,
	3.82514 5.00736,
	3.83086 5.00444,
	3.83721 5.00343,
	3.84356 5.00444,
	3.84929 5.00736,
	3.85383 5.0119,
	3.85675 5.01763,
	3.85776 5.02398,
	3.85675 5.03032,
	3.85383 5.03605,
	3.84929 5.0406,
	3.84356 5.04351,
	3.83721 5.04452,
	3.83086 5.04351,
	3.82514 5.0406,
	3.82059 5.03605,
	"/>
<Contour name="Ea4(v321)" hidden="false" closed="true" simplified="true" border="0.612 0.275 0.643" fill="0.459 0.729 1" mode="9"
 points="3.78585 5.12499,
	3.78677 5.11917,
	3.78945 5.11392,
	3.79361 5.10975,
	3.79886 5.10707,
	3.80468 5.10615,
	3.8105 5.10707,
	3.81575 5.10975,
	3.81992 5.11392,
	3.82259 5.11917,
	3.82352 5.12499,
	3.82259 5.1308,
	3.81992 5.13605,
	3.81575 5.14022,
	3.8105 5.1429,
	3.80468 5.14382,
	3.79886 5.1429,
	3.79361 5.14022,
	3.78945 5.13605,
	"/>
</Transform>

<Transform dim="0"
 xcoef=" 0 1 0 0 0 0"
 ycoef=" 0 0 1 0 0 0">
<Contour name="Ea4(v442)" hidden="false" closed="true" simplified="true" border="0.612 0.275 0.643" fill="0.459 0.729 1" mode="9"
 points="3.8851 5.00712,
	3.88632 4.99937,
	3.88989 4.99238,
	3.89543 4.98683,
	3.90242 4.98327,
	3.91017 4.98204,
	3.91792 4.98327,
	3.92491 4.98683,
	3.93046 4.99238,
	3.93402 4.99937,
	3.93525 5.00712,
	3.93402 5.01486,
	3.93046 5.02186,
	3.92491 5.0274,
	3.91792 5.03097,
	3.91017 5.03219,
	3.90242 5.03097,
	3.89543 5.0274,
	3.88989 5.02186,
	"/>
<Contour name="Ea4(v443)" hidden="false" closed="true" simplified="true" border="0.612 0.275 0.643" fill="0.459 0.729 1" mode="9"
 points="3.73129 5.09405,
	3.7326 5.0863,
	3.7364 5.07931,
	3.74231 5.07376,
	3.74977 5.0702,
	3.75804 5.06897,
	3.7663 5.0702,
	3.77376 5.07376,
	3.77968 5.07931,
	3.78348 5.0863,
	3.78479 5.09405,
	3.78348 5.1018,
	3.77968 5.10879,
	3.77376 5.11434,
	3.7663 5.1179,
	3.75804 5.11913,
	3.74977 5.1179,
	3.74231 5.11434,
	3.7364 5.10879,
	"/>
<Contour name="Ea4(v444)" hidden="false" closed="true" simplified="true" border="0.612 0.275 0.643" fill="0.459 0.729 1" mode="9"
 points="3.7012 4.97201,
	3.70218 4.96581,
	3.70503 4.96022,
	3.70947 4.95578,
	3.71506 4.95293,
	3.72126 4.95195,
	3.72746 4.95293,
	3.73305 4.95578,
	3.73749 4.96022,
	3.74034 4.96581,
	3.74132 4.97201,
	3.74034 4.97821,
	3.73749 4.9838,
	3.73305 4.98824,
	3.72746 4.99109,
	3.72126 4.99207,
	3.71506 4.99109,
	3.70947 4.98824,
	3.70503 4.9838,
	"/>
<Contour name="Ea4(v445)" hidden="false" closed="true" simplified="true" border="0.612 0.275 0.643" fill="0.459 0.729 1" mode="9"
 points="3.62764 5.05393,
	3.62886 5.04721,
	3.63242 5.04115,
	3.63797 5.03634,
	3.64496 5.03326,
	3.65271 5.03219,
	3.66046 5.03326,
	3.66745 5.03634,
	3.673 5.04115,
	3.67656 5.04721,
	3.67779 5.05393,
	3.67656 5.06064,
	3.673 5.0667,
	3.66745 5.07151,
	3.66046 5.0746,
	3.65271 5.07566,
	3.64496 5.0746,
	3.63797 5.07151,
	3.63242 5.0667,
	"/>
<Contour name="Ea4(v446)" hidden="false" closed="true" simplified="true" border="0.612 0.275 0.643" fill="0.459 0.729 1" mode="9"
 points="3.45042 4.95362,
	3.45165 4.94587,
	3.45521 4.93888,
	3.46076 4.93333,
	3.46775 4.92977,
	3.4755 4.92854,
	3.48325 4.92977,
	3.49024 4.93333,
	3.49579 4.93888,
	3.49935 4.94587,
	3.50058 4.95362,
	3.49935 4.96137,
	3.49579 4.96836,
	3.49024 4.97391,
	3.48325 4.97747,
	3.4755 4.97869,
	3.46775 4.97747,
	3.46076 4.97391,
	3.45521 4.96836,
	"/>
</Transform>

<Transform dim="0"
 xcoef=" 0 1 0 0 0 0"
 ycoef=" 0 0 1 0 0 0">
<Contour name="Ea4(endo2)" hidden="false" closed="true" simplified="true" border="1 1 0" fill="1 1 1" mode="9"
 points="3.48796 4.56213,
	3.48983 4.55963,
	3.49108 4.5587,
	3.49232 4.5587,
	3.49482 4.55995,
	3.50074 4.55963,
	3.50198 4.55901,
	3.50323 4.55776,
	3.50385 4.55714,
	3.50479 4.55215,
	3.50448 4.54717,
	3.50417 4.54592,
	3.50385 4.5453,
	3.50448 4.5428,
	3.50448 4.53782,
	3.50292 4.53532,
	3.50074 4.53283,
	3.49824 4.52784,
	3.49482 4.51787,
	3.49326 4.51288,
	3.49419 4.50291,
	3.49637 4.49792,
	3.51632 4.48763,
	3.51882 4.48639,
	3.51944 4.48607,
	3.52941 4.49106,
	3.5344 4.49356,
	3.53721 4.49854,
	3.53814 4.50852,
	3.53783 4.5135,
	3.52848 4.53345,
	3.5238 4.54343,
	3.52131 4.54841,
	3.51975 4.55091,
	3.5157 4.55589,
	3.51321 4.56088,
	3.51258 4.56213,
	3.51165 4.56711,
	3.50697 4.57709,
	3.50635 4.57834,
	3.50385 4.57958,
	3.50261 4.57989,
	3.50011 4.57896,
	3.49513 4.57491,
	3.49263 4.57366,
	3.49014 4.57148,
	3.48858 4.56898,
	3.48796 4.564,
	3.48796 4.56275,
	3.48796 4.56244,
	"/>
</Transform>

<Transform dim="0"
 xcoef=" 0 1 0 0 0 0"
 ycoef=" 0 0 1 0 0 0">
<Contour name="Ea4(v451)" hidden="false" closed="true" simplified="true" border="0.612 0.275 0.643" fill="0.459 0.729 1" mode="9"
 points="3.41773 4.99021,
	3.41869 4.98368,
	3.42146 4.97779,
	3.42577 4.97312,
	3.43121 4.97012,
	3.43723 4.96909,
	3.44326 4.97012,
	3.4487 4.97312,
	3.45301 4.97779,
	3.45578 4.98368,
	3.45674 4.99021,
	3.45578 4.99674,
	3.45301 5.00263,
	3.4487 5.00731,
	3.44326 5.01031,
	3.43723 5.01134,
	3.43121 5.01031,
	3.42577 5.00731,
	3.42146 5.00263,
	"/>
<Contour name="Ea4(v452)" hidden="false" closed="true" simplified="true" border="0.612 0.275 0.643" fill="0.459 0.729 1" mode="9"
 points="3.31697 4.83744,
	3.31792 4.83092,
	3.32069 4.82503,
	3.32501 4.82035,
	3.33044 4.81735,
	3.33647 4.81632,
	3.3425 4.81735,
	3.34793 4.82035,
	3.35225 4.82503,
	3.35502 4.83092,
	3.35597 4.83744,
	3.35502 4.84397,
	3.35225 4.84986,
	3.34793 4.85454,
	3.3425 4.85754,
	3.33647 4.85857,
	3.33044 4.85754,
	3.32501 4.85454,
	3.32069 4.84986,
	"/>
<Contour name="Ea4(v453)" hidden="false" closed="true" simplified="true" border="0.612 0.275 0.643" fill="0.459 0.729 1" mode="9"
 points="3.30397 4.76594,
	3.30476 4.76041,
	3.30707 4.75543,
	3.31067 4.75147,
	3.3152 4.74893,
	3.32022 4.74806,
	3.32524 4.74893,
	3.32977 4.75147,
	3.33337 4.75543,
	3.33568 4.76041,
	3.33647 4.76594,
	3.33568 4.77146,
	3.33337 4.77644,
	3.32977 4.7804,
	3.32524 4.78294,
	3.32022 4.78381,
	3.3152 4.78294,
	3.31067 4.7804,
	3.30707 4.77644,
	"/>
<Contour name="Ea4(v454)" hidden="false" closed="true" simplified="true" border="0.612 0.275 0.643" fill="0.459 0.729 1" mode="9"
 points="4.04831 5.03084,
	4.04918 5.02482,
	4.05172 5.01938,
	4.05568 5.01507,
	4.06066 5.0123,
	4.06618 5.01134,
	4.07171 5.0123,
	4.07669 5.01507,
	4.08065 5.01938,
	4.08319 5.02482,
	4.08406 5.03084,
	4.08319 5.03687,
	4.08065 5.04231,
	4.07669 5.04662,
	4.07171 5.04939,
	4.06618 5.05035,
	4.06066 5.04939,
	4.05568 5.04662,
	4.05172 5.04231,
	"/>
<Contour name="Ea4(v455)" hidden="false" closed="true" simplified="true" border="0.612 0.275 0.643" fill="0.459 0.729 1" mode="9"
 points="3.7964 4.97234,
	3.79744 4.9653,
	3.80044 4.95896,
	3.80511 4.95393,
	3.811 4.9507,
	3.81753 4.94958,
	3.82406 4.9507,
	3.82995 4.95393,
	3.83462 4.95896,
	3.83762 4.9653,
	3.83866 4.97234,
	3.83762 4.97937,
	3.83462 4.98571,
	3.82995 4.99074,
	3.82406 4.99397,
	3.81753 4.99509,
	3.811 4.99397,
	3.80511 4.99074,
	3.80044 4.98571,
	"/>
</Transform>

<Transform dim="0"
 xcoef=" 0 1 0 0 0 0"
 ycoef=" 0 0 1 0 0 0">
<Contour name="Ea5(ER)" hidden="false" closed="true" simplified="true" border="0 0.882 0.882" fill="0.502 1 1" mode="9"
 points="1.75856 5.34093,
	1.75951 5.33335,
	1.76093 5.33145,
	1.76188 5.3305,
	1.76283 5.3305,
	1.76472 5.3286,
	1.76567 5.32765,
	1.76662 5.32765,
	1.76947 5.32386,
	1.77136 5.32196,
	1.77184 5.32007,
	1.77421 5.31627,
	1.7761 5.30868,
	1.778 5.29351,
	1.77848 5.28972,
	1.78227 5.28213,
	1.78606 5.27881,
	1.79365 5.27549,
	1.79934 5.2679,
	1.80077 5.266,
	1.80266 5.25841,
	1.80409 5.25462,
	1.80314 5.24703,
	1.79934 5.23944,
	1.7946 5.23186,
	1.79318 5.22427,
	1.79365 5.21668,
	1.79507 5.20909,
	1.79507 5.2072,
	1.79697 5.2034,
	1.80314 5.19581,
	1.81167 5.18064,
	1.81167 5.17684,
	1.81215 5.17495,
	1.81404 5.17352,
	1.81784 5.17305,
	1.82163 5.174,
	1.82306 5.17495,
	1.82637 5.18253,
	1.82875 5.19012,
	1.83254 5.19771,
	1.83349 5.2053,
	1.83396 5.22047,
	1.83444 5.22806,
	1.83349 5.24324,
	1.83112 5.25841,
	1.83112 5.26221,
	1.82685 5.2698,
	1.82116 5.27738,
	1.81736 5.28118,
	1.80978 5.28734,
	1.80266 5.30252,
	1.80219 5.30442,
	1.80456 5.31959,
	1.80883 5.33477,
	1.81594 5.34994,
	1.81736 5.35326,
	1.81736 5.35516,
	1.81594 5.35896,
	1.81357 5.36275,
	1.80598 5.36939,
	1.79839 5.37223,
	1.79081 5.37366,
	1.78701 5.37413,
	1.78322 5.37366,
	1.77942 5.37223,
	1.77753 5.37176,
	1.76994 5.36465,
	1.76472 5.35706,
	1.75856 5.34188,
	1.75856 5.34141,
	"/>
</Transform>

<Transform dim="0"
 xcoef=" 0 1 0 0 0 0"
 ycoef=" 0 0 1 0 0 0">
<Contour name="Ea2(ER)" hidden="false" closed="true" simplified="true" border="0.607843 0.768627 0.956863" fill="0.733333 0.752941 0.94902" mode="9"
 points="2.70323 2.76928,
	2.70581 2.75277,
	2.70994 2.74864,
	2.71459 2.7569,
	2.71768 2.76515,
	2.72026 2.76928,
	2.72852 2.7765,
	2.73677 2.78218,
	2.73884 2.78373,
	2.75535 2.78734,
	2.75741 2.78786,
	2.76567 2.79405,
	2.76825 2.8023,
	2.7698 2.80643,
	2.77238 2.81056,
	2.78837 2.82552,
	2.7925 2.82913,
	2.79714 2.83739,
	2.8023 2.8539,
	2.80695 2.86216,
	2.82139 2.87867,
	2.83791 2.89518,
	2.85287 2.91169,
	2.85751 2.91995,
	2.85803 2.9282,
	2.85442 2.93233,
	2.85235 2.9344,
	2.84823 2.93336,
	2.84616 2.93285,
	2.83791 2.92614,
	2.82965 2.9184,
	2.82139 2.91169,
	2.81314 2.90344,
	2.80901 2.89931,
	2.80695 2.89724,
	2.80488 2.89312,
	2.79663 2.88589,
	2.78837 2.8797,
	2.78063 2.87248,
	2.76876 2.85597,
	2.76722 2.85184,
	2.76567 2.84358,
	2.76515 2.83945,
	2.7636 2.83533,
	2.75587 2.82707,
	2.75225 2.82294,
	2.744 2.81727,
	2.73987 2.81417,
	2.72336 2.8054,
	2.71923 2.80282,
	2.71562 2.79921,
	2.70478 2.7827,
	2.70375 2.77857,
	2.70323 2.77031,
	2.70323 2.7698,
	"/>
</Transform>

<Transform dim="0"
 xcoef=" 0 1 0 0 0 0"
 ycoef=" 0 0 1 0 0 0">
<Contour name="Ea4(ER)" hidden="false" closed="true" simplified="true" border="0.580392 0.988235 0.87451" fill="0.733 0.753 0.949" mode="9"
 points="3.71415 4.82991,
	3.71631 4.82127,
	3.71631 4.81912,
	3.72494 4.8148,
	3.74221 4.81372,
	3.75947 4.81696,
	3.7681 4.82019,
	3.77674 4.82559,
	3.78753 4.84285,
	3.80263 4.86012,
	3.81127 4.86228,
	3.8145 4.86552,
	3.81882 4.86659,
	3.82637 4.87415,
	3.82853 4.87846,
	3.82745 4.89573,
	3.82529 4.90005,
	3.82098 4.90436,
	3.81235 4.90436,
	3.80371 4.9022,
	3.79508 4.89789,
	3.79076 4.89573,
	3.78321 4.8871,
	3.76702 4.87523,
	3.75839 4.87091,
	3.74329 4.85472,
	3.72602 4.8407,
	3.71739 4.83422,
	3.71415 4.83099,
	"/>
<Contour name="Ea4(ER)" hidden="false" closed="true" simplified="true" border="0.580392 0.988235 0.87451" fill="0.733 0.753 0.949" mode="9"
 points="3.94382 5.0344,
	3.94484 5.03031,
	3.94535 5.02827,
	3.95353 5.02827,
	3.95762 5.02878,
	3.96171 5.03184,
	3.96324 5.03389,
	3.96324 5.04207,
	3.96426 5.04615,
	3.96988 5.05433,
	3.97806 5.06097,
	3.98215 5.06353,
	3.98624 5.06762,
	3.98828 5.06966,
	3.98879 5.07784,
	3.98879 5.07988,
	3.99697 5.08806,
	4.00004 5.09215,
	4.00259 5.10032,
	4.00719 5.1085,
	4.01383 5.11668,
	4.02508 5.13303,
	4.03121 5.14121,
	4.03632 5.14938,
	4.03734 5.15143,
	4.04552 5.15807,
	4.04961 5.16165,
	4.06596 5.16983,
	4.06801 5.17085,
	4.07209 5.17494,
	4.08845 5.18516,
	4.09662 5.18925,
	4.1048 5.1964,
	4.11196 5.20458,
	4.11604 5.20867,
	4.12218 5.21684,
	4.12524 5.22093,
	4.13342 5.22809,
	4.13751 5.23013,
	4.15386 5.23371,
	4.17021 5.23473,
	4.18657 5.23831,
	4.20292 5.23984,
	4.20701 5.24035,
	4.21519 5.23933,
	4.22336 5.24035,
	4.23972 5.24648,
	4.24789 5.24904,
	4.25607 5.25057,
	4.26016 5.25159,
	4.27651 5.25211,
	4.28469 5.25619,
	4.29287 5.2613,
	4.29695 5.26488,
	4.30104 5.26744,
	4.30309 5.26846,
	4.30411 5.26948,
	4.30462 5.26948,
	4.30922 5.27459,
	4.31382 5.28277,
	4.32966 5.29554,
	4.34601 5.30321,
	4.35419 5.30679,
	4.36237 5.3119,
	4.37821 5.32825,
	4.38639 5.33643,
	4.39712 5.35278,
	4.40172 5.36096,
	4.4053 5.36913,
	4.4099 5.37731,
	4.41194 5.3814,
	4.41194 5.38549,
	4.41041 5.38958,
	4.40683 5.39367,
	4.40274 5.39367,
	4.39865 5.39009,
	4.39252 5.38191,
	4.38741 5.37373,
	4.38383 5.36556,
	4.37463 5.3492,
	4.36646 5.34103,
	4.36441 5.33898,
	4.35624 5.33438,
	4.35215 5.33183,
	4.34806 5.32825,
	4.33171 5.31854,
	4.32353 5.31445,
	4.31535 5.31139,
	4.30718 5.30679,
	4.299 5.30117,
	4.29082 5.29299,
	4.28418 5.28481,
	4.28111 5.28072,
	4.27907 5.27868,
	4.27805 5.27664,
	4.26987 5.27152,
	4.26578 5.26897,
	4.26425 5.26693,
	4.25607 5.2659,
	4.25198 5.2659,
	4.25045 5.26693,
	4.24892 5.27101,
	4.2484 5.27152,
	4.26476 5.2843,
	4.26885 5.28686,
	4.28418 5.30321,
	4.28571 5.3073,
	4.28622 5.30934,
	4.28265 5.31292,
	4.2806 5.31394,
	4.27242 5.31496,
	4.26834 5.31547,
	4.26016 5.31394,
	4.24381 5.30628,
	4.23563 5.30474,
	4.23154 5.30423,
	4.22336 5.30577,
	4.20701 5.30679,
	4.19066 5.30577,
	4.1743 5.3027,
	4.16613 5.30014,
	4.14977 5.29299,
	4.13342 5.28737,
	4.12524 5.28481,
	4.10889 5.28277,
	4.10071 5.28123,
	4.09254 5.27664,
	4.08436 5.26948,
	4.07618 5.2613,
	4.0726 5.25722,
	4.06545 5.24086,
	4.06136 5.23269,
	4.06034 5.23064,
	4.06238 5.22655,
	4.06647 5.22451,
	4.06852 5.22349,
	4.06954 5.22298,
	4.07772 5.22706,
	4.0818 5.23013,
	4.09458 5.24648,
	4.09765 5.25057,
	4.09918 5.25262,
	4.11553 5.26182,
	4.12371 5.26539,
	4.13189 5.26999,
	4.14006 5.27357,
	4.14824 5.27612,
	4.15642 5.2797,
	4.1605 5.28175,
	4.16868 5.28379,
	4.17686 5.2843,
	4.18504 5.28277,
	4.19321 5.28021,
	4.19526 5.2797,
	4.19679 5.27766,
	4.1973 5.27357,
	4.19679 5.26948,
	4.1927 5.26539,
	4.18452 5.26182,
	4.17635 5.2613,
	4.14364 5.26335,
	4.13955 5.26284,
	4.13546 5.2613,
	4.11911 5.24853,
	4.10276 5.23217,
	4.091 5.21582,
	4.08538 5.20764,
	4.08283 5.20356,
	4.06647 5.19078,
	4.06238 5.18771,
	4.0583 5.18567,
	4.05012 5.18311,
	4.04194 5.17851,
	4.03377 5.17034,
	4.03019 5.16625,
	4.02201 5.15961,
	4.01435 5.15194,
	3.99135 5.11923,
	3.98624 5.11106,
	3.98317 5.10697,
	3.98215 5.10595,
	3.98011 5.09777,
	3.97653 5.08959,
	3.97193 5.08142,
	3.96631 5.07324,
	3.95813 5.06608,
	3.95046 5.05791,
	3.94689 5.04973,
	3.94535 5.04564,
	3.94433 5.0436,
	3.94382 5.03542,
	3.94382 5.03491,
	"/>
<Contour name="Ea4(ER)" hidden="false" closed="true" simplified="true" border="0.580392 0.988235 0.87451" fill="0.733 0.753 0.949" mode="9"
 points="4.24322 5.34759,
	4.24373 5.3435,
	4.24424 5.34146,
	4.24782 5.33788,
	4.24986 5.33635,
	4.25804 5.33481,
	4.26213 5.33226,
	4.26417 5.33124,
	4.27235 5.33175,
	4.27439 5.33226,
	4.28257 5.33788,
	4.28666 5.34043,
	4.29075 5.34197,
	4.29892 5.34657,
	4.30301 5.34963,
	4.31068 5.35781,
	4.31528 5.36599,
	4.33163 5.38234,
	4.33367 5.38438,
	4.34492 5.40074,
	4.35156 5.40891,
	4.35718 5.41709,
	4.35923 5.42118,
	4.36025 5.42322,
	4.36229 5.42527,
	4.36638 5.43344,
	4.36791 5.43753,
	4.37047 5.44162,
	4.37865 5.44724,
	4.395 5.46053,
	4.39858 5.46411,
	4.40113 5.4682,
	4.40318 5.47024,
	4.41135 5.47433,
	4.41544 5.47637,
	4.41953 5.47944,
	4.42617 5.48762,
	4.43333 5.49477,
	4.44406 5.51061,
	4.44815 5.51317,
	4.45632 5.52083,
	4.47268 5.53259,
	4.47472 5.53463,
	4.48137 5.55099,
	4.48596 5.55916,
	4.48954 5.56734,
	4.49056 5.57143,
	4.49823 5.57909,
	4.50181 5.58267,
	4.50743 5.59902,
	4.50947 5.60311,
	4.5105 5.60516,
	4.51816 5.61333,
	4.52123 5.61742,
	4.52276 5.61947,
	4.52327 5.62764,
	4.52225 5.62969,
	4.52174 5.63071,
	4.51765 5.63071,
	4.51561 5.6302,
	4.51152 5.62662,
	4.50027 5.61027,
	4.49414 5.60209,
	4.49108 5.598,
	4.48648 5.58982,
	4.48392 5.58574,
	4.46859 5.56938,
	4.46195 5.56121,
	4.45632 5.55303,
	4.45224 5.54485,
	4.45019 5.54076,
	4.44304 5.53259,
	4.43486 5.52441,
	4.42668 5.51828,
	4.41033 5.50244,
	4.40215 5.4963,
	4.39806 5.49324,
	4.38989 5.48966,
	4.38784 5.48915,
	4.37149 5.47535,
	4.36331 5.4682,
	4.35667 5.46002,
	4.35514 5.45593,
	4.35105 5.45184,
	4.34441 5.44367,
	4.33674 5.43549,
	4.33265 5.4314,
	4.32447 5.42527,
	4.32039 5.42271,
	4.31374 5.41505,
	4.30608 5.40789,
	4.30403 5.40585,
	4.29892 5.39767,
	4.29075 5.39052,
	4.27439 5.37825,
	4.25804 5.36496,
	4.24986 5.35781,
	4.24373 5.34963,
	4.24322 5.3481,
	"/>
<Contour name="Ea4(ER)" hidden="false" closed="true" simplified="true" border="0.580392 0.988235 0.87451" fill="0.733 0.753 0.949" mode="9"
 points="4.33119 5.36811,
	4.33528 5.36454,
	4.33733 5.36402,
	4.3409 5.36045,
	4.34908 5.35891,
	4.35317 5.35891,
	4.35726 5.36045,
	4.36441 5.36811,
	4.37259 5.37527,
	4.38025 5.38344,
	4.3823 5.38753,
	4.38332 5.39162,
	4.38332 5.39367,
	4.38281 5.39469,
	4.38434 5.39878,
	4.38281 5.40695,
	4.37872 5.41002,
	4.37054 5.40695,
	4.3685 5.40644,
	4.36441 5.40235,
	4.35368 5.386,
	4.3455 5.38242,
	4.33733 5.37782,
	4.33324 5.37373,
	4.33119 5.37169,
	"/>
<Contour name="Ea4(ER)" hidden="false" closed="true" simplified="true" border="0.580392 0.988235 0.87451" fill="0.733 0.753 0.949" mode="9"
 points="4.53693 5.66236,
	4.53784 5.66054,
	4.5383 5.65962,
	4.5456 5.65871,
	4.54743 5.65871,
	4.55108 5.66145,
	4.55428 5.6651,
	4.5552 5.66693,
	4.55474 5.67424,
	4.55428 5.67789,
	4.55474 5.67972,
	4.56844 5.69388,
	4.57438 5.70073,
	4.5794 5.70804,
	4.5826 5.71535,
	4.58351 5.71717,
	4.58397 5.72083,
	4.58534 5.72448,
	4.59219 5.73088,
	4.5995 5.73819,
	4.6027 5.74184,
	4.60452 5.74549,
	4.6059 5.7528,
	4.60635 5.76742,
	4.60681 5.77107,
	4.60955 5.77838,
	4.61594 5.78569,
	4.61914 5.78934,
	4.62691 5.80396,
	4.6301 5.81127,
	4.63193 5.81492,
	4.64563 5.82954,
	4.64792 5.83319,
	4.64974 5.8405,
	4.65066 5.84415,
	4.65066 5.85146,
	4.6502 5.85511,
	4.647 5.85877,
	4.64609 5.85968,
	4.63878 5.85877,
	4.63695 5.85877,
	4.63147 5.85146,
	4.62417 5.84461,
	4.61549 5.82999,
	4.61229 5.82268,
	4.60635 5.81538,
	4.59813 5.80076,
	4.59585 5.79345,
	4.589 5.77884,
	4.58671 5.77153,
	4.58671 5.76787,
	4.58443 5.76057,
	4.58351 5.75691,
	4.58169 5.75326,
	4.57529 5.74595,
	4.56798 5.73956,
	4.56433 5.73225,
	4.55428 5.71763,
	4.54834 5.70302,
	4.54149 5.6884,
	4.54104 5.68657,
	4.53967 5.68475,
	4.53967 5.68109,
	4.53875 5.67744,
	4.53875 5.67013,
	4.53693 5.66282,
	"/>
</Transform>

<Transform dim="0"
 xcoef=" 0 1 0 0 0 0"
 ycoef=" 0 0 1 0 0 0">
<Contour name="Ea4(ER)" hidden="false" closed="true" simplified="true" border="0.580392 0.988235 0.87451" fill="0.733 0.753 0.949" mode="9"
 points="3.4914 4.60623,
	3.49962 4.60314,
	3.50373 4.60212,
	3.50579 4.60109,
	3.53867 4.6165,
	3.54689 4.62061,
	3.551 4.62267,
	3.56744 4.63705,
	3.57052 4.64116,
	3.57155 4.6576,
	3.57155 4.65966,
	3.55511 4.66068,
	3.54689 4.65966,
	3.51401 4.6463,
	3.5099 4.64424,
	3.50168 4.63705,
	3.49654 4.62883,
	3.49243 4.61239,
	3.4914 4.60828,
	3.4914 4.60725,
	"/>
</Transform>

<Transform dim="0"
 xcoef=" 0 1 0 0 0 0"
 ycoef=" 0 0 1 0 0 0">
<Contour name="Ea4" hidden="false" closed="true" simplified="true" border="0.984 0.208 0.016" fill="1 1 0.69" mode="9"
 points="3.28638 4.68764,
	3.2887 4.68143,
	3.2918 4.67523,
	3.29374 4.67213,
	3.30498 4.65973,
	3.31118 4.65353,
	3.32165 4.64113,
	3.32591 4.63492,
	3.32785 4.63182,
	3.33095 4.6295,
	3.33405 4.62872,
	3.33715 4.63066,
	3.34025 4.63337,
	3.34335 4.63454,
	3.34645 4.63492,
	3.34955 4.63454,
	3.3511 4.63415,
	3.3542 4.63182,
	3.35963 4.62562,
	3.36583 4.61981,
	3.37203 4.61555,
	3.39684 4.60276,
	3.40304 4.59965,
	3.40924 4.59345,
	3.41234 4.59035,
	3.41854 4.58725,
	3.42474 4.58609,
	3.43094 4.5857,
	3.43404 4.5857,
	3.43714 4.58493,
	3.44335 4.58493,
	3.4449 4.58493,
	3.44645 4.58415,
	3.44722 4.58415,
	3.448 4.58338,
	3.44877 4.58338,
	3.44916 4.5826,
	3.45071 4.58221,
	3.45342 4.57911,
	3.45497 4.57756,
	3.45652 4.57446,
	3.45769 4.56206,
	3.45769 4.54966,
	3.4573 4.54656,
	3.45497 4.54035,
	3.45342 4.53725,
	3.45226 4.52485,
	3.45226 4.52175,
	3.45381 4.51555,
	3.45459 4.50935,
	3.4542 4.49694,
	3.45381 4.49074,
	3.4511 4.47834,
	3.44994 4.47214,
	3.44994 4.47059,
	3.44877 4.46904,
	3.44838 4.45664,
	3.448 4.45354,
	3.44606 4.45043,
	3.44567 4.44733,
	3.44528 4.44578,
	3.44606 4.44268,
	3.45846 4.41788,
	3.46621 4.40548,
	3.47203 4.39927,
	3.47823 4.39501,
	3.48443 4.39191,
	3.49683 4.39734,
	3.50924 4.40392,
	3.51234 4.40703,
	3.51311 4.40858,
	3.51931 4.41478,
	3.5228 4.42098,
	3.52745 4.42718,
	3.52978 4.43028,
	3.5414 4.45509,
	3.54722 4.46749,
	3.55071 4.47369,
	3.55264 4.47989,
	3.55885 4.49229,
	3.56272 4.5047,
	3.56931 4.5171,
	3.57125 4.5202,
	3.57745 4.5264,
	3.579 4.52718,
	3.58481 4.53338,
	3.58869 4.53958,
	3.5945 4.55198,
	3.59605 4.55508,
	3.5976 4.56128,
	3.59799 4.56438,
	3.59877 4.56593,
	3.59993 4.57834,
	3.60032 4.58144,
	3.60226 4.58764,
	3.60342 4.58919,
	3.60342 4.58996,
	3.60419 4.59074,
	3.60419 4.59229,
	3.60846 4.59849,
	3.61117 4.60469,
	3.61156 4.60624,
	3.61272 4.60779,
	3.61272 4.60857,
	3.61427 4.61012,
	3.62008 4.62252,
	3.62047 4.62407,
	3.62125 4.62446,
	3.62125 4.62601,
	3.63094 4.63841,
	3.63287 4.6419,
	3.63326 4.64229,
	3.63714 4.64616,
	3.63908 4.64926,
	3.65109 4.66167,
	3.66194 4.67407,
	3.66698 4.68027,
	3.679 4.69267,
	3.6883 4.70508,
	3.69605 4.71748,
	3.70962 4.74228,
	3.71853 4.75469,
	3.72318 4.76089,
	3.72899 4.76709,
	3.7352 4.77213,
	3.76 4.78531,
	3.7724 4.7919,
	3.77861 4.79732,
	3.78287 4.80352,
	3.78636 4.80972,
	3.79178 4.81593,
	3.80419 4.8229,
	3.81659 4.83182,
	3.82783 4.84422,
	3.83325 4.85042,
	3.84566 4.86282,
	3.85186 4.86864,
	3.86426 4.87833,
	3.87666 4.88453,
	3.88287 4.88724,
	3.89527 4.89112,
	3.90147 4.89305,
	3.92627 4.90507,
	3.93248 4.9074,
	3.93558 4.90895,
	3.94798 4.91088,
	3.94953 4.9105,
	3.95573 4.91205,
	3.98054 4.92445,
	3.98674 4.92755,
	3.99294 4.93336,
	3.99604 4.93569,
	4.00224 4.93801,
	4.00844 4.93956,
	4.00999 4.93918,
	4.01038 4.93879,
	4.01658 4.94189,
	4.01968 4.94383,
	4.02588 4.94925,
	4.02898 4.95197,
	4.04139 4.95856,
	4.04759 4.96011,
	4.05069 4.96049,
	4.06309 4.95894,
	4.06929 4.95972,
	4.07239 4.95933,
	4.07317 4.95894,
	4.08557 4.96515,
	4.08712 4.96592,
	4.09332 4.97173,
	4.09487 4.97483,
	4.09565 4.97638,
	4.10805 4.98297,
	4.12045 4.99073,
	4.12666 4.99693,
	4.12937 5.00003,
	4.13286 5.00623,
	4.14371 5.01863,
	4.1565 5.04344,
	4.16037 5.04964,
	4.17278 5.05778,
	4.17588 5.06049,
	4.18014 5.06669,
	4.18518 5.07289,
	4.18673 5.07444,
	4.19293 5.07638,
	4.19913 5.07754,
	4.21154 5.08375,
	4.21464 5.0853,
	4.22084 5.09033,
	4.22355 5.09344,
	4.23634 5.11824,
	4.23828 5.12134,
	4.24448 5.12715,
	4.25068 5.13026,
	4.25688 5.13142,
	4.26929 5.13723,
	4.27239 5.13917,
	4.28091 5.15157,
	4.28518 5.15777,
	4.29022 5.16398,
	4.31425 5.18878,
	4.32897 5.21359,
	4.33091 5.21669,
	4.33672 5.22289,
	4.34913 5.23258,
	4.35959 5.24498,
	4.36928 5.25738,
	4.37548 5.26165,
	4.38168 5.26513,
	4.38479 5.26707,
	4.39099 5.27289,
	4.39292 5.27599,
	4.39409 5.27754,
	4.3937 5.27831,
	4.3999 5.29071,
	4.42471 5.3035,
	4.42781 5.30506,
	4.43401 5.31746,
	4.43633 5.32366,
	4.4375 5.32986,
	4.43827 5.33296,
	4.4375 5.33916,
	4.43788 5.34536,
	4.43827 5.34846,
	4.43943 5.35157,
	4.43982 5.35467,
	4.43943 5.35777,
	4.44525 5.37017,
	4.44874 5.37637,
	4.45416 5.38257,
	4.46695 5.40738,
	4.47044 5.41358,
	4.4747 5.41978,
	4.47974 5.42598,
	4.48284 5.43218,
	4.48323 5.43528,
	4.48168 5.44769,
	4.48129 5.45079,
	4.48091 5.45234,
	4.48711 5.46474,
	4.49021 5.47094,
	4.49447 5.47714,
	4.4999 5.48334,
	4.50339 5.48954,
	4.50377 5.49032,
	4.49796 5.50272,
	4.49602 5.50582,
	4.49525 5.50699,
	4.50184 5.51939,
	4.51424 5.53179,
	4.53904 5.54458,
	4.55145 5.55117,
	4.55765 5.55543,
	4.56385 5.56086,
	4.56889 5.56706,
	4.5716 5.57326,
	4.57276 5.57636,
	4.57354 5.58256,
	4.57276 5.59497,
	4.57276 5.60117,
	4.57121 5.61357,
	4.57238 5.62597,
	4.57276 5.63218,
	4.57896 5.64458,
	4.58245 5.65078,
	4.59486 5.66318,
	4.59989 5.66938,
	4.60222 5.67248,
	4.60377 5.67403,
	4.60997 5.68644,
	4.61191 5.69264,
	4.61423 5.70504,
	4.6154 5.71744,
	4.61578 5.72364,
	4.62044 5.73605,
	4.62664 5.74845,
	4.634 5.76085,
	4.63981 5.77326,
	4.64369 5.78566,
	4.65028 5.79806,
	4.65105 5.79961,
	4.65726 5.80504,
	4.66346 5.80775,
	4.67586 5.81124,
	4.68826 5.81395,
	4.71307 5.82597,
	4.71927 5.82907,
	4.72237 5.83062,
	4.72547 5.83294,
	4.7278 5.83604,
	4.72935 5.83759,
	4.73206 5.8438,
	4.73322 5.85,
	4.73361 5.8531,
	4.73245 5.8593,
	4.71811 5.90891,
	4.70958 5.93371,
	4.69912 5.95852,
	4.68749 5.98333,
	4.68245 5.99573,
	4.67974 6.00193,
	4.67819 6.00503,
	4.67586 6.00813,
	4.6747 6.00968,
	4.6716 6.01084,
	4.6654 6.00736,
	4.65919 6.0027,
	4.64795 5.9903,
	4.6402 5.9779,
	4.6278 5.95309,
	4.6216 5.94069,
	4.61927 5.92829,
	4.6185 5.92519,
	4.61811 5.90038,
	4.61772 5.88798,
	4.61695 5.88488,
	4.61695 5.88333,
	4.61346 5.87713,
	4.60765 5.87093,
	4.6061 5.86938,
	4.59989 5.8655,
	4.59679 5.86356,
	4.58439 5.85116,
	4.57819 5.83876,
	4.57509 5.83256,
	4.57121 5.82015,
	4.56889 5.81395,
	4.56772 5.80775,
	4.56695 5.80465,
	4.56656 5.77984,
	4.56617 5.77364,
	4.56579 5.77054,
	4.56307 5.76434,
	4.56152 5.76124,
	4.55997 5.74884,
	4.55842 5.74264,
	4.54602 5.71783,
	4.54021 5.70543,
	4.53827 5.69923,
	4.53245 5.68682,
	4.53129 5.68372,
	4.5309 5.67752,
	4.5309 5.67597,
	4.5278 5.66977,
	4.52587 5.66667,
	4.51424 5.65427,
	4.50649 5.64186,
	4.503 5.63566,
	4.49873 5.62946,
	4.49525 5.62326,
	4.49021 5.61706,
	4.48401 5.61086,
	4.47781 5.60621,
	4.47277 5.60001,
	4.46928 5.5938,
	4.46424 5.5876,
	4.45184 5.57598,
	4.43943 5.56706,
	4.43323 5.56202,
	4.43013 5.5597,
	4.42703 5.5566,
	4.42277 5.5504,
	4.41773 5.54419,
	4.41153 5.53799,
	4.39913 5.5283,
	4.39021 5.5159,
	4.38672 5.5097,
	4.38479 5.5066,
	4.38168 5.50389,
	4.36928 5.49807,
	4.36308 5.49575,
	4.35998 5.4942,
	4.35688 5.49187,
	4.34448 5.47986,
	4.33866 5.47365,
	4.33595 5.47055,
	4.32936 5.45815,
	4.32626 5.45195,
	4.32393 5.44575,
	4.32277 5.44265,
	4.32277 5.4411,
	4.32083 5.438,
	4.31502 5.43179,
	4.31347 5.43024,
	4.30727 5.42753,
	4.30107 5.42559,
	4.29487 5.42443,
	4.28246 5.42017,
	4.27006 5.41474,
	4.26386 5.41125,
	4.25766 5.40699,
	4.25456 5.40505,
	4.25301 5.40389,
	4.24991 5.40311,
	4.2375 5.40234,
	4.2313 5.40195,
	4.2251 5.40001,
	4.2127 5.39187,
	4.2003 5.3818,
	4.17549 5.35815,
	4.16968 5.35195,
	4.16348 5.34653,
	4.16037 5.34381,
	4.15727 5.34188,
	4.15417 5.33916,
	4.15185 5.33606,
	4.14565 5.33064,
	4.13324 5.32443,
	4.12704 5.32133,
	4.12394 5.31978,
	4.12239 5.31901,
	4.11658 5.31281,
	4.11386 5.30971,
	4.11076 5.30777,
	4.09836 5.30583,
	4.09216 5.30389,
	4.08945 5.30079,
	4.08325 5.29614,
	4.08015 5.2942,
	4.07394 5.29188,
	4.06154 5.28568,
	4.05534 5.2818,
	4.0503 5.2756,
	4.0441 5.27056,
	4.0379 5.26475,
	4.0317 5.26048,
	4.0255 5.25777,
	4.0224 5.25583,
	4.02084 5.25506,
	4.01774 5.25196,
	4.01619 5.25041,
	4.00999 5.24769,
	3.99759 5.24343,
	3.99139 5.24072,
	3.98829 5.24033,
	3.98209 5.23762,
	3.98054 5.23684,
	3.97433 5.23103,
	3.97123 5.22831,
	3.96503 5.22483,
	3.96193 5.22328,
	3.95573 5.22289,
	3.94953 5.22366,
	3.94643 5.22483,
	3.94023 5.22483,
	3.93868 5.22483,
	3.92627 5.21862,
	3.92007 5.21359,
	3.90767 5.20583,
	3.89527 5.19925,
	3.89372 5.19847,
	3.88752 5.19266,
	3.88442 5.18645,
	3.88287 5.18335,
	3.87783 5.17715,
	3.87473 5.17522,
	3.87318 5.17444,
	3.86077 5.17483,
	3.84837 5.17832,
	3.84217 5.17948,
	3.83907 5.18064,
	3.83287 5.18064,
	3.82977 5.18025,
	3.82357 5.17715,
	3.81736 5.17289,
	3.81426 5.17018,
	3.80806 5.1663,
	3.80496 5.16514,
	3.79256 5.16359,
	3.78946 5.1632,
	3.78636 5.16204,
	3.78326 5.16165,
	3.77085 5.15584,
	3.76775 5.15467,
	3.76155 5.15429,
	3.75535 5.15467,
	3.75225 5.15506,
	3.74915 5.15467,
	3.7476 5.15467,
	3.7414 5.15157,
	3.71659 5.13103,
	3.70574 5.11863,
	3.70303 5.11553,
	3.69683 5.11204,
	3.69062 5.10933,
	3.68442 5.10739,
	3.67202 5.10157,
	3.65962 5.09654,
	3.65342 5.0946,
	3.64721 5.09344,
	3.64566 5.09305,
	3.63946 5.09421,
	3.63636 5.09537,
	3.63016 5.09499,
	3.62396 5.09305,
	3.62086 5.0915,
	3.61466 5.09072,
	3.61156 5.09111,
	3.60536 5.09305,
	3.59915 5.09421,
	3.58675 5.09266,
	3.58365 5.09227,
	3.57125 5.08646,
	3.56815 5.08491,
	3.56195 5.08375,
	3.54954 5.08607,
	3.54334 5.08762,
	3.53714 5.0884,
	3.52474 5.08607,
	3.51234 5.08491,
	3.50924 5.08413,
	3.50303 5.08026,
	3.49683 5.07832,
	3.49063 5.07716,
	3.48753 5.07677,
	3.48133 5.07716,
	3.47513 5.07677,
	3.47203 5.07716,
	3.47048 5.07677,
	3.46428 5.07832,
	3.46118 5.07871,
	3.45497 5.07677,
	3.45187 5.07483,
	3.44645 5.06863,
	3.44412 5.06553,
	3.43792 5.06049,
	3.43172 5.05623,
	3.42591 5.05003,
	3.41893 5.03762,
	3.41544 5.03142,
	3.41428 5.02987,
	3.41311 5.02677,
	3.41311 5.02057,
	3.41311 5.01747,
	3.41234 5.01437,
	3.41234 5.00817,
	3.41195 5.00507,
	3.41001 5.00197,
	3.4073 4.99886,
	3.4042 4.99654,
	3.40226 4.99344,
	3.39916 4.98104,
	3.39645 4.97483,
	3.39219 4.96863,
	3.3887 4.96243,
	3.3856 4.95933,
	3.3794 4.95429,
	3.35459 4.92949,
	3.34219 4.9198,
	3.33715 4.9136,
	3.33405 4.91088,
	3.33327 4.90933,
	3.33017 4.90701,
	3.32436 4.90081,
	3.31816 4.89538,
	3.31196 4.89189,
	3.30692 4.88569,
	3.30382 4.87949,
	3.30149 4.87639,
	3.30033 4.87484,
	3.29839 4.86864,
	3.29762 4.86554,
	3.29762 4.85933,
	3.29723 4.85623,
	3.29219 4.84383,
	3.28948 4.83763,
	3.28599 4.82523,
	3.28482 4.81903,
	3.28405 4.80662,
	3.28366 4.80352,
	3.27824 4.79112,
	3.27165 4.77872,
	3.27048 4.77562,
	3.26932 4.76321,
	3.27203 4.75081,
	3.27901 4.72601,
	3.2825 4.7136,
	3.28366 4.7074,
	3.28405 4.7012,
	3.28638 4.6888,
	3.28638 4.68802,
	"/>
</Transform>

<Transform dim="0"
 xcoef=" 0 1 0 0 0 0"
 ycoef=" 0 0 1 0 0 0">
<Contour name="Ea5" hidden="false" closed="true" simplified="true" border="0.984314 0.207843 0.0156863" fill="1 1 0.690196" mode="9"
 points="1.32347 5.52231,
	1.3431 5.43857,
	1.3431 5.43333,
	1.34572 5.42286,
	1.35357 5.40193,
	1.35553 5.39669,
	1.38301 5.35482,
	1.39413 5.33388,
	1.40395 5.31295,
	1.42031 5.29201,
	1.44124 5.27107,
	1.44648 5.26649,
	1.46741 5.25341,
	1.47788 5.24752,
	1.48312 5.2449,
	1.49358 5.24163,
	1.50405 5.23509,
	1.50929 5.23116,
	1.5119 5.2292,
	1.52237 5.22658,
	1.56425 5.21153,
	1.56948 5.20957,
	1.5721 5.20892,
	1.59173 5.18798,
	1.60219 5.18013,
	1.60743 5.17555,
	1.61266 5.17228,
	1.61528 5.17097,
	1.62575 5.17031,
	1.64668 5.17228,
	1.65192 5.17228,
	1.65454 5.17228,
	1.665 5.16508,
	1.68267 5.14414,
	1.69052 5.13367,
	1.69445 5.12844,
	1.69576 5.12582,
	1.71669 5.10619,
	1.72651 5.09638,
	1.73043 5.09115,
	1.75137 5.07414,
	1.7566 5.07086,
	1.77754 5.06759,
	1.78277 5.06694,
	1.80371 5.07152,
	1.82465 5.07806,
	1.84558 5.0833,
	1.85605 5.08657,
	1.86652 5.09115,
	1.88746 5.09703,
	1.89793 5.09834,
	1.90316 5.099,
	1.91363 5.09703,
	1.91625 5.09638,
	1.92148 5.09769,
	1.92672 5.10161,
	1.93129 5.10685,
	1.93391 5.11208,
	1.93522 5.1147,
	1.93522 5.11993,
	1.9398 5.1304,
	1.95354 5.15134,
	1.95419 5.15396,
	1.95289 5.15919,
	1.94765 5.16966,
	1.93915 5.18013,
	1.9326 5.1906,
	1.92214 5.1991,
	1.91756 5.20303,
	1.91298 5.2135,
	1.91101 5.21873,
	1.90905 5.23967,
	1.90905 5.24228,
	1.90512 5.25275,
	1.88419 5.29463,
	1.87437 5.31556,
	1.86979 5.3365,
	1.86914 5.34173,
	1.86979 5.34697,
	1.87045 5.34959,
	1.86652 5.37052,
	1.86325 5.38099,
	1.85278 5.40193,
	1.84493 5.4124,
	1.82334 5.45427,
	1.81745 5.46474,
	1.81025 5.47521,
	1.80044 5.48568,
	1.75857 5.50727,
	1.7481 5.5125,
	1.73763 5.51904,
	1.73239 5.52166,
	1.72193 5.53147,
	1.71931 5.53409,
	1.718 5.5354,
	1.71735 5.53802,
	1.71277 5.54325,
	1.71146 5.54587,
	1.71015 5.54718,
	1.7095 5.54979,
	1.70622 5.55503,
	1.70426 5.56026,
	1.70295 5.56288,
	1.70295 5.56484,
	1.70164 5.57139,
	1.70164 5.59232,
	1.70164 5.59756,
	1.69968 5.60279,
	1.68529 5.62373,
	1.67744 5.6342,
	1.67351 5.63943,
	1.66893 5.6499,
	1.66828 5.65513,
	1.66762 5.65775,
	1.66697 5.6584,
	1.66828 5.66102,
	1.66631 5.67149,
	1.66566 5.67672,
	1.6637 5.68196,
	1.66304 5.68458,
	1.65388 5.69504,
	1.64799 5.70551,
	1.64603 5.71598,
	1.6408 5.72645,
	1.63818 5.73168,
	1.63425 5.73692,
	1.62379 5.74608,
	1.61855 5.75131,
	1.60808 5.75655,
	1.58715 5.76374,
	1.58191 5.76571,
	1.57668 5.76636,
	1.57406 5.76701,
	1.56883 5.76571,
	1.54789 5.76505,
	1.53742 5.76571,
	1.52695 5.76767,
	1.51648 5.77094,
	1.49555 5.77356,
	1.49031 5.77356,
	1.4877 5.77421,
	1.47723 5.77094,
	1.46676 5.76636,
	1.45629 5.76374,
	1.44582 5.76243,
	1.44059 5.75851,
	1.43535 5.75327,
	1.42946 5.74281,
	1.42685 5.73757,
	1.42096 5.71663,
	1.41638 5.6957,
	1.40526 5.67476,
	1.40199 5.66429,
	1.39741 5.65382,
	1.3961 5.64859,
	1.38759 5.63812,
	1.34572 5.5969,
	1.34179 5.59167,
	1.3359 5.5812,
	1.33263 5.57597,
	1.33132 5.57073,
	1.32674 5.56026,
	1.32413 5.54979,
	1.32347 5.53933,
	1.32413 5.52886,
	1.32347 5.52362,
	1.32347 5.52297,
	"/>
</Transform>

<Transform dim="0"
 xcoef=" 0 1 0 0 0 0"
 ycoef=" 0 0 1 0 0 0">
<Contour name="Ea3" hidden="false" closed="true" simplified="true" border="0.984 0.208 0.016" fill="1 1 0.69" mode="9"
 points="1.94458 5.21141,
	1.94743 5.20229,
	1.95541 5.19316,
	1.96454 5.18688,
	1.96911 5.17776,
	1.97139 5.17319,
	1.9788 5.16407,
	1.98736 5.15494,
	1.99021 5.14581,
	1.99135 5.14125,
	1.99135 5.13897,
	2.00961 5.10246,
	2.01303 5.09789,
	2.02216 5.08933,
	2.04041 5.07678,
	2.04954 5.0688,
	2.0678 5.05454,
	2.07122 5.04997,
	2.08092 5.03172,
	2.09005 5.02259,
	2.1083 5.01289,
	2.11743 5.00662,
	2.13568 4.99178,
	2.14025 4.98836,
	2.14253 4.98608,
	2.17904 4.9684,
	2.18817 4.96326,
	2.20642 4.949,
	2.21555 4.94215,
	2.22468 4.93645,
	2.2338 4.93189,
	2.25206 4.92618,
	2.27031 4.92219,
	2.27944 4.92048,
	2.28857 4.92219,
	2.29313 4.92105,
	2.31139 4.91249,
	2.32964 4.90222,
	2.33877 4.90051,
	2.35702 4.89937,
	2.37528 4.89652,
	2.37642 4.89595,
	2.38555 4.89937,
	2.4038 4.90108,
	2.41293 4.89937,
	2.41521 4.89823,
	2.41978 4.89937,
	2.42206 4.89937,
	2.43119 4.90393,
	2.43518 4.9085,
	2.44431 4.91477,
	2.45343 4.91933,
	2.458 4.92219,
	2.46028 4.92447,
	2.46484 4.92675,
	2.4831 4.94329,
	2.48766 4.94729,
	2.50592 4.9587,
	2.52417 4.9684,
	2.5333 4.97353,
	2.53786 4.97638,
	2.54699 4.98551,
	2.54927 4.99007,
	2.54984 4.99464,
	2.54927 4.9992,
	2.55041 5.00833,
	2.55498 5.01746,
	2.55783 5.02658,
	2.55897 5.03571,
	2.55954 5.04027,
	2.56068 5.04256,
	2.56068 5.05168,
	2.56525 5.06081,
	2.56639 5.06309,
	2.57437 5.07222,
	2.5835 5.07735,
	2.59263 5.08135,
	2.59491 5.08249,
	2.61317 5.08363,
	2.62229 5.08534,
	2.62686 5.08762,
	2.63598 5.09618,
	2.63827 5.09846,
	2.65652 5.1093,
	2.66565 5.11501,
	2.67478 5.12242,
	2.67592 5.1247,
	2.67421 5.12927,
	2.66964 5.13326,
	2.66051 5.13668,
	2.65139 5.13839,
	2.63313 5.13897,
	2.62857 5.13839,
	2.62629 5.13782,
	2.55327 5.15608,
	2.54414 5.15836,
	2.52588 5.15836,
	2.50763 5.15722,
	2.4985 5.15551,
	2.48937 5.14923,
	2.47112 5.14011,
	2.46199 5.13611,
	2.45286 5.13383,
	2.4483 5.13269,
	2.43004 5.12356,
	2.42092 5.119,
	2.41635 5.11672,
	2.40723 5.11444,
	2.40266 5.11386,
	2.39353 5.11044,
	2.38441 5.10816,
	2.37528 5.1036,
	2.37072 5.10074,
	2.36159 5.09846,
	2.35931 5.09846,
	2.35817 5.09789,
	2.34904 5.10017,
	2.34447 5.10017,
	2.30796 5.10759,
	2.3034 5.10759,
	2.26689 5.12299,
	2.23038 5.14011,
	2.19387 5.15836,
	2.18931 5.16064,
	2.17105 5.17548,
	2.16649 5.17947,
	2.14823 5.18917,
	2.13911 5.1943,
	2.12142 5.21256,
	2.11229 5.22054,
	2.10317 5.22397,
	2.0986 5.22454,
	2.09632 5.22511,
	2.09176 5.22796,
	2.07749 5.24621,
	2.06837 5.2542,
	2.05924 5.25819,
	2.05468 5.25705,
	2.05239 5.25705,
	2.04327 5.25078,
	2.03927 5.24678,
	2.03699 5.2445,
	2.03243 5.23537,
	2.03015 5.23081,
	2.02901 5.22625,
	2.02615 5.22168,
	2.01817 5.21313,
	2.0136 5.21084,
	2.00904 5.2097,
	2.00447 5.21141,
	1.99763 5.22054,
	1.9885 5.22454,
	1.98394 5.22568,
	1.98166 5.22682,
	1.97937 5.22682,
	1.97025 5.23024,
	1.96568 5.23195,
	1.96397 5.23195,
	1.96112 5.23195,
	1.95998 5.23195,
	1.95256 5.22853,
	1.94743 5.2194,
	1.94572 5.21484,
	1.94458 5.21256,
	1.94458 5.21199,
	"/>
</Transform>

<Transform dim="0"
 xcoef=" 0 1 0 0 0 0"
 ycoef=" 0 0 1 0 0 0">
<Contour name="Ea2" hidden="false" closed="true" simplified="true" border="0.984 0.208 0.016" fill="1 1 0.69" mode="9"
 points="2.47759 2.76,
	2.48451 2.73988,
	2.48891 2.71975,
	2.48954 2.71472,
	2.48639 2.69459,
	2.48576 2.69207,
	2.49017 2.68201,
	2.49583 2.67195,
	2.49834 2.66691,
	2.4996 2.66188,
	2.49897 2.65685,
	2.49897 2.65433,
	2.4952 2.6493,
	2.50086 2.63924,
	2.52099 2.6298,
	2.54112 2.62288,
	2.56124 2.61848,
	2.58137 2.62226,
	2.59143 2.62477,
	2.61156 2.6254,
	2.63169 2.62477,
	2.64175 2.62477,
	2.64679 2.62477,
	2.66691 2.61974,
	2.67195 2.61785,
	2.68201 2.61722,
	2.69207 2.62037,
	2.6971 2.62477,
	2.69962 2.6298,
	2.70151 2.63987,
	2.70214 2.6449,
	2.70402 2.64993,
	2.70968 2.65999,
	2.71975 2.6688,
	2.72478 2.67257,
	2.73484 2.67824,
	2.73862 2.68264,
	2.74051 2.68767,
	2.74113 2.69019,
	2.73925 2.70025,
	2.73799 2.70528,
	2.73988 2.71535,
	2.74113 2.72038,
	2.74617 2.73044,
	2.74931 2.73547,
	2.75434 2.73988,
	2.76441 2.74554,
	2.77447 2.75246,
	2.78453 2.76063,
	2.79208 2.7707,
	2.81032 2.79082,
	2.81976 2.80089,
	2.85121 2.84114,
	2.86756 2.86127,
	2.877 2.87133,
	2.87951 2.87385,
	2.89964 2.88643,
	2.93989 2.90845,
	2.96002 2.91977,
	2.97009 2.92669,
	2.98015 2.93486,
	3.00028 2.95373,
	3.01663 2.97386,
	3.02166 2.97826,
	3.04179 2.98958,
	3.05185 2.9965,
	3.06192 3.00468,
	3.08205 3.02481,
	3.09211 3.03487,
	3.12293 3.07513,
	3.13111 3.08519,
	3.13803 3.09525,
	3.14872 3.11538,
	3.15815 3.13551,
	3.16256 3.14557,
	3.16507 3.15061,
	3.16759 3.16067,
	3.1701 3.1808,
	3.17073 3.19086,
	3.16822 3.23112,
	3.16507 3.24118,
	3.15627 3.26131,
	3.15375 3.26634,
	3.15061 3.2764,
	3.14872 3.28144,
	3.14809 3.28395,
	3.14746 3.28521,
	3.15061 3.29527,
	3.15627 3.30534,
	3.16067 3.30974,
	3.16319 3.31226,
	3.18331 3.32295,
	3.19338 3.32924,
	3.19841 3.33301,
	3.20721 3.34308,
	3.21665 3.3632,
	3.22294 3.38333,
	3.22357 3.3934,
	3.22294 3.39843,
	3.22231 3.40094,
	3.22168 3.4022,
	3.22483 3.41227,
	3.22608 3.42233,
	3.22671 3.42736,
	3.22608 3.43239,
	3.22105 3.43742,
	3.21099 3.44246,
	3.20093 3.4456,
	3.19086 3.44497,
	3.15061 3.43365,
	3.14054 3.42988,
	3.12041 3.42547,
	3.11035 3.42359,
	3.10029 3.42422,
	3.08016 3.42296,
	3.0701 3.42233,
	3.02984 3.41478,
	3.02481 3.41289,
	3.01474 3.41604,
	3.00468 3.4173,
	2.99965 3.41667,
	2.98958 3.41227,
	2.98455 3.40975,
	2.97952 3.41101,
	2.96946 3.41038,
	2.94933 3.40535,
	2.9292 3.40157,
	2.91914 3.39906,
	2.91411 3.39717,
	2.89398 3.39717,
	2.88895 3.39654,
	2.87951 3.38836,
	2.87511 3.38396,
	2.85498 3.38207,
	2.84995 3.38144,
	2.84492 3.37956,
	2.8424 3.3783,
	2.83989 3.3783,
	2.83485 3.37578,
	2.82479 3.3739,
	2.81976 3.37327,
	2.79963 3.37578,
	2.7946 3.37641,
	2.77447 3.37264,
	2.75434 3.36761,
	2.74428 3.36258,
	2.73925 3.36006,
	2.72981 3.35062,
	2.72478 3.34559,
	2.71472 3.33993,
	2.70465 3.33804,
	2.70214 3.33742,
	2.69207 3.32924,
	2.68704 3.32484,
	2.66691 3.31163,
	2.64804 3.29276,
	2.64301 3.28835,
	2.63295 3.28206,
	2.62792 3.27766,
	2.62226 3.2676,
	2.61785 3.25753,
	2.61722 3.24747,
	2.61659 3.24244,
	2.61659 3.23992,
	2.61408 3.23489,
	2.60716 3.22483,
	2.60464 3.21979,
	2.59521 3.21099,
	2.59269 3.2091,
	2.58766 3.19904,
	2.58514 3.19401,
	2.582 3.17388,
	2.58326 3.15375,
	2.58326 3.14872,
	2.57382 3.12859,
	2.57257 3.11853,
	2.57319 3.10846,
	2.57571 3.0984,
	2.57571 3.07827,
	2.57131 3.05814,
	2.56753 3.04808,
	2.5625 3.04305,
	2.55999 3.04053,
	2.55118 3.02041,
	2.54678 3.00028,
	2.54615 2.99525,
	2.54678 2.99021,
	2.54741 2.98896,
	2.54615 2.98392,
	2.54363 2.97889,
	2.543 2.97386,
	2.53923 2.9638,
	2.5386 2.95876,
	2.52791 2.93864,
	2.52036 2.91851,
	2.51973 2.91599,
	2.5235 2.90593,
	2.52476 2.90341,
	2.52413 2.89335,
	2.52413 2.88832,
	2.51847 2.87825,
	2.5147 2.87322,
	2.51092 2.86316,
	2.50967 2.85309,
	2.50526 2.84303,
	2.50275 2.838,
	2.50212 2.83297,
	2.50149 2.83045,
	2.50275 2.82542,
	2.50275 2.82039,
	2.50275 2.81787,
	2.50275 2.81661,
	2.49772 2.81158,
	2.49205 2.80152,
	2.4908 2.79649,
	2.49143 2.78642,
	2.49143 2.78391,
	2.48388 2.77384,
	2.47885 2.76378,
	2.47822 2.76126,
	2.47822 2.76063,
	"/>
</Transform>

<Transform dim="0"
 xcoef=" 0 1 0 0 0 0"
 ycoef=" 0 0 1 0 0 0">
<Contour name="Ea2(AZ4)" hidden="false" closed="true" simplified="true" border="1 0.501961 0.752941" fill="1 0.501961 1" mode="9"
 points="2.51092 2.96694,
	2.51218 2.95688,
	2.51281 2.95436,
	2.53294 2.95059,
	2.53797 2.94996,
	2.54049 2.94933,
	2.55181 2.98958,
	2.55747 3.00971,
	2.55999 3.01978,
	2.56439 3.02984,
	2.57005 3.0399,
	2.57885 3.06003,
	2.57885 3.0701,
	2.57823 3.07261,
	2.5581 3.08016,
	2.54803 3.08393,
	2.54552 3.08519,
	2.54049 3.08142,
	2.53671 3.06129,
	2.53608 3.04116,
	2.53294 3.0311,
	2.52979 3.01097,
	2.52791 3.00091,
	2.52225 2.99084,
	2.51407 2.98078,
	2.51092 2.97072,
	2.51092 2.9682,
	2.51092 2.96757,
	"/>
<Contour name="Ea2(AZ4)" hidden="false" closed="true" simplified="true" border="1 0.501961 0.752941" fill="1 0.501961 1" mode="9"
 points="2.45494 2.72038,
	2.45746 2.71031,
	2.45935 2.70528,
	2.47947 2.70214,
	2.48954 2.70088,
	2.49205 2.70025,
	2.49268 2.71031,
	2.49143 2.75057,
	2.49017 2.7707,
	2.49017 2.77573,
	2.48954 2.77824,
	2.47947 2.78705,
	2.46941 2.78642,
	2.46438 2.78579,
	2.46186 2.78579,
	2.45935 2.78076,
	2.45746 2.7707,
	2.45746 2.75057,
	2.45557 2.73044,
	2.45494 2.72101,
	"/>
</Transform>

</Section>