<?xml version="1.0"?>
<!DOCTYPE Section SYSTEM "section.dtd">

<Section index="59" thickness="0.05" alignLocked="true">
<Transform dim="6"
 xcoef=" -0.483546726985482 0.913241071525429 0.26718859726146 0 0 0"
 ycoef=" 1.58023566747035 -0.368203517482248 0.902732709953139 0 0 0">
<Image mag="0.0022159" contrast="1" brightness="0"
 src="R34CA1-B_S12.158.jpg" />
<Contour name="domain1" hidden="false" closed="true" simplified="false" border="1 0 1" fill="1 0 1" mode="11"
 points="0 0,
	4096 0,
	4096 4096,
	0 4096,
	"/>
</Transform>

<Transform dim="0"
 xcoef=" 0 1 0 0 0 0"
 ycoef=" 0 0 1 0 0 0">
<Contour name="Ea2(mito4)" hidden="false" closed="true" simplified="true" border="0 0 1" fill="0 0 1" mode="9"
 points="2.84841 3.51109,
	2.85353 3.50289,
	2.8566 3.48651,
	2.8566 3.47831,
	2.86172 3.46192,
	2.86479 3.45373,
	2.86479 3.44963,
	2.86479 3.44758,
	2.88118 3.43632,
	2.88938 3.43017,
	2.90576 3.42198,
	2.90781 3.42095,
	2.94059 3.42812,
	2.95697 3.43325,
	2.97336 3.44042,
	3.00614 3.45988,
	3.01433 3.46602,
	3.03891 3.4988,
	3.04506 3.50699,
	3.05223 3.52338,
	3.07579 3.55615,
	3.07374 3.5582,
	3.08296 3.57459,
	3.09627 3.60737,
	3.10037 3.61556,
	3.13007 3.64834,
	3.14339 3.66472,
	3.15977 3.67906,
	3.16694 3.68726,
	3.1905 3.72003,
	3.21816 3.75281,
	3.22942 3.7692,
	3.24581 3.78558,
	3.26015 3.80197,
	3.29292 3.83065,
	3.3257 3.85523,
	3.34209 3.86445,
	3.34926 3.87162,
	3.35335 3.87572,
	3.36155 3.8921,
	3.37282 3.92488,
	3.38203 3.95766,
	3.3892 3.99043,
	3.38715 4.02321,
	3.38511 4.03959,
	3.38408 4.04779,
	3.37589 4.06418,
	3.36462 4.08056,
	3.35848 4.08876,
	3.35028 4.0949,
	3.34209 4.099,
	3.33799 4.10207,
	3.30522 4.10719,
	3.30112 4.10719,
	3.26834 4.09388,
	3.26015 4.09081,
	3.24376 4.07954,
	3.17821 4.01911,
	3.16182 4.00579,
	3.09934 3.94332,
	3.03482 3.88186,
	3.02355 3.86547,
	2.99794 3.8327,
	2.91088 3.7016,
	2.90064 3.68521,
	2.88425 3.65243,
	2.87606 3.63604,
	2.86479 3.61966,
	2.85762 3.60327,
	2.85045 3.57049,
	2.84841 3.5623,
	2.84841 3.52952,
	2.84841 3.51314,
	2.84841 3.51211,
	"/>
</Transform>

<Transform dim="0"
 xcoef=" 0 1 0 0 0 0"
 ycoef=" 0 0 1 0 0 0">
<Contour name="Ea2(v1471)" hidden="false" closed="true" simplified="true" border="0.611765 0.27451 0.643137" fill="0.458824 0.729412 1" mode="9"
 points="3.43023 4.38889,
	3.43125 4.38247,
	3.4342 4.37667,
	3.4388 4.37207,
	3.4446 4.36912,
	3.45102 4.3681,
	3.45744 4.36912,
	3.46324 4.37207,
	3.46784 4.37667,
	3.47079 4.38247,
	3.47181 4.38889,
	3.47079 4.39531,
	3.46784 4.40111,
	3.46324 4.40571,
	3.45744 4.40866,
	3.45102 4.40968,
	3.4446 4.40866,
	3.4388 4.40571,
	3.4342 4.40111,
	"/>
<Contour name="Ea2(v1472)" hidden="false" closed="true" simplified="true" border="0.611765 0.27451 0.643137" fill="0.458824 0.729412 1" mode="9"
 points="3.38035 4.29743,
	3.3815 4.29015,
	3.38485 4.28359,
	3.39006 4.27838,
	3.39663 4.27503,
	3.40391 4.27388,
	3.41119 4.27503,
	3.41775 4.27838,
	3.42296 4.28359,
	3.42631 4.29015,
	3.42746 4.29743,
	3.42631 4.30471,
	3.42296 4.31128,
	3.41775 4.31649,
	3.41119 4.31984,
	3.40391 4.32099,
	3.39663 4.31984,
	3.39006 4.31649,
	3.38485 4.31128,
	"/>
<Contour name="Ea2(v1473)" hidden="false" closed="true" simplified="true" border="0.611765 0.27451 0.643137" fill="0.458824 0.729412 1" mode="9"
 points="3.32492 4.17134,
	3.3258 4.16448,
	3.32836 4.1583,
	3.33235 4.1534,
	3.33737 4.15025,
	3.34294 4.14916,
	3.3485 4.15025,
	3.35352 4.1534,
	3.35751 4.1583,
	3.36007 4.16448,
	3.36095 4.17134,
	3.36007 4.17819,
	3.35751 4.18437,
	3.35352 4.18927,
	3.3485 4.19242,
	3.34294 4.19351,
	3.33737 4.19242,
	3.33235 4.18927,
	3.32836 4.18437,
	"/>
<Contour name="Ea2(v1474)" hidden="false" closed="true" simplified="true" border="0.611765 0.27451 0.643137" fill="0.458824 0.729412 1" mode="9"
 points="3.36372 4.13392,
	3.36474 4.12664,
	3.36769 4.12008,
	3.37229 4.11486,
	3.37808 4.11152,
	3.38451 4.11037,
	3.39093 4.11152,
	3.39672 4.11486,
	3.40132 4.12008,
	3.40427 4.12664,
	3.40529 4.13392,
	3.40427 4.1412,
	3.40132 4.14777,
	3.39672 4.15298,
	3.39093 4.15633,
	3.38451 4.15748,
	3.37808 4.15633,
	3.37229 4.15298,
	3.36769 4.14777,
	"/>
<Contour name="Ea2(v1475)" hidden="false" closed="true" simplified="true" border="0.611765 0.27451 0.643137" fill="0.458824 0.729412 1" mode="9"
 points="3.40806 4.01891,
	3.40888 4.01291,
	3.41124 4.00751,
	3.41492 4.00321,
	3.41955 4.00046,
	3.42469 3.99951,
	3.42983 4.00046,
	3.43447 4.00321,
	3.43814 4.00751,
	3.44051 4.01291,
	3.44132 4.01891,
	3.44051 4.0249,
	3.43814 4.03031,
	3.43447 4.0346,
	3.42983 4.03736,
	3.42469 4.03831,
	3.41955 4.03736,
	3.41492 4.0346,
	3.41124 4.03031,
	"/>
<Contour name="Ea2(v1476)" hidden="false" closed="true" simplified="true" border="0.611765 0.27451 0.643137" fill="0.458824 0.729412 1" mode="9"
 points="3.20298 4.16856,
	3.20393 4.16257,
	3.20669 4.15716,
	3.21098 4.15287,
	3.21639 4.15011,
	3.22238 4.14916,
	3.22837 4.15011,
	3.23378 4.15287,
	3.23807 4.15716,
	3.24083 4.16257,
	3.24178 4.16856,
	3.24083 4.17456,
	3.23807 4.17997,
	3.23378 4.18426,
	3.22837 4.18701,
	3.22238 4.18796,
	3.21639 4.18701,
	3.21098 4.18426,
	3.20669 4.17997,
	"/>
<Contour name="Ea2(v1477)" hidden="false" closed="true" simplified="true" border="0.611765 0.27451 0.643137" fill="0.458824 0.729412 1" mode="9"
 points="3.17804 4.07988,
	3.17905 4.07303,
	3.18201 4.06685,
	3.18661 4.06194,
	3.1924 4.05879,
	3.19882 4.05771,
	3.20525 4.05879,
	3.21104 4.06194,
	3.21564 4.06685,
	3.21859 4.07303,
	3.21961 4.07988,
	3.21859 4.08673,
	3.21564 4.09291,
	3.21104 4.09782,
	3.20525 4.10097,
	3.19882 4.10205,
	3.1924 4.10097,
	3.18661 4.09782,
	3.18201 4.09291,
	"/>
<Contour name="Ea2(v1478)" hidden="false" closed="true" simplified="true" border="0.611765 0.27451 0.643137" fill="0.458824 0.729412 1" mode="9"
 points="3.11984 4.02445,
	3.12072 4.01846,
	3.12328 4.01305,
	3.12726 4.00876,
	3.13229 4.006,
	3.13785 4.00505,
	3.14342 4.006,
	3.14844 4.00876,
	3.15243 4.01305,
	3.15498 4.01846,
	3.15587 4.02445,
	3.15498 4.03045,
	3.15243 4.03585,
	3.14844 4.04015,
	3.14342 4.0429,
	3.13785 4.04385,
	3.13229 4.0429,
	3.12726 4.04015,
	3.12328 4.03585,
	"/>
<Contour name="Ea2(v1479)" hidden="false" closed="true" simplified="true" border="0.611765 0.27451 0.643137" fill="0.458824 0.729412 1" mode="9"
 points="2.95355 3.38426,
	2.95444 3.37784,
	2.957 3.37204,
	2.96098 3.36744,
	2.966 3.36449,
	2.97157 3.36348,
	2.97714 3.36449,
	2.98216 3.36744,
	2.98614 3.37204,
	2.9887 3.37784,
	2.98958 3.38426,
	2.9887 3.39068,
	2.98614 3.39648,
	2.98216 3.40108,
	2.97714 3.40403,
	2.97157 3.40505,
	2.966 3.40403,
	2.96098 3.40108,
	2.957 3.39648,
	"/>
</Transform>

<Transform dim="0"
 xcoef=" 0 1 0 0 0 0"
 ycoef=" 0 0 1 0 0 0">
<Contour name="Ea4" hidden="false" closed="true" simplified="true" border="0.984 0.208 0.016" fill="1 1 0.69" mode="9"
 points="2.22369 3.3987,
	2.2255 3.37942,
	2.2255 3.36978,
	2.2267 3.36014,
	2.2267 3.35773,
	2.23694 3.33845,
	2.23935 3.33363,
	2.24056 3.33122,
	2.24297 3.32941,
	2.24417 3.32821,
	2.24899 3.3276,
	2.2514 3.327,
	2.25261 3.3264,
	2.26225 3.33182,
	2.26707 3.33544,
	2.28153 3.35472,
	2.28996 3.36436,
	2.2996 3.374,
	2.30442 3.37821,
	2.30924 3.38123,
	2.32852 3.38424,
	2.33816 3.38484,
	2.34057 3.38484,
	2.37913 3.40231,
	2.38877 3.40593,
	2.42734 3.40472,
	2.43698 3.40593,
	2.45626 3.41557,
	2.4659 3.42039,
	2.47072 3.4234,
	2.47554 3.42762,
	2.49482 3.43786,
	2.5141 3.4469,
	2.52374 3.45172,
	2.54302 3.46437,
	2.55266 3.4698,
	2.57194 3.47642,
	2.57676 3.47823,
	2.5864 3.48486,
	2.59122 3.48787,
	2.59604 3.48968,
	2.61532 3.49209,
	2.62014 3.49269,
	2.62978 3.49631,
	2.63942 3.50173,
	2.64424 3.50414,
	2.64906 3.50474,
	2.66834 3.51498,
	2.68762 3.52101,
	2.69726 3.52402,
	2.70208 3.52583,
	2.72136 3.53908,
	2.72377 3.54029,
	2.74305 3.55836,
	2.75269 3.5674,
	2.76112 3.57704,
	2.7804 3.59572,
	2.78281 3.59813,
	2.78522 3.60295,
	2.8039 3.62223,
	2.81234 3.63187,
	2.82559 3.65115,
	2.83282 3.67043,
	2.84186 3.68971,
	2.84849 3.69935,
	2.85632 3.70899,
	2.86596 3.71863,
	2.87078 3.72345,
	2.87319 3.72586,
	2.87861 3.7355,
	2.88162 3.74032,
	2.89126 3.74876,
	2.8991 3.7584,
	2.90512 3.76804,
	2.90693 3.77045,
	2.90693 3.77286,
	2.90813 3.77527,
	2.90813 3.77647,
	2.90934 3.77768,
	2.90934 3.78009,
	2.91356 3.78491,
	2.91416 3.78732,
	2.91597 3.78973,
	2.91657 3.79093,
	2.92018 3.79696,
	2.9238 3.8072,
	2.92982 3.81684,
	2.9485 3.83311,
	2.95091 3.83552,
	2.96236 3.8548,
	2.96537 3.85962,
	2.99851 3.89818,
	3.01297 3.91746,
	3.02261 3.93674,
	3.02743 3.94638,
	3.03466 3.95602,
	3.03828 3.96084,
	3.05695 3.98012,
	3.06599 3.98976,
	3.07985 4.00904,
	3.09069 4.02832,
	3.09913 4.0476,
	3.10395 4.05724,
	3.10636 4.06206,
	3.11419 4.0717,
	3.11841 4.07652,
	3.12383 4.08616,
	3.13106 4.0958,
	3.1413 4.11508,
	3.14853 4.13436,
	3.15335 4.144,
	3.15516 4.14882,
	3.15637 4.15123,
	3.15697 4.15243,
	3.15215 4.16207,
	3.14793 4.16689,
	3.13829 4.17352,
	3.13709 4.17412,
	3.12745 4.17051,
	3.11781 4.16207,
	3.11299 4.15725,
	3.10515 4.13797,
	3.10154 4.12833,
	3.09853 4.10905,
	3.0931 4.09941,
	3.08467 4.08977,
	3.08045 4.08495,
	3.07563 4.07531,
	3.07262 4.07049,
	3.06298 4.06146,
	3.0437 4.04579,
	3.02442 4.03254,
	3.00514 4.01747,
	2.98586 4.00482,
	2.98104 4.0012,
	2.97863 3.99879,
	2.94007 3.97951,
	2.93043 3.9753,
	2.91115 3.97048,
	2.90151 3.96867,
	2.89187 3.96566,
	2.88705 3.96325,
	2.86777 3.95903,
	2.85813 3.95662,
	2.84849 3.95541,
	2.84367 3.95481,
	2.84126 3.95481,
	2.83162 3.9512,
	2.82198 3.94879,
	2.78342 3.94397,
	2.77378 3.94216,
	2.73522 3.94095,
	2.71594 3.93915,
	2.69665 3.93312,
	2.68701 3.9289,
	2.66773 3.91806,
	2.65809 3.91324,
	2.64183 3.89456,
	2.63761 3.88974,
	2.6105 3.85118,
	2.60748 3.84636,
	2.60327 3.84214,
	2.56471 3.81563,
	2.54543 3.80298,
	2.53579 3.79756,
	2.53097 3.79455,
	2.52615 3.79033,
	2.52374 3.78792,
	2.51711 3.77828,
	2.50084 3.759,
	2.48156 3.73972,
	2.46228 3.72345,
	2.45264 3.71501,
	2.44541 3.70537,
	2.443 3.70055,
	2.44059 3.69091,
	2.43577 3.68127,
	2.43276 3.67645,
	2.41348 3.65898,
	2.41107 3.65416,
	2.40926 3.64452,
	2.40805 3.62524,
	2.40504 3.6156,
	2.39118 3.59632,
	2.3719 3.58728,
	2.36226 3.58608,
	2.35262 3.58307,
	2.33334 3.58126,
	2.32852 3.58066,
	2.31888 3.57523,
	2.31406 3.57222,
	2.29478 3.55354,
	2.28575 3.5439,
	2.28213 3.53908,
	2.27309 3.5198,
	2.26707 3.50052,
	2.25683 3.48124,
	2.24538 3.46196,
	2.23574 3.44268,
	2.23212 3.43304,
	2.23092 3.42822,
	2.2267 3.41858,
	2.22429 3.41376,
	2.22369 3.40412,
	2.22369 3.3993,
	"/>
</Transform>

<Transform dim="0"
 xcoef=" 0 1 0 0 0 0"
 ycoef=" 0 0 1 0 0 0">
<Contour name="Ea2" hidden="false" closed="true" simplified="true" border="0.984 0.208 0.016" fill="1 1 0.69" mode="9"
 points="2.77317 3.51077,
	2.7792 3.47221,
	2.7798 3.46739,
	2.81836 3.43184,
	2.82318 3.42762,
	2.86174 3.40713,
	2.86656 3.40472,
	2.86897 3.40352,
	2.8768 3.39388,
	2.88162 3.38906,
	2.88403 3.38665,
	2.90331 3.37701,
	2.91295 3.37219,
	2.91777 3.36978,
	2.92018 3.36857,
	2.93946 3.3499,
	2.9491 3.34026,
	2.95392 3.33544,
	2.9732 3.3258,
	2.98284 3.32098,
	2.99248 3.3258,
	3.01177 3.34508,
	3.0196 3.35472,
	3.03225 3.374,
	3.03346 3.37641,
	3.05093 3.39569,
	3.05997 3.40533,
	3.06479 3.41015,
	3.07864 3.42943,
	3.08467 3.43907,
	3.08768 3.44389,
	3.09069 3.48245,
	3.0919 3.49209,
	3.0925 3.49691,
	3.10395 3.51619,
	3.1166 3.55475,
	3.12323 3.57403,
	3.13106 3.59331,
	3.1401 3.61259,
	3.15034 3.63187,
	3.17866 3.67043,
	3.19372 3.68971,
	3.19673 3.69453,
	3.20035 3.70417,
	3.20155 3.70658,
	3.24011 3.73972,
	3.27867 3.77527,
	3.28832 3.7825,
	3.30097 3.80178,
	3.31844 3.82106,
	3.32808 3.8307,
	3.3329 3.83491,
	3.34013 3.84455,
	3.35881 3.86383,
	3.36363 3.86865,
	3.37628 3.88793,
	3.38773 3.90721,
	3.39436 3.91685,
	3.39797 3.92167,
	3.41846 3.96023,
	3.42448 3.96987,
	3.42689 3.97469,
	3.46545 4.01205,
	3.47509 4.02109,
	3.47991 4.02531,
	3.49136 4.04459,
	3.49558 4.05423,
	3.49558 4.07351,
	3.49558 4.08315,
	3.49558 4.08797,
	3.49558 4.09038,
	3.48533 4.10966,
	3.48413 4.11207,
	3.46485 4.12532,
	3.44557 4.13677,
	3.43593 4.14099,
	3.43111 4.14279,
	3.42689 4.14761,
	3.42267 4.15725,
	3.41966 4.16689,
	3.41785 4.17171,
	3.41906 4.19099,
	3.4299 4.21027,
	3.43412 4.21509,
	3.4534 4.22775,
	3.47268 4.24401,
	3.4775 4.24823,
	3.48413 4.25787,
	3.48533 4.26269,
	3.48292 4.28197,
	3.48232 4.32053,
	3.48353 4.33981,
	3.48835 4.35909,
	3.49196 4.36873,
	3.49799 4.37837,
	3.51305 4.39765,
	3.52148 4.41693,
	3.5245 4.42657,
	3.52811 4.44585,
	3.5257 4.48441,
	3.5245 4.49405,
	3.5245 4.49887,
	3.51727 4.51815,
	3.51486 4.52297,
	3.51184 4.52599,
	3.5022 4.5302,
	3.49317 4.53201,
	3.48353 4.53201,
	3.47931 4.53081,
	3.4781 4.53081,
	3.4775 4.5296,
	3.47509 4.5296,
	3.47328 4.5284,
	3.47208 4.5284,
	3.47148 4.52719,
	3.47027 4.52719,
	3.46907 4.52599,
	3.46666 4.52599,
	3.46364 4.52418,
	3.45882 4.52358,
	3.45641 4.52358,
	3.454 4.52237,
	3.44075 4.51032,
	3.42207 4.49104,
	3.41243 4.4814,
	3.39616 4.46212,
	3.38231 4.44284,
	3.37869 4.43802,
	3.3564 4.39946,
	3.32326 4.3609,
	3.3082 4.34162,
	3.30458 4.3368,
	3.29494 4.32716,
	3.28349 4.30788,
	3.26542 4.2886,
	3.26301 4.28619,
	3.2606 4.28137,
	3.25698 4.27655,
	3.25156 4.26691,
	3.24915 4.26209,
	3.24674 4.25245,
	3.24252 4.24281,
	3.23108 4.22353,
	3.22324 4.21389,
	3.20396 4.19581,
	3.19432 4.18919,
	3.18468 4.18075,
	3.17986 4.17774,
	3.17143 4.1687,
	3.16119 4.14942,
	3.14552 4.11086,
	3.13769 4.09158,
	3.13407 4.08194,
	3.13166 4.0723,
	3.12323 4.05302,
	3.1172 4.04338,
	3.10274 4.0241,
	3.09009 4.00482,
	3.07864 3.98554,
	3.05213 3.94698,
	3.03828 3.9277,
	3.03105 3.91806,
	3.01237 3.90059,
	3.00393 3.89095,
	2.94971 3.81383,
	2.94248 3.80419,
	2.93284 3.78491,
	2.92802 3.77527,
	2.92199 3.75599,
	2.91777 3.74635,
	2.88524 3.70778,
	2.85451 3.66922,
	2.8509 3.6644,
	2.84849 3.66199,
	2.83523 3.64271,
	2.82378 3.62343,
	2.81957 3.61379,
	2.81655 3.60415,
	2.80993 3.59451,
	2.79125 3.57584,
	2.78402 3.5662,
	2.78221 3.56379,
	2.77438 3.52523,
	2.77317 3.52041,
	2.77317 3.51137,
	"/>
</Transform>

<Transform dim="0"
 xcoef=" 0 1 0 0 0 0"
 ycoef=" 0 0 1 0 0 0">
<Contour name="Ea4(ER)" hidden="false" closed="true" simplified="true" border="0.580392 0.988235 0.87451" fill="0.733 0.753 0.949" mode="9"
 points="2.38453 3.56697,
	2.38861 3.56365,
	2.39065 3.56263,
	2.39882 3.5611,
	2.40698 3.56493,
	2.41515 3.57054,
	2.41923 3.57335,
	2.42331 3.57667,
	2.43148 3.58407,
	2.4348 3.58815,
	2.43965 3.59631,
	2.44067 3.59836,
	2.45291 3.61469,
	2.45904 3.62285,
	2.46695 3.63,
	2.47103 3.63229,
	2.4792 3.63561,
	2.48124 3.63663,
	2.49757 3.63918,
	2.49961 3.63969,
	2.50777 3.64429,
	2.51186 3.64709,
	2.51594 3.65041,
	2.53125 3.66674,
	2.53865 3.67491,
	2.54248 3.67899,
	2.54426 3.68103,
	2.54937 3.68919,
	2.55498 3.69736,
	2.55804 3.70144,
	2.56315 3.70961,
	2.56952 3.71777,
	2.57769 3.72594,
	2.58101 3.73002,
	2.58892 3.73768,
	2.59479 3.74559,
	2.60295 3.75197,
	2.60703 3.75554,
	2.62336 3.76702,
	2.63153 3.77136,
	2.63561 3.77391,
	2.64378 3.78054,
	2.64786 3.78335,
	2.6499 3.78488,
	2.66623 3.79356,
	2.6744 3.79917,
	2.67848 3.80198,
	2.68665 3.80581,
	2.69073 3.80734,
	2.69277 3.80785,
	2.69379 3.80836,
	2.70196 3.80963,
	2.71012 3.8081,
	2.7142 3.80734,
	2.71829 3.80606,
	2.72237 3.8053,
	2.72441 3.80504,
	2.73258 3.80606,
	2.73462 3.80657,
	2.74278 3.81065,
	2.74482 3.81167,
	2.75299 3.81856,
	2.76932 3.83056,
	2.77749 3.83566,
	2.77953 3.83694,
	2.78769 3.83821,
	2.79177 3.84025,
	2.79382 3.84127,
	2.79713 3.8451,
	2.79968 3.84918,
	2.80045 3.85122,
	2.80096 3.85939,
	2.80096 3.86347,
	2.80071 3.86551,
	2.79764 3.8696,
	2.79356 3.87291,
	2.7854 3.877,
	2.78131 3.87853,
	2.77927 3.87929,
	2.76294 3.88057,
	2.74661 3.88108,
	2.74253 3.88108,
	2.73844 3.88031,
	2.7364 3.8798,
	2.72824 3.87496,
	2.72007 3.86858,
	2.71191 3.86398,
	2.70374 3.8599,
	2.67108 3.84816,
	2.667 3.84612,
	2.66292 3.84485,
	2.66087 3.84434,
	2.65271 3.8451,
	2.64863 3.84587,
	2.64454 3.84714,
	2.64046 3.84791,
	2.63842 3.84842,
	2.63434 3.84842,
	2.63025 3.84765,
	2.62923 3.8474,
	2.62132 3.84,
	2.6203 3.83592,
	2.62005 3.8354,
	2.62209 3.83336,
	2.62311 3.83234,
	2.62719 3.83081,
	2.62821 3.83005,
	2.62872 3.82979,
	2.62872 3.82571,
	2.62872 3.82367,
	2.62056 3.81652,
	2.60423 3.80657,
	2.60014 3.80376,
	2.5981 3.80249,
	2.59402 3.79892,
	2.59198 3.79738,
	2.58381 3.79381,
	2.57973 3.79101,
	2.57769 3.78947,
	2.56952 3.78565,
	2.56544 3.78361,
	2.56136 3.78105,
	2.55932 3.77978,
	2.55141 3.77212,
	2.55039 3.76804,
	2.55013 3.76702,
	2.55064 3.766,
	2.55268 3.76472,
	2.56085 3.76447,
	2.56493 3.76421,
	2.5657 3.7637,
	2.56825 3.75962,
	2.56468 3.75145,
	2.56238 3.74737,
	2.55677 3.73921,
	2.55345 3.73512,
	2.54528 3.72849,
	2.5412 3.72568,
	2.53304 3.72135,
	2.52895 3.7193,
	2.52487 3.71854,
	2.52079 3.71981,
	2.51288 3.72568,
	2.51313 3.72977,
	2.51517 3.73793,
	2.51543 3.73895,
	2.5116 3.74176,
	2.50752 3.74252,
	2.5065 3.74278,
	2.49833 3.73768,
	2.49425 3.73436,
	2.49221 3.73283,
	2.48889 3.72875,
	2.47766 3.71241,
	2.47511 3.70833,
	2.47358 3.70629,
	2.47129 3.70221,
	2.46873 3.69404,
	2.46797 3.692,
	2.46261 3.68384,
	2.45011 3.66751,
	2.44679 3.66342,
	2.44143 3.65526,
	2.43965 3.65117,
	2.43888 3.64301,
	2.43837 3.64097,
	2.43276 3.6328,
	2.42816 3.62464,
	2.42663 3.62055,
	2.42561 3.61851,
	2.41923 3.61035,
	2.38785 3.57769,
	2.38683 3.57667,
	2.38632 3.57616,
	2.38453 3.56799,
	2.38453 3.56722,
	"/>
</Transform>

</Section>