<?xml version="1.0"?>
<!DOCTYPE Section SYSTEM "section.dtd">

<Section index="18" thickness="0.05" alignLocked="true">
<Transform dim="6"
 xcoef=" 0.432365112116985 0.787587290259986 0.410182353376433 0 0 0"
 ycoef=" 2.46056042570292 -0.541517541090794 0.783889188898365 0 0 0">
<Image mag="0.0022159" contrast="1" brightness="0"
 src="R34CA1-B_S12.118.jpg" />
<Contour name="domain1" hidden="false" closed="true" simplified="false" border="1 0 1" fill="1 0 1" mode="11"
 points="0 0,
	4096 0,
	4096 4096,
	0 4096,
	"/>
</Transform>

<Transform dim="0"
 xcoef=" 0 1 0 0 0 0"
 ycoef=" 0 0 1 0 0 0">
<Contour name="Ed1" hidden="false" closed="true" simplified="true" border="0.541176 0.756863 0.0352941" fill="0.501961 1 1" mode="9"
 points="2.45395 2.12948,
	2.46487 2.10765,
	2.47306 2.09673,
	2.48397 2.08991,
	2.5058 2.08855,
	2.59313 2.12948,
	2.61496 2.13767,
	2.62588 2.14449,
	2.66545 2.18815,
	2.67363 2.19907,
	2.7173 2.22772,
	2.72821 2.23727,
	2.74459 2.2591,
	2.76642 2.27411,
	2.77733 2.28367,
	2.79916 2.29731,
	2.81008 2.3055,
	2.83191 2.32596,
	2.85374 2.33142,
	2.86466 2.33688,
	2.87012 2.33961,
	2.88103 2.36144,
	2.87967 2.3669,
	2.86875 2.37099,
	2.85784 2.37236,
	2.81417 2.3669,
	2.80326 2.36144,
	2.7978 2.36144,
	2.79507 2.36008,
	2.77324 2.35462,
	2.76778 2.35189,
	2.76505 2.35189,
	2.74322 2.34507,
	2.6559 2.3055,
	2.64498 2.30004,
	2.62315 2.29322,
	2.57949 2.27275,
	2.55765 2.26183,
	2.51399 2.23045,
	2.49216 2.20998,
	2.46896 2.16632,
	2.45805 2.14449,
	2.45395 2.13357,
	2.45395 2.13085,
	"/>
</Transform>

<Transform dim="0"
 xcoef=" 0 1 0 0 0 0"
 ycoef=" 0 0 1 0 0 0">
<Contour name="Ed4" hidden="false" closed="true" simplified="true" border="0.541176 0.756863 0.0352941" fill="0.501961 1 1" mode="9"
 points="1.4959 2.64703,
	1.49973 2.63937,
	1.50739 2.63746,
	1.56868 2.64512,
	1.59933 2.64703,
	1.62997 2.65469,
	1.66062 2.67193,
	1.67594 2.67959,
	1.70659 2.68725,
	1.73723 2.68725,
	1.75256 2.68342,
	1.81385 2.68151,
	1.82151 2.67959,
	1.83683 2.68151,
	1.85216 2.68725,
	1.8828 2.70449,
	1.91345 2.71024,
	1.94409 2.71215,
	1.95942 2.71407,
	1.99006 2.72365,
	1.99772 2.72365,
	2.01305 2.73131,
	2.04369 2.73322,
	2.07434 2.72365,
	2.10498 2.70258,
	2.12031 2.68917,
	2.13946 2.66044,
	2.15478 2.65278,
	2.18543 2.65469,
	2.21608 2.66427,
	2.24672 2.67768,
	2.26204 2.68534,
	2.27737 2.70066,
	2.2812 2.70449,
	2.2812 2.76578,
	2.28694 2.79643,
	2.30035 2.82708,
	2.30993 2.85772,
	2.31376 2.87305,
	2.33674 2.90369,
	2.36547 2.92859,
	2.3808 2.93817,
	2.38654 2.94583,
	2.39803 2.97647,
	2.39995 2.9918,
	2.39995 2.99946,
	2.39995 3.00329,
	2.41527 3.01861,
	2.42293 3.02627,
	2.42677 3.0301,
	2.4306 3.04543,
	2.42868 3.06075,
	2.42102 3.07607,
	2.41144 3.10672,
	2.38271 3.16801,
	2.37122 3.19866,
	2.36547 3.21398,
	2.36356 3.24463,
	2.35398 3.30592,
	2.34824 3.36721,
	2.33866 3.39785,
	2.32334 3.4285,
	2.30801 3.44382,
	2.29461 3.47447,
	2.29077 3.48979,
	2.28886 3.49745,
	2.29844 3.5281,
	2.30801 3.54342,
	2.31184 3.55108,
	2.32717 3.56449,
	2.34249 3.57024,
	2.40378 3.60663,
	2.43443 3.62195,
	2.49572 3.63153,
	2.51104 3.63919,
	2.5187 3.64302,
	2.53403 3.65834,
	2.59532 3.7024,
	2.60298 3.70814,
	2.60489 3.7158,
	2.60681 3.71964,
	2.57616 3.72538,
	2.54552 3.72538,
	2.51487 3.71964,
	2.49955 3.71197,
	2.4689 3.70623,
	2.43826 3.70431,
	2.40761 3.69282,
	2.34632 3.67941,
	2.331 3.67367,
	2.31567 3.65834,
	2.28503 3.64302,
	2.26971 3.63536,
	2.23906 3.62961,
	2.17777 3.60471,
	2.14712 3.59131,
	2.1318 3.58556,
	2.11648 3.57598,
	2.10115 3.57024,
	2.03986 3.56832,
	2.00922 3.56832,
	1.99389 3.57215,
	1.97857 3.57024,
	1.96325 3.56449,
	1.90196 3.53193,
	1.87131 3.51852,
	1.81002 3.49745,
	1.7947 3.48596,
	1.77937 3.47064,
	1.77171 3.46681,
	1.75064 3.43616,
	1.73915 3.42084,
	1.7334 3.41318,
	1.70276 3.39594,
	1.68744 3.38636,
	1.65679 3.38062,
	1.62614 3.36912,
	1.59741 3.34039,
	1.55144 3.2791,
	1.53995 3.26378,
	1.52654 3.23313,
	1.52271 3.21781,
	1.52271 3.18716,
	1.51888 3.17184,
	1.52463 3.1412,
	1.52654 3.12587,
	1.53804 3.09523,
	1.5457 3.0799,
	1.54953 3.06458,
	1.54953 3.04926,
	1.54187 3.01861,
	1.51888 2.95732,
	1.51505 2.92668,
	1.51505 2.91135,
	1.51888 2.89603,
	1.51888 2.8922,
	1.53421 2.87879,
	1.54187 2.87496,
	1.5457 2.87305,
	1.5457 2.85772,
	1.5457 2.85006,
	1.53612 2.83474,
	1.53038 2.81941,
	1.5208 2.80409,
	1.50739 2.78877,
	1.49781 2.77345,
	1.4959 2.65086,
	1.4959 2.64895,
	"/>
<Contour name="Ed4" hidden="false" closed="true" simplified="true" border="0.541176 0.756863 0.0352941" fill="0.501961 1 1" mode="9"
 points="1.15139 2.53242,
	1.15575 2.515,
	1.16119 2.5063,
	1.16445 2.50194,
	1.18187 2.4965,
	1.19057 2.49433,
	1.2254 2.49433,
	1.24281 2.49433,
	1.25152 2.49433,
	1.26893 2.50194,
	1.30375 2.53133,
	1.32117 2.54547,
	1.32987 2.55092,
	1.39952 2.57703,
	1.43435 2.59009,
	1.46917 2.60642,
	1.47352 2.60859,
	1.47788 2.61295,
	1.48005 2.61512,
	1.48005 2.62383,
	1.48005 2.62818,
	1.4757 2.63689,
	1.47135 2.63907,
	1.46264 2.64015,
	1.44523 2.64777,
	1.43652 2.64995,
	1.42782 2.64995,
	1.41911 2.65213,
	1.4017 2.65974,
	1.39299 2.65974,
	1.35817 2.67498,
	1.34075 2.67498,
	1.33205 2.67171,
	1.31464 2.65974,
	1.29722 2.65213,
	1.2624 2.64233,
	1.25369 2.64015,
	1.23628 2.64451,
	1.22757 2.64233,
	1.21887 2.63689,
	1.21016 2.62927,
	1.20581 2.62601,
	1.20363 2.62383,
	1.19601 2.58901,
	1.19384 2.5803,
	1.17751 2.56506,
	1.16881 2.55962,
	1.1601 2.552,
	1.15575 2.54765,
	1.15248 2.53894,
	1.15139 2.53459,
	1.15139 2.5335,
	"/>
</Transform>

<Transform dim="0"
 xcoef=" 0 1 0 0 0 0"
 ycoef=" 0 0 1 0 0 0">
<Contour name="Ea5" hidden="false" closed="true" simplified="true" border="0.984314 0.207843 0.0156863" fill="1 1 0.690196" mode="9"
 points="2.55879 2.84973,
	2.57526 2.81873,
	2.58204 2.80323,
	2.58689 2.77223,
	2.58786 2.76448,
	2.58882 2.7606,
	2.58495 2.74511,
	2.58398 2.73736,
	2.58786 2.70636,
	2.59076 2.69086,
	2.59464 2.68311,
	2.59657 2.67923,
	2.60432 2.67245,
	2.61207 2.66954,
	2.61595 2.66761,
	2.63145 2.66858,
	2.64695 2.67148,
	2.6547 2.67342,
	2.6702 2.67342,
	2.6857 2.66954,
	2.7012 2.66373,
	2.7322 2.66761,
	2.7632 2.68117,
	2.7787 2.68601,
	2.7942 2.68795,
	2.79516 2.69086,
	2.79323 2.69861,
	2.73123 2.75286,
	2.71573 2.76351,
	2.70895 2.77126,
	2.70604 2.77901,
	2.70314 2.79451,
	2.69829 2.81001,
	2.69635 2.81389,
	2.69345 2.82938,
	2.69248 2.83713,
	2.6857 2.85263,
	2.68279 2.85651,
	2.66729 2.86426,
	2.65954 2.86135,
	2.65179 2.85554,
	2.64404 2.85167,
	2.62854 2.85263,
	2.62079 2.85457,
	2.61304 2.86038,
	2.60917 2.86813,
	2.6082 2.87588,
	2.60723 2.87976,
	2.60917 2.88751,
	2.61111 2.89138,
	2.61304 2.90688,
	2.61304 2.91463,
	2.61111 2.92238,
	2.60626 2.93013,
	2.59851 2.93207,
	2.59464 2.9311,
	2.59076 2.9156,
	2.59076 2.9001,
	2.58979 2.89235,
	2.58786 2.88848,
	2.57236 2.87588,
	2.56461 2.87104,
	2.56073 2.86329,
	2.55879 2.86135,
	2.55879 2.86038,
	"/>
</Transform>

<Transform dim="0"
 xcoef=" 0 1 0 0 0 0"
 ycoef=" 0 0 1 0 0 0">
<Contour name="Ea5(v236)" hidden="false" closed="true" simplified="true" border="1 0 0" fill="1 1 1" mode="9"
 points="3.41234 1.51856,
	3.41289 1.51367,
	3.41451 1.50905,
	3.41712 1.50494,
	3.42057 1.50156,
	3.42468 1.4991,
	3.42922 1.49769,
	3.43396 1.4974,
	3.43863 1.49826,
	3.44299 1.5002,
	3.4468 1.50314,
	3.44985 1.50691,
	3.45198 1.51131,
	3.45307 1.5161,
	3.45307 1.52102,
	3.45198 1.52581,
	3.44985 1.53021,
	3.4468 1.53398,
	3.44299 1.53692,
	3.43863 1.53886,
	3.43396 1.53972,
	3.42922 1.53943,
	3.42468 1.53802,
	3.42057 1.53556,
	3.41712 1.53218,
	3.41451 1.52807,
	"/>
<Contour name="Ea5(v247)" hidden="false" closed="true" simplified="true" border="1 0 0" fill="1 1 1" mode="9"
 points="3.35026 1.62908,
	3.35081 1.62436,
	3.35244 1.61988,
	3.35505 1.61586,
	3.35853 1.61251,
	3.36269 1.60998,
	3.36733 1.60841,
	3.37222 1.60788,
	3.3771 1.60841,
	3.38174 1.60998,
	3.3859 1.61251,
	3.38938 1.61586,
	3.39199 1.61988,
	3.39362 1.62436,
	3.39417 1.62908,
	3.39362 1.63379,
	3.39199 1.63827,
	3.38938 1.64229,
	3.3859 1.64565,
	3.38174 1.64817,
	3.3771 1.64974,
	3.37222 1.65027,
	3.36733 1.64974,
	3.36269 1.64817,
	3.35853 1.64565,
	3.35505 1.64229,
	3.35244 1.63827,
	"/>
<Contour name="Ea5(v258)" hidden="false" closed="true" simplified="true" border="1 0 0" fill="1 1 1" mode="9"
 points="3.27305 1.75776,
	3.27365 1.75249,
	3.27539 1.74755,
	3.27818 1.74325,
	3.28184 1.73986,
	3.28613 1.7376,
	3.29079 1.73661,
	3.29552 1.73694,
	3.30004 1.73858,
	3.30404 1.74143,
	3.30729 1.7453,
	3.30957 1.74996,
	3.31075 1.7551,
	3.31075 1.76042,
	3.30957 1.76556,
	3.30729 1.77022,
	3.30404 1.77409,
	3.30004 1.77694,
	3.29552 1.77858,
	3.29079 1.77891,
	3.28613 1.77792,
	3.28184 1.77566,
	3.27818 1.77227,
	3.27539 1.76797,
	3.27365 1.76303,
	"/>
<Contour name="Ea5(v269)" hidden="false" closed="true" simplified="true" border="1 0 0" fill="1 1 1" mode="9"
 points="3.27003 1.69342,
	3.27067 1.68831,
	3.27256 1.68359,
	3.27555 1.67959,
	3.27943 1.67662,
	3.28389 1.67489,
	3.28862 1.67454,
	3.29327 1.67559,
	3.29748 1.67796,
	3.30094 1.68148,
	3.3034 1.68588,
	3.30468 1.69084,
	3.30468 1.69599,
	3.3034 1.70096,
	3.30094 1.70536,
	3.29748 1.70888,
	3.29327 1.71125,
	3.28862 1.7123,
	3.28389 1.71195,
	3.27943 1.71022,
	3.27555 1.70725,
	3.27256 1.70325,
	3.27067 1.69852,
	"/>
<Contour name="Ea5(v280)" hidden="false" closed="true" simplified="true" border="1 0 0" fill="1 1 1" mode="9"
 points="3.3003 1.6533,
	3.30092 1.64821,
	3.30274 1.64346,
	3.30563 1.63938,
	3.30939 1.63625,
	3.31377 1.63429,
	3.31847 1.63362,
	3.32317 1.63429,
	3.32756 1.63625,
	3.33132 1.63938,
	3.3342 1.64346,
	3.33602 1.64821,
	3.33664 1.6533,
	3.33602 1.65839,
	3.3342 1.66314,
	3.33132 1.66722,
	3.32756 1.67034,
	3.32317 1.67231,
	3.31847 1.67298,
	3.31377 1.67231,
	3.30939 1.67034,
	3.30563 1.66722,
	3.30274 1.66314,
	"/>
<Contour name="Ea5(v291)" hidden="false" closed="true" simplified="true" border="1 0 0" fill="1 1 1" mode="9"
 points="3.23672 1.79561,
	3.23734 1.79091,
	3.23915 1.78652,
	3.24204 1.78276,
	3.2458 1.77987,
	3.25018 1.77806,
	3.25489 1.77744,
	3.25959 1.77806,
	3.26397 1.77987,
	3.26773 1.78276,
	3.27062 1.78652,
	3.27243 1.79091,
	3.27305 1.79561,
	3.27243 1.80031,
	3.27062 1.80469,
	3.26773 1.80845,
	3.26397 1.81134,
	3.25959 1.81316,
	3.25489 1.81378,
	3.25018 1.81316,
	3.2458 1.81134,
	3.24204 1.80845,
	3.23915 1.80469,
	"/>
<Contour name="Ea5(v302)" hidden="false" closed="true" simplified="true" border="1 0 0" fill="1 1 1" mode="9"
 points="3.21401 1.67449,
	3.21472 1.6698,
	3.21677 1.66549,
	3.22002 1.66191,
	3.22419 1.65935,
	3.22894 1.65801,
	3.2339 1.65801,
	3.23865 1.65935,
	3.24282 1.66191,
	3.24607 1.66549,
	3.24813 1.6698,
	3.24883 1.67449,
	3.24813 1.67919,
	3.24607 1.6835,
	3.24282 1.68708,
	3.23865 1.68964,
	3.2339 1.69098,
	3.22894 1.69098,
	3.22419 1.68964,
	3.22002 1.68708,
	3.21677 1.6835,
	3.21472 1.67919,
	"/>
<Contour name="Ea5(v313)" hidden="false" closed="true" simplified="true" border="1 0 0" fill="1 1 1" mode="9"
 points="3.17313 1.86298,
	3.17369 1.85792,
	3.17531 1.85313,
	3.17792 1.84887,
	3.18137 1.84537,
	3.18548 1.84282,
	3.19002 1.84136,
	3.19476 1.84106,
	3.19943 1.84195,
	3.20379 1.84397,
	3.2076 1.84701,
	3.21065 1.85092,
	3.21278 1.85547,
	3.21387 1.86043,
	3.21387 1.86553,
	3.21278 1.87049,
	3.21065 1.87504,
	3.2076 1.87895,
	3.20379 1.88199,
	3.19943 1.88401,
	3.19476 1.88489,
	3.19002 1.8846,
	3.18548 1.88313,
	3.18137 1.88059,
	3.17792 1.87709,
	3.17531 1.87283,
	"/>
<Contour name="Ea5(v325)" hidden="false" closed="true" simplified="true" border="1 0 0" fill="1 1 1" mode="9"
 points="3.13529 1.91899,
	3.13596 1.91409,
	3.13793 1.90958,
	3.14103 1.90584,
	3.14502 1.90316,
	3.14957 1.90176,
	3.15431 1.90176,
	3.15886 1.90316,
	3.16285 1.90584,
	3.16595 1.90958,
	3.16792 1.91409,
	3.16859 1.91899,
	3.16792 1.9239,
	3.16595 1.92841,
	3.16285 1.93215,
	3.15886 1.93483,
	3.15431 1.93623,
	3.14957 1.93623,
	3.14502 1.93483,
	3.14103 1.93215,
	3.13793 1.92841,
	3.13596 1.9239,
	"/>
<Contour name="Ea5(v336)" hidden="false" closed="true" simplified="true" border="1 0 0" fill="1 1 1" mode="9"
 points="3.10047 1.87812,
	3.10106 1.87341,
	3.10281 1.869,
	3.1056 1.86516,
	3.10925 1.86214,
	3.11354 1.86012,
	3.1182 1.85923,
	3.12294 1.85953,
	3.12745 1.86099,
	3.13145 1.86354,
	3.1347 1.86699,
	3.13699 1.87115,
	3.13817 1.87575,
	3.13817 1.88049,
	3.13699 1.88508,
	3.1347 1.88924,
	3.13145 1.8927,
	3.12745 1.89524,
	3.12294 1.89671,
	3.1182 1.897,
	3.11354 1.89612,
	3.10925 1.8941,
	3.1056 1.89107,
	3.10281 1.88723,
	3.10106 1.88282,
	"/>
<Contour name="Ea5(v347)" hidden="false" closed="true" simplified="true" border="1 0 0" fill="1 1 1" mode="9"
 points="3.02399 2.04466,
	3.02448 2.04042,
	3.02594 2.03645,
	3.02826 2.033,
	3.0313 2.03028,
	3.03488 2.02846,
	3.03876 2.02767,
	3.0427 2.02793,
	3.04646 2.02925,
	3.0498 2.03154,
	3.0525 2.03465,
	3.05441 2.03839,
	3.05539 2.04252,
	3.05539 2.04679,
	3.05441 2.05092,
	3.0525 2.05466,
	3.0498 2.05777,
	3.04646 2.06006,
	3.0427 2.06138,
	3.03876 2.06165,
	3.03488 2.06085,
	3.0313 2.05903,
	3.02826 2.05631,
	3.02594 2.05286,
	3.02448 2.04889,
	"/>
<Contour name="Ea5(v358)" hidden="false" closed="true" simplified="true" border="1 0 0" fill="1 1 1" mode="9"
 points="3.10722 1.95575,
	3.10763 1.95181,
	3.10886 1.94805,
	3.11083 1.94463,
	3.11348 1.94169,
	3.11668 1.93937,
	3.12029 1.93776,
	3.12416 1.93693,
	3.12811 1.93693,
	3.13198 1.93776,
	3.1356 1.93937,
	3.13879 1.94169,
	3.14144 1.94463,
	3.14342 1.94805,
	3.14464 1.95181,
	3.14505 1.95575,
	3.14464 1.95968,
	3.14342 1.96344,
	3.14144 1.96687,
	3.13879 1.96981,
	3.1356 1.97213,
	3.13198 1.97374,
	3.12811 1.97456,
	3.12416 1.97456,
	3.12029 1.97374,
	3.11668 1.97213,
	3.11348 1.96981,
	3.11083 1.96687,
	3.10886 1.96344,
	3.10763 1.95968,
	"/>
<Contour name="Ea5(v369)" hidden="false" closed="true" simplified="true" border="1 0 0" fill="1 1 1" mode="9"
 points="3.14001 1.75586,
	3.14044 1.75166,
	3.1417 1.74765,
	3.14374 1.74403,
	3.14646 1.74096,
	3.14973 1.73859,
	3.1534 1.73703,
	3.15731 1.73634,
	3.16125 1.73657,
	3.16506 1.7377,
	3.16856 1.73968,
	3.17157 1.74242,
	3.17396 1.74578,
	3.17562 1.74962,
	3.17647 1.75375,
	3.17647 1.75797,
	3.17562 1.7621,
	3.17396 1.76594,
	3.17157 1.7693,
	3.16856 1.77204,
	3.16506 1.77402,
	3.16125 1.77515,
	3.15731 1.77538,
	3.1534 1.77469,
	3.14973 1.77313,
	3.14646 1.77076,
	3.14374 1.76769,
	3.1417 1.76407,
	"/>
<Contour name="Ea5(v380)" hidden="false" closed="true" simplified="true" border="1 0 0" fill="1 1 1" mode="9"
 points="3.14435 1.80651,
	3.14512 1.8011,
	3.14736 1.79622,
	3.15085 1.79234,
	3.15525 1.78986,
	3.16012 1.789,
	3.16499 1.78986,
	3.16938 1.79234,
	3.17287 1.79622,
	3.17511 1.8011,
	3.17588 1.80651,
	3.17511 1.81193,
	3.17287 1.81681,
	3.16938 1.82069,
	3.16499 1.82317,
	3.16012 1.82403,
	3.15525 1.82317,
	3.15085 1.82069,
	3.14736 1.81681,
	"/>
<Contour name="Ea5(v391)" hidden="false" closed="true" simplified="true" border="1 0 0" fill="1 1 1" mode="9"
 points="3.18989 1.76798,
	3.19066 1.76149,
	3.1929 1.75563,
	3.19639 1.75098,
	3.20079 1.74799,
	3.20566 1.74696,
	3.21053 1.74799,
	3.21492 1.75098,
	3.21841 1.75563,
	3.22065 1.76149,
	3.22142 1.76798,
	3.22065 1.77448,
	3.21841 1.78034,
	3.21492 1.78499,
	3.21053 1.78797,
	3.20566 1.789,
	3.20079 1.78797,
	3.19639 1.78499,
	3.1929 1.78034,
	"/>
<Contour name="Ea5(v402)" hidden="false" closed="true" simplified="true" border="1 0 0" fill="1 1 1" mode="9"
 points="3.18289 1.71368,
	3.18383 1.70665,
	3.18657 1.7003,
	3.19083 1.69526,
	3.1962 1.69203,
	3.20215 1.69091,
	3.20811 1.69203,
	3.21348 1.69526,
	3.21774 1.7003,
	3.22048 1.70665,
	3.22142 1.71368,
	3.22048 1.72072,
	3.21774 1.72707,
	3.21348 1.7321,
	3.20811 1.73534,
	3.20215 1.73645,
	3.1962 1.73534,
	3.19083 1.7321,
	3.18657 1.72707,
	"/>
<Contour name="Ea5(v412)" hidden="false" closed="true" simplified="true" border="1 0 0" fill="1 1 1" mode="9"
 points="3.27747 1.59283,
	3.27859 1.58525,
	3.28182 1.57841,
	3.28686 1.57299,
	3.29321 1.5695,
	3.30024 1.5683,
	3.30728 1.5695,
	3.31363 1.57299,
	3.31866 1.57841,
	3.3219 1.58525,
	3.32301 1.59283,
	3.3219 1.6004,
	3.31866 1.60724,
	3.31363 1.61266,
	3.30728 1.61615,
	3.30024 1.61735,
	3.29321 1.61615,
	3.28686 1.61266,
	3.28182 1.60724,
	"/>
<Contour name="Ea5(v413)" hidden="false" closed="true" simplified="true" border="1 0 0" fill="1 1 1" mode="9"
 points="3.25996 1.64887,
	3.26081 1.64238,
	3.2633 1.63652,
	3.26718 1.63187,
	3.27206 1.62888,
	3.27747 1.62786,
	3.28288 1.62888,
	3.28777 1.63187,
	3.29164 1.63652,
	3.29413 1.64238,
	3.29499 1.64887,
	3.29413 1.65537,
	3.29164 1.66123,
	3.28777 1.66588,
	3.28288 1.66886,
	3.27747 1.66989,
	3.27206 1.66886,
	3.26718 1.66588,
	3.2633 1.66123,
	"/>
<Contour name="Ea5(v415)" hidden="false" closed="true" simplified="true" border="1 0 0" fill="1 1 1" mode="9"
 points="3.32651 1.54203,
	3.32754 1.53499,
	3.33053 1.52865,
	3.33518 1.52361,
	3.34104 1.52037,
	3.34753 1.51926,
	3.35403 1.52037,
	3.35989 1.52361,
	3.36454 1.52865,
	3.36752 1.53499,
	3.36855 1.54203,
	3.36752 1.54907,
	3.36454 1.55541,
	3.35989 1.56045,
	3.35403 1.56369,
	3.34753 1.5648,
	3.34104 1.56369,
	3.33518 1.56045,
	3.33053 1.55541,
	"/>
<Contour name="Ea5(v416)" hidden="false" closed="true" simplified="true" border="1 0 0" fill="1 1 1" mode="9"
 points="3.37906 1.57706,
	3.38009 1.57002,
	3.38308 1.56368,
	3.38773 1.55864,
	3.39359 1.55541,
	3.40008 1.55429,
	3.40658 1.55541,
	3.41243 1.55864,
	3.41708 1.56368,
	3.42007 1.57002,
	3.4211 1.57706,
	3.42007 1.5841,
	3.41708 1.59045,
	3.41243 1.59548,
	3.40658 1.59872,
	3.40008 1.59983,
	3.39359 1.59872,
	3.38773 1.59548,
	3.38308 1.59045,
	"/>
</Transform>

<Transform dim="0"
 xcoef=" 0 1 0 0 0 0"
 ycoef=" 0 0 1 0 0 0">
<Contour name="Ea5(MVB1)" hidden="false" closed="true" simplified="true" border="0.521569 0.858824 0.0156863" fill="0.866667 0.980392 0.521569" mode="9"
 points="3.67293 0.772368,
	3.67535 0.764623,
	3.67584 0.760751,
	3.67971 0.753006,
	3.68455 0.745261,
	3.6923 0.738,
	3.69617 0.736548,
	3.70391 0.737516,
	3.7194 0.736548,
	3.72328 0.737032,
	3.72715 0.738484,
	3.72812 0.74042,
	3.73054 0.74284,
	3.73199 0.744777,
	3.73635 0.760267,
	3.7378 0.768012,
	3.73828 0.771884,
	3.73877 0.773821,
	3.73538 0.789311,
	3.73489 0.804801,
	3.73441 0.812546,
	3.73247 0.820291,
	3.73054 0.824164,
	3.7165 0.839654,
	3.71263 0.843042,
	3.70488 0.846915,
	3.69714 0.849335,
	3.69327 0.849819,
	3.68552 0.846431,
	3.67778 0.841106,
	3.66567 0.825616,
	3.66083 0.817871,
	3.6589 0.813998,
	3.65841 0.812546,
	3.65744 0.804317,
	3.67245 0.773337,
	3.67245 0.772852,
	"/>
</Transform>

<Transform dim="0"
 xcoef=" 0 1 0 0 0 0"
 ycoef=" 0 0 1 0 0 0">
<Contour name="Ea5(MVB2)" hidden="false" closed="true" simplified="true" border="0.521569 0.858824 0.0156863" fill="0.866667 0.980392 0.521569" mode="9"
 points="3.82431 0.591584,
	3.83006 0.573187,
	3.83294 0.563988,
	3.83351 0.561689,
	3.83236 0.557089,
	3.83236 0.547891,
	3.83581 0.529494,
	3.83869 0.520295,
	3.84328 0.511097,
	3.84558 0.506497,
	3.85248 0.497299,
	3.86168 0.4881,
	3.87088 0.482926,
	3.87548 0.479476,
	3.88468 0.475452,
	3.89388 0.472577,
	3.90308 0.465678,
	3.90767 0.461654,
	3.91687 0.459929,
	3.92147 0.459354,
	3.92607 0.462229,
	3.9301 0.466253,
	3.9347 0.475452,
	3.937 0.480051,
	3.94447 0.48925,
	3.96287 0.507647,
	3.96804 0.516846,
	3.97092 0.526044,
	3.97379 0.544441,
	3.97379 0.55364,
	3.97379 0.558239,
	3.97092 0.567438,
	3.96977 0.572037,
	3.95999 0.590434,
	3.95827 0.595034,
	3.95712 0.604232,
	3.95079 0.622629,
	3.94907 0.631828,
	3.94849 0.636427,
	3.95194 0.654824,
	3.95482 0.664023,
	3.95999 0.673222,
	3.96287 0.677821,
	3.96574 0.687019,
	3.96747 0.696218,
	3.96804 0.714615,
	3.96747 0.719215,
	3.96114 0.728413,
	3.95942 0.730713,
	3.95022 0.733587,
	3.94102 0.735312,
	3.93182 0.734162,
	3.91342 0.727838,
	3.90423 0.721514,
	3.89963 0.718065,
	3.88123 0.699668,
	3.87203 0.691619,
	3.86743 0.688169,
	3.85823 0.678971,
	3.84156 0.660574,
	3.83754 0.655974,
	3.82661 0.61918,
	3.82489 0.614581,
	3.82431 0.596183,
	3.82431 0.592159,
	"/>
</Transform>

<Transform dim="0"
 xcoef=" 0 1 0 0 0 0"
 ycoef=" 0 0 1 0 0 0">
<Contour name="Ea5(ER)" hidden="false" closed="true" simplified="true" border="0 0.882 0.882" fill="0.502 1 1" mode="9"
 points="3.92641 1.12692,
	3.93347 1.11436,
	3.93818 1.10808,
	3.94132 1.10494,
	3.94368 1.09866,
	3.94839 1.09238,
	3.94996 1.09081,
	3.95074 1.08767,
	3.95467 1.08139,
	3.95859 1.06883,
	3.96016 1.05626,
	3.96095 1.04998,
	3.96095 1.04684,
	3.95545 1.03428,
	3.9531 1.02172,
	3.95702 0.996599,
	3.96095 0.990319,
	3.96723 0.984038,
	3.97351 0.980898,
	3.97979 0.983253,
	4.0002 1.00838,
	4.0057 1.02094,
	4.00805 1.02722,
	4.00962 1.03978,
	4.00884 1.04606,
	4.00413 1.05862,
	3.99235 1.06804,
	3.98607 1.07197,
	3.97429 1.08296,
	3.96801 1.08688,
	3.96252 1.09238,
	3.96252 1.09395,
	3.96095 1.09473,
	3.96095 1.0963,
	3.95938 1.09787,
	3.95859 1.10101,
	3.95624 1.10415,
	3.95467 1.11043,
	3.9531 1.11357,
	3.9531 1.11671,
	3.95153 1.11985,
	3.95153 1.13242,
	3.95545 1.14498,
	3.96487 1.19522,
	3.96566 1.20778,
	3.9633 1.22034,
	3.95859 1.22662,
	3.95624 1.22976,
	3.95545 1.23055,
	3.95153 1.22976,
	3.94525 1.22427,
	3.94211 1.22191,
	3.93583 1.20935,
	3.92719 1.18423,
	3.92484 1.17167,
	3.92484 1.14655,
	3.92562 1.13399,
	3.92641 1.1277,
	"/>
</Transform>

<Transform dim="0"
 xcoef=" 0 1 0 0 0 0"
 ycoef=" 0 0 1 0 0 0">
<Contour name="Ea5(ER)" hidden="false" closed="true" simplified="true" border="0 0.882 0.882" fill="0.502 1 1" mode="9"
 points="3.57879 1.30271,
	3.57879 1.29118,
	3.58167 1.28686,
	3.5932 1.28254,
	3.59896 1.28109,
	3.61049 1.28542,
	3.61482 1.29118,
	3.61626 1.30271,
	3.61337 1.32577,
	3.61193 1.33153,
	3.60761 1.33586,
	3.59608 1.33442,
	3.59032 1.33153,
	3.58455 1.32577,
	3.58167 1.32289,
	3.57879 1.31712,
	3.57879 1.31424,
	"/>
</Transform>

<Transform dim="0"
 xcoef=" 0 1 0 0 0 0"
 ycoef=" 0 0 1 0 0 0">
<Contour name="Ea5" hidden="false" closed="true" simplified="true" border="0.984314 0.207843 0.0156863" fill="1 1 0.690196" mode="9"
 points="2.93881 2.16465,
	2.94002 2.155,
	2.94727 2.13568,
	2.94847 2.12602,
	2.95209 2.11636,
	2.96537 2.09705,
	3.00521 2.01978,
	3.01608 2.00047,
	3.02936 1.98115,
	3.04988 1.94252,
	3.05713 1.9232,
	3.06195 1.88457,
	3.06437 1.84594,
	3.06678 1.82662,
	3.08006 1.78799,
	3.0861 1.77833,
	3.12352 1.7397,
	3.15854 1.70107,
	3.18992 1.66243,
	3.20803 1.64312,
	3.23459 1.60449,
	3.26598 1.56585,
	3.2865 1.52722,
	3.29737 1.50791,
	3.33359 1.46927,
	3.34445 1.44996,
	3.3529 1.43064,
	3.35532 1.42098,
	3.36618 1.40167,
	3.37343 1.39201,
	3.38308 1.38235,
	3.40119 1.34372,
	3.40844 1.30509,
	3.40964 1.30026,
	3.41689 1.2906,
	3.42172 1.28577,
	3.42292 1.28456,
	3.42051 1.28456,
	3.4193 1.28215,
	3.43017 1.26283,
	3.43379 1.25317,
	3.43862 1.24835,
	3.44828 1.24231,
	3.46759 1.2242,
	3.50623 1.19643,
	3.52554 1.17953,
	3.53399 1.16987,
	3.54606 1.15056,
	3.5521 1.1409,
	3.55934 1.10227,
	3.56176 1.09261,
	3.57504 1.07329,
	3.58108 1.06364,
	3.59194 1.025,
	3.59677 1.00569,
	3.59798 0.996029,
	3.61126 0.976713,
	3.6185 0.967055,
	3.62091 0.957397,
	3.62212 0.918765,
	3.62454 0.909107,
	3.63178 0.901863,
	3.6511 0.904278,
	3.65592 0.90307,
	3.66075 0.899449,
	3.66317 0.898241,
	3.66438 0.888583,
	3.66317 0.878925,
	3.64747 0.859609,
	3.63057 0.820977,
	3.62695 0.801661,
	3.62574 0.796832,
	3.63419 0.777516,
	3.64023 0.769065,
	3.65834 0.756992,
	3.66196 0.752163,
	3.66317 0.749749,
	3.65713 0.730433,
	3.64385 0.711117,
	3.64627 0.701459,
	3.6523 0.6918,
	3.65713 0.686971,
	3.66679 0.682142,
	3.67283 0.672484,
	3.67766 0.653168,
	3.69576 0.614536,
	3.69818 0.609707,
	3.73681 0.589184,
	3.74647 0.583147,
	3.75613 0.563831,
	3.75251 0.544515,
	3.74526 0.525199,
	3.7187 0.486567,
	3.71629 0.481738,
	3.71387 0.462422,
	3.71146 0.452764,
	3.72112 0.433447,
	3.7356 0.414131,
	3.75492 0.399644,
	3.76458 0.393608,
	3.78389 0.389986,
	3.79355 0.391194,
	3.79838 0.391194,
	3.8177 0.406888,
	3.82253 0.409302,
	3.83218 0.406888,
	3.83701 0.405681,
	3.85512 0.386364,
	3.87444 0.376706,
	3.91307 0.369463,
	3.93239 0.363427,
	3.97102 0.362219,
	3.99034 0.363427,
	4.00965 0.367048,
	4.01931 0.369463,
	4.02414 0.369463,
	4.0338 0.374292,
	4.05311 0.391194,
	4.06277 0.399644,
	4.08209 0.41051,
	4.12072 0.435862,
	4.14003 0.455178,
	4.1509 0.474494,
	4.15452 0.484152,
	4.15694 0.503468,
	4.15694 0.513126,
	4.16056 0.522785,
	4.17987 0.542101,
	4.18833 0.561417,
	4.1847 0.600049,
	4.18591 0.609707,
	4.17022 0.648339,
	4.1678 0.657997,
	4.17142 0.677313,
	4.17142 0.696629,
	4.17505 0.715946,
	4.17625 0.725604,
	4.17142 0.74492,
	4.15935 0.764236,
	4.1509 0.773894,
	4.14728 0.778723,
	4.12796 0.788381,
	4.1183 0.789588,
	4.07967 0.807697,
	4.06036 0.813733,
	4.05553 0.816148,
	4.04587 0.814941,
	4.04104 0.813733,
	4.02172 0.823391,
	4.01689 0.831842,
	4.01448 0.835464,
	4.02414 0.85478,
	4.0338 0.864438,
	4.05311 0.90307,
	4.06036 0.941703,
	4.06398 0.961019,
	4.06519 0.980335,
	4.06519 0.989993,
	4.05673 1.00931,
	4.03863 1.02863,
	4.0338 1.03828,
	4.02897 1.0576,
	4.02655 1.06726,
	4.01689 1.08657,
	4.01207 1.09623,
	4.0012 1.1735,
	3.99758 1.21213,
	3.98551 1.28939,
	3.97826 1.32802,
	3.97585 1.36666,
	3.97464 1.38597,
	3.96378 1.40529,
	3.95774 1.41495,
	3.93842 1.42702,
	3.92273 1.44634,
	3.91307 1.46565,
	3.90583 1.48497,
	3.90221 1.49463,
	3.90462 1.51394,
	3.90341 1.5236,
	3.89979 1.53326,
	3.89375 1.54292,
	3.87565 1.56223,
	3.83701 1.59604,
	3.83218 1.60086,
	3.79234 1.67813,
	3.77786 1.71676,
	3.75733 1.75539,
	3.7187 1.77712,
	3.70904 1.78316,
	3.68973 1.80006,
	3.68007 1.80972,
	3.67041 1.82904,
	3.66196 1.86767,
	3.65713 1.87733,
	3.63782 1.89664,
	3.62937 1.9063,
	3.61971 1.92562,
	3.60643 1.96425,
	3.59194 1.98357,
	3.58349 1.99322,
	3.56417 2.03186,
	3.55331 2.05117,
	3.54365 2.05721,
	3.52433 2.06204,
	3.4857 2.05359,
	3.48329 2.05238,
	3.47363 2.05721,
	3.46397 2.06687,
	3.45914 2.07652,
	3.45673 2.09584,
	3.45069 2.1055,
	3.44707 2.11033,
	3.40844 2.09463,
	3.39878 2.09343,
	3.38912 2.09463,
	3.37946 2.09946,
	3.37463 2.10912,
	3.37101 2.12844,
	3.36981 2.13809,
	3.3529 2.17673,
	3.34445 2.19604,
	3.32514 2.20812,
	3.32031 2.21053,
	3.30099 2.21294,
	3.26236 2.20932,
	3.22373 2.21053,
	3.18509 2.21777,
	3.16578 2.22139,
	3.12715 2.21053,
	3.10783 2.20329,
	3.03057 2.21777,
	2.99193 2.21777,
	2.97262 2.21174,
	2.96779 2.21053,
	2.96055 2.20208,
	2.95572 2.19725,
	2.94606 2.17793,
	2.94123 2.16828,
	2.93881 2.16586,
	"/>
</Transform>

<Transform dim="0"
 xcoef=" 0 1 0 0 0 0"
 ycoef=" 0 0 1 0 0 0">
<Contour name="Ea5(ER)" hidden="false" closed="true" simplified="true" border="0 0.882 0.882" fill="0.502 1 1" mode="9"
 points="3.62396 1.32378,
	3.62859 1.31318,
	3.63091 1.30788,
	3.63389 1.29728,
	3.63555 1.29198,
	3.64383 1.28138,
	3.64814 1.27608,
	3.65013 1.27343,
	3.65344 1.26282,
	3.6551 1.25752,
	3.65708 1.24692,
	3.65808 1.24162,
	3.65841 1.23897,
	3.66305 1.22837,
	3.66537 1.22307,
	3.66669 1.22042,
	3.66835 1.20982,
	3.66901 1.20717,
	3.66404 1.18596,
	3.66139 1.16476,
	3.6604 1.15416,
	3.66007 1.15283,
	3.66205 1.14223,
	3.66305 1.13693,
	3.66338 1.13428,
	3.67067 1.11308,
	3.67431 1.10248,
	3.67729 1.09188,
	3.67796 1.08923,
	3.67796 1.07863,
	3.67796 1.07332,
	3.67796 1.07067,
	3.68293 1.04947,
	3.68524 1.03887,
	3.68823 1.01767,
	3.68922 1.00707,
	3.68823 0.996465,
	3.68856 0.993815,
	3.69121 0.988514,
	3.69253 0.985864,
	3.6932 0.980563,
	3.69386 0.977913,
	3.68856 0.935507,
	3.68723 0.924906,
	3.6869 0.922256,
	3.68756 0.911654,
	3.68922 0.901053,
	3.69055 0.895752,
	3.70082 0.87455,
	3.70347 0.869249,
	3.70777 0.863948,
	3.71042 0.862623,
	3.71175 0.861961,
	3.71705 0.863948,
	3.7197 0.864942,
	3.725 0.868586,
	3.7356 0.8772,
	3.73825 0.879188,
	3.74355 0.884488,
	3.7462 0.887139,
	3.74687 0.887801,
	3.75747 0.889789,
	3.76277 0.890783,
	3.76807 0.892439,
	3.77867 0.897409,
	3.78927 0.901384,
	3.79457 0.903041,
	3.7959 0.903703,
	3.8065 0.901716,
	3.8118 0.900722,
	3.8224 0.897077,
	3.8436 0.884157,
	3.8489 0.880844,
	3.8542 0.876869,
	3.8595 0.875544,
	3.86845 0.864942,
	3.87309 0.859641,
	3.87541 0.856991,
	3.88568 0.835788,
	3.88766 0.830488,
	3.88899 0.819886,
	3.89098 0.814586,
	3.89197 0.811935,
	3.89131 0.801334,
	3.89098 0.796033,
	3.89197 0.785432,
	3.89263 0.782782,
	3.89296 0.781457,
	3.90357 0.771187,
	3.90887 0.766217,
	3.91152 0.763898,
	3.91284 0.763236,
	3.91317 0.762904,
	3.91748 0.768205,
	3.91914 0.770855,
	3.92112 0.776156,
	3.92212 0.778806,
	3.92245 0.821212,
	3.92212 0.826512,
	3.91384 0.847715,
	3.91085 0.853016,
	3.90655 0.858316,
	3.90456 0.860967,
	3.89992 0.882169,
	3.8976 0.892771,
	3.89628 0.898071,
	3.88038 0.940477,
	3.87971 0.941802,
	3.87971 0.947103,
	3.87971 0.949753,
	3.87971 0.951078,
	3.88435 0.961679,
	3.887 0.96698,
	3.88833 0.96963,
	3.8923 0.974931,
	3.89396 0.977581,
	3.89595 0.982882,
	3.89727 0.985532,
	3.8976 0.988183,
	3.89694 0.993483,
	3.89628 0.996134,
	3.8933 1.00143,
	3.89164 1.00408,
	3.88634 1.00872,
	3.88369 1.01038,
	3.87309 1.01435,
	3.85188 1.02032,
	3.84658 1.02197,
	3.84526 1.02264,
	3.84261 1.02496,
	3.83996 1.02595,
	3.83863 1.02462,
	3.83764 1.01932,
	3.83731 1.018,
	3.83698 1.01734,
	3.83764 1.01469,
	3.83764 1.01336,
	3.83896 1.01071,
	3.83963 1.00939,
	3.8446 1.00408,
	3.84725 1.00143,
	3.8499 0.996134,
	3.85188 0.990833,
	3.85255 0.985532,
	3.85255 0.982882,
	3.85255 0.981557,
	3.85487 0.975594,
	3.85453 0.964992,
	3.85354 0.962342,
	3.84327 0.951741,
	3.83797 0.947103,
	3.82737 0.942464,
	3.82207 0.941139,
	3.81147 0.940808,
	3.79026 0.941471,
	3.78496 0.942464,
	3.78231 0.94379,
	3.77966 0.94909,
	3.77867 0.951741,
	3.77701 0.962342,
	3.77602 0.972943,
	3.77668 0.978244,
	3.78132 0.988845,
	3.78231 0.991496,
	3.7843 0.994146,
	3.78695 0.999447,
	3.79722 1.01005,
	3.79987 1.01204,
	3.80948 1.02264,
	3.81511 1.03324,
	3.81677 1.03854,
	3.81776 1.04384,
	3.81942 1.04914,
	3.81975 1.05047,
	3.81876 1.05577,
	3.81213 1.06637,
	3.80683 1.06968,
	3.80153 1.07134,
	3.79888 1.07233,
	3.79755 1.07266,
	3.77635 1.06769,
	3.77105 1.06703,
	3.76045 1.06935,
	3.75515 1.07067,
	3.7525 1.07101,
	3.74985 1.07233,
	3.73925 1.08094,
	3.72864 1.09088,
	3.72003 1.10148,
	3.71473 1.11209,
	3.71009 1.12269,
	3.69916 1.16509,
	3.69419 1.1863,
	3.68922 1.1969,
	3.68558 1.2181,
	3.68491 1.2234,
	3.67994 1.234,
	3.67763 1.2393,
	3.67597 1.2446,
	3.67266 1.26581,
	3.67232 1.27111,
	3.67199 1.27376,
	3.66139 1.29496,
	3.65609 1.30556,
	3.65377 1.31086,
	3.64781 1.33206,
	3.64416 1.34267,
	3.63754 1.35294,
	3.63224 1.35559,
	3.63091 1.35625,
	3.62826 1.35492,
	3.62661 1.35227,
	3.62561 1.34697,
	3.62462 1.33637,
	3.62396 1.33107,
	3.62396 1.32577,
	3.62396 1.32444,
	3.62396 1.32411,
	"/>
</Transform>

<Transform dim="0"
 xcoef=" 0 1 0 0 0 0"
 ycoef=" 0 0 1 0 0 0">
<Contour name="Ea5(AZ1)" hidden="false" closed="true" simplified="true" border="1 0.501961 0.752941" fill="1 0.501961 1" mode="9"
 points="3.10259 1.71718,
	3.24888 1.49426,
	3.28458 1.43853,
	3.31157 1.41502,
	3.32551 1.4037,
	3.32638 1.40283,
	3.35424 1.41763,
	3.36817 1.42459,
	3.37079 1.42721,
	3.37079 1.43417,
	3.3673 1.44811,
	3.36295 1.45507,
	3.33596 1.4812,
	3.3168 1.50906,
	3.31244 1.51603,
	3.3107 1.51951,
	3.29851 1.53344,
	3.28371 1.56131,
	3.26542 1.58917,
	3.24452 1.61704,
	3.23494 1.63097,
	3.23059 1.63794,
	3.22885 1.64142,
	3.21666 1.65535,
	3.21143 1.66232,
	3.18444 1.68844,
	3.17312 1.70237,
	3.16789 1.70934,
	3.14003 1.73633,
	3.13306 1.74243,
	3.12958 1.74591,
	3.12436 1.73895,
	3.11042 1.72501,
	3.10346 1.71805,
	"/>
</Transform>

<Transform dim="0"
 xcoef=" 0 1 0 0 0 0"
 ycoef=" 0 0 1 0 0 0">
<Contour name="Ed9" hidden="false" closed="true" simplified="true" border="0.541176 0.756863 0.0352941" fill="0.501961 1 1" mode="9"
 points="1.7726 0.0748922,
	1.77502 0.0555761,
	1.77623 0.045918,
	1.78709 0.0266019,
	1.80641 0.0121149,
	1.81124 0.00849309,
	1.83055 0.00728583,
	1.84987 0.00849309,
	1.8547 0.00849309,
	1.89333 0.0241874,
	1.91265 0.031431,
	1.95128 0.0543688,
	1.95611 0.0579906,
	1.97542 0.0616124,
	1.98508 0.0640269,
	2.06235 0.0664414,
	2.08166 0.0688559,
	2.08649 0.0688559,
	2.10581 0.0809285,
	2.11547 0.0869648,
	2.13478 0.0930011,
	2.1541 0.101452,
	2.16376 0.106281,
	2.16858 0.108695,
	2.17824 0.105074,
	2.17462 0.0857575,
	2.17341 0.083343,
	2.17945 0.073685,
	2.18549 0.0543688,
	2.18669 0.0495398,
	2.18669 0.0471253,
	2.22533 0.0157366,
	2.24464 4.22877e-05,
	2.26396 0.00487132,
	2.27362 0.00728583,
	2.31225 0.0241874,
	2.33156 0.0326382,
	2.3702 0.0398818,
	2.38951 0.0386745,
	2.39917 0.0350527,
	2.41849 0.0157366,
	2.4378 0.00366406,
	2.44746 -0.00237223,
	2.47281 -0.0410044,
	2.48368 -0.0603206,
	2.48609 -0.0651496,
	2.48489 -0.0748076,
	2.46678 -0.11344,
	2.46195 -0.123098,
	2.46074 -0.142414,
	2.46557 -0.152072,
	2.47885 -0.171388,
	2.48851 -0.190704,
	2.49575 -0.200362,
	2.53438 -0.216057,
	2.5537 -0.226922,
	2.59233 -0.240202,
	2.61165 -0.248653,
	2.65028 -0.24986,
	2.6696 -0.251067,
	2.68891 -0.254689,
	2.69857 -0.255896,
	2.7372 -0.274005,
	2.75652 -0.28487,
	2.77583 -0.290907,
	2.78549 -0.294528,
	2.82412 -0.282456,
	2.84344 -0.280041,
	2.86276 -0.280041,
	2.87242 -0.283663,
	2.89173 -0.296943,
	2.91105 -0.305394,
	2.94968 -0.306601,
	2.969 -0.310223,
	2.97865 -0.31143,
	2.99797 -0.319881,
	3.0028 -0.321088,
	3.02212 -0.317466,
	3.03177 -0.316259,
	3.05109 -0.305394,
	3.07041 -0.296943,
	3.08972 -0.295736,
	3.10904 -0.296943,
	3.12835 -0.304186,
	3.14767 -0.307808,
	3.15733 -0.310223,
	3.17664 -0.309015,
	3.19596 -0.304186,
	3.20562 -0.301772,
	3.22493 -0.290907,
	3.24425 -0.286078,
	3.26357 -0.277627,
	3.28288 -0.278834,
	3.29254 -0.281249,
	3.31186 -0.295736,
	3.31669 -0.299357,
	3.336 -0.302979,
	3.35532 -0.301772,
	3.37463 -0.296943,
	3.38429 -0.295736,
	3.40361 -0.288492,
	3.42292 -0.27642,
	3.43258 -0.267969,
	3.43741 -0.258311,
	3.45673 -0.248653,
	3.47604 -0.242616,
	3.55331 -0.228129,
	3.57262 -0.225715,
	3.59194 -0.219678,
	3.63057 -0.200362,
	3.64989 -0.194326,
	3.65955 -0.193119,
	3.6692 -0.189497,
	3.69818 -0.150865,
	3.70542 -0.141207,
	3.71508 -0.132756,
	3.72595 -0.114647,
	3.74285 -0.0760149,
	3.74647 -0.0663568,
	3.77424 -0.0277246,
	3.78389 -0.0180666,
	3.79476 0.00124954,
	3.81287 0.0205657,
	3.82253 0.0302237,
	3.84184 0.041089,
	3.85995 0.0567834,
	3.86961 0.0652342,
	3.90824 0.0857575,
	3.92756 0.0917938,
	3.93722 0.0930011,
	4.01448 0.128012,
	4.09174 0.1594,
	4.13038 0.181131,
	4.14969 0.189582,
	4.18833 0.213727,
	4.19798 0.219763,
	4.21609 0.237872,
	4.22454 0.24753,
	4.2342 0.253566,
	4.24386 0.255981,
	4.25352 0.255981,
	4.26318 0.26081,
	4.27283 0.262017,
	4.29215 0.259603,
	4.30181 0.258395,
	4.34044 0.263224,
	4.35976 0.265639,
	4.43702 0.265639,
	4.47565 0.269261,
	4.49497 0.272882,
	4.51428 0.28254,
	4.52394 0.287369,
	4.53602 0.305478,
	4.54567 0.324794,
	4.55171 0.34411,
	4.55292 0.382743,
	4.55412 0.402059,
	4.55654 0.411717,
	4.56378 0.421375,
	4.58189 0.440691,
	4.59759 0.460007,
	4.60362 0.469665,
	4.60724 0.488981,
	4.61087 0.527614,
	4.61328 0.54693,
	4.60604 0.566246,
	4.58551 0.604878,
	4.57103 0.624194,
	4.55171 0.637474,
	4.54205 0.641096,
	4.52274 0.644717,
	4.51308 0.647132,
	4.49376 0.644717,
	4.4841 0.644717,
	4.46479 0.638681,
	4.44547 0.625401,
	4.43581 0.616951,
	4.42978 0.607292,
	4.42133 0.587976,
	4.40563 0.56866,
	4.39597 0.559002,
	4.39114 0.554173,
	4.38149 0.548137,
	4.37183 0.544515,
	4.35251 0.540893,
	4.34285 0.538479,
	4.33803 0.537272,
	4.31871 0.540893,
	4.29939 0.54693,
	4.26076 0.565038,
	4.24144 0.573489,
	4.23179 0.573489,
	4.21247 0.567453,
	4.20764 0.566246,
	4.19436 0.54693,
	4.17505 0.508297,
	4.17142 0.498639,
	4.1678 0.479323,
	4.15211 0.440691,
	4.14969 0.435862,
	4.11106 0.414131,
	4.1014 0.408095,
	4.08209 0.391194,
	4.07243 0.382743,
	4.05311 0.371877,
	4.0338 0.354976,
	4.01448 0.342903,
	4.00482 0.338074,
	3.99999 0.33566,
	3.99034 0.334452,
	3.9517 0.341696,
	3.91307 0.352561,
	3.90341 0.356183,
	3.82615 0.367048,
	3.78752 0.363427,
	3.7682 0.373085,
	3.75854 0.377914,
	3.73923 0.39723,
	3.72353 0.416546,
	3.71387 0.426204,
	3.70301 0.44552,
	3.69456 0.464836,
	3.69094 0.484152,
	3.69214 0.503468,
	3.69335 0.513126,
	3.69818 0.522785,
	3.70542 0.532443,
	3.71267 0.551759,
	3.71267 0.55538,
	3.71025 0.562624,
	3.70422 0.572282,
	3.70059 0.575904,
	3.66196 0.584355,
	3.64265 0.587976,
	3.60401 0.586769,
	3.56538 0.579526,
	3.55572 0.577111,
	3.53641 0.579526,
	3.51709 0.586769,
	3.51226 0.587976,
	3.49295 0.602463,
	3.47363 0.62178,
	3.46518 0.631438,
	3.45914 0.67007,
	3.45552 0.689386,
	3.42775 0.728018,
	3.41206 0.747334,
	3.39274 0.76665,
	3.38308 0.776308,
	3.34445 0.796832,
	3.26719 0.82822,
	3.22856 0.848744,
	3.21165 0.86806,
	3.20683 0.877718,
	3.20441 0.887376,
	3.20803 0.906692,
	3.20803 0.926008,
	3.20562 0.935666,
	3.20562 0.940495,
	3.19234 0.959811,
	3.18509 0.96947,
	3.16699 0.986371,
	3.15854 0.996029,
	3.15612 1.00086,
	3.15854 1.01052,
	3.15854 1.01535,
	3.17544 1.05398,
	3.18509 1.07329,
	3.19113 1.08295,
	3.22976 1.11796,
	3.26477 1.15659,
	3.27202 1.16505,
	3.31065 1.18678,
	3.32997 1.19643,
	3.34928 1.20851,
	3.35411 1.21213,
	3.35653 1.21454,
	3.35894 1.23386,
	3.36135 1.24352,
	3.3686 1.25317,
	3.38791 1.26283,
	3.39636 1.28215,
	3.3855 1.32078,
	3.37584 1.3401,
	3.37101 1.35941,
	3.36256 1.37873,
	3.3517 1.39805,
	3.34566 1.4077,
	3.30944 1.44634,
	3.29254 1.46565,
	3.26719 1.50428,
	3.25632 1.5236,
	3.23942 1.56223,
	3.22011 1.60086,
	3.19234 1.6395,
	3.18027 1.65881,
	3.17423 1.66847,
	3.16578 1.67692,
	3.15612 1.68296,
	3.1187 1.72038,
	3.11387 1.72521,
	3.103 1.74453,
	3.09817 1.74936,
	3.05954 1.7723,
	3.05713 1.77471,
	3.04747 1.76867,
	3.02815 1.75056,
	3.00521 1.71193,
	2.99193 1.69262,
	2.969 1.65398,
	2.95813 1.63467,
	2.95089 1.61535,
	2.94606 1.60569,
	2.94244 1.56706,
	2.97986 1.4898,
	3.00521 1.45117,
	3.02091 1.43185,
	3.04143 1.39322,
	3.0523 1.3739,
	3.06075 1.35458,
	3.06437 1.34493,
	3.07041 1.30629,
	3.07282 1.28698,
	3.07041 1.24835,
	3.0692 1.22903,
	3.07282 1.15177,
	3.07161 1.13245,
	3.07041 1.12279,
	3.05592 1.08416,
	3.03419 1.00689,
	2.99918 0.92963,
	2.9859 0.910314,
	2.96658 0.89462,
	2.94727 0.883754,
	2.93761 0.878925,
	2.92795 0.870474,
	2.91829 0.864438,
	2.84103 0.842708,
	2.82171 0.835464,
	2.74445 0.813733,
	2.70581 0.810112,
	2.66718 0.810112,
	2.65752 0.810112,
	2.61889 0.800454,
	2.54163 0.789588,
	2.50299 0.783552,
	2.46436 0.773894,
	2.3871 0.748542,
	2.34847 0.726811,
	2.32915 0.714738,
	2.31949 0.707495,
	2.30018 0.699044,
	2.28086 0.693008,
	2.24223 0.674899,
	2.20359 0.654375,
	2.19394 0.649546,
	2.18428 0.642303,
	2.17462 0.632645,
	2.16979 0.627816,
	2.13116 0.6085,
	2.11184 0.597634,
	2.07321 0.56866,
	2.0539 0.554173,
	1.97663 0.479323,
	1.95731 0.462422,
	1.92713 0.423789,
	1.91265 0.404473,
	1.90057 0.385157,
	1.89212 0.365841,
	1.87039 0.327209,
	1.8378 0.288577,
	1.81727 0.249944,
	1.80158 0.211312,
	1.79071 0.17268,
	1.78226 0.134048,
	1.77623 0.114732,
	1.7726 0.0954156,
	1.7726 0.0760995,
	"/>
</Transform>

</Section>