<?xml version="1.0"?>
<!DOCTYPE Section SYSTEM "section.dtd">

<Section index="29" thickness="0.025" alignLocked="true">
<Transform dim="0"
 xcoef=" 0 1 0 0 0 0"
 ycoef=" 0 0 1 0 0 0">
<Contour name="Ed1" hidden="false" closed="true" simplified="true" border="0.541176 0.756863 0.0352941" fill="0.501961 1 1" mode="9"
 points="2.46994 2.41785,
	2.47326 2.40723,
	2.47592 2.40192,
	2.47658 2.39926,
	2.48057 2.39395,
	2.48588 2.38997,
	2.4965 2.38665,
	2.50181 2.38466,
	2.51244 2.37735,
	2.51775 2.37403,
	2.52837 2.37005,
	2.53899 2.36739,
	2.54962 2.36341,
	2.55227 2.36208,
	2.55891 2.35943,
	2.56953 2.35943,
	2.57485 2.35943,
	2.58016 2.36076,
	2.58547 2.36076,
	2.58812 2.36076,
	2.59078 2.36208,
	2.59344 2.36208,
	2.59609 2.36341,
	2.59676 2.36341,
	2.59875 2.3654,
	2.60074 2.37071,
	2.60671 2.38134,
	2.61601 2.40258,
	2.61667 2.40524,
	2.62464 2.41586,
	2.62929 2.42051,
	2.6346 2.42383,
	2.63991 2.42582,
	2.66116 2.44109,
	2.6658 2.4464,
	2.66846 2.45703,
	2.66647 2.46765,
	2.65917 2.47827,
	2.65452 2.48358,
	2.64389 2.49022,
	2.62265 2.4962,
	2.6014 2.50018,
	2.59078 2.50085,
	2.56953 2.4962,
	2.56422 2.49487,
	2.54298 2.48491,
	2.53235 2.47827,
	2.51111 2.4723,
	2.5058 2.46898,
	2.49517 2.45902,
	2.49119 2.45371,
	2.48853 2.45304,
	2.48322 2.44839,
	2.47127 2.42715,
	2.46994 2.42184,
	2.46994 2.41918,
	2.46994 2.41852,
	"/>
<Contour name="Ed2" hidden="false" closed="true" simplified="true" border="0.541176 0.756863 0.0352941" fill="0.501961 1 1" mode="9"
 points="1.32605 1.90998,
	1.33225 1.89757,
	1.34776 1.87275,
	1.35784 1.86035,
	1.3656 1.84794,
	1.3749 1.83553,
	1.40592 1.7859,
	1.4098 1.7797,
	1.41678 1.75488,
	1.42221 1.74248,
	1.42686 1.73627,
	1.43927 1.72619,
	1.44857 1.71456,
	1.46098 1.70525,
	1.47339 1.69827,
	1.4858 1.68742,
	1.4982 1.67811,
	1.50441 1.67268,
	1.51371 1.66028,
	1.52612 1.64787,
	1.53077 1.64166,
	1.53698 1.63701,
	1.54008 1.63469,
	1.56489 1.63469,
	1.568 1.63469,
	1.5804 1.63934,
	1.58661 1.64089,
	1.59281 1.64011,
	1.59901 1.63469,
	1.61142 1.62848,
	1.62383 1.62383,
	1.63624 1.6215,
	1.64864 1.62073,
	1.65485 1.62073,
	1.66726 1.62538,
	1.67966 1.63158,
	1.68587 1.63391,
	1.69827 1.63546,
	1.70448 1.63701,
	1.70758 1.63779,
	1.71999 1.63546,
	1.72619 1.63469,
	1.7386 1.62848,
	1.75101 1.61995,
	1.76341 1.61452,
	1.77582 1.61142,
	1.80064 1.59824,
	1.81304 1.59204,
	1.83786 1.58506,
	1.85027 1.58273,
	1.85647 1.58195,
	1.88128 1.58506,
	1.9061 1.59514,
	1.9092 1.59669,
	1.92161 1.60832,
	1.92704 1.61375,
	1.93402 1.62616,
	1.93712 1.63236,
	1.94953 1.64089,
	1.96193 1.64554,
	1.96814 1.64942,
	1.97434 1.65175,
	2.02397 1.66338,
	2.04879 1.66726,
	2.06119 1.67268,
	2.0736 1.68354,
	2.07825 1.68974,
	2.0798 1.69595,
	2.08058 1.69905,
	2.08833 1.71146,
	2.09376 1.71766,
	2.09997 1.72231,
	2.10307 1.72386,
	2.11548 1.73627,
	2.12168 1.74248,
	2.12323 1.74403,
	2.12478 1.75023,
	2.12401 1.75643,
	2.12168 1.76264,
	2.1178 1.76884,
	2.11315 1.78125,
	2.10152 1.79211,
	2.08911 1.79986,
	2.08601 1.80141,
	2.0736 1.80296,
	2.04879 1.80839,
	2.02397 1.80994,
	2.01156 1.80917,
	2.00536 1.80839,
	2.00226 1.80839,
	1.97744 1.79831,
	1.97124 1.79598,
	1.95883 1.79366,
	1.95263 1.79211,
	1.92781 1.78202,
	1.91541 1.77737,
	1.89059 1.77349,
	1.86578 1.77117,
	1.84096 1.77272,
	1.82855 1.77427,
	1.81615 1.77815,
	1.80374 1.7859,
	1.79753 1.79055,
	1.77892 1.81537,
	1.77427 1.82157,
	1.77117 1.82778,
	1.76652 1.83398,
	1.75411 1.84639,
	1.75178 1.84949,
	1.74713 1.8619,
	1.74635 1.865,
	1.73705 1.87741,
	1.73239 1.88361,
	1.71223 1.93324,
	1.70758 1.94565,
	1.70836 1.97046,
	1.71068 1.98287,
	1.71146 1.98907,
	1.71533 2.00148,
	1.71999 2.0263,
	1.72231 2.0325,
	1.73084 2.04491,
	1.75411 2.09454,
	1.75954 2.10695,
	1.76652 2.11935,
	1.78435 2.14417,
	1.78745 2.15037,
	1.80762 2.17519,
	1.82002 2.18604,
	1.83243 2.1938,
	1.84484 2.20465,
	1.85647 2.21706,
	1.86655 2.22947,
	1.87508 2.24188,
	1.88671 2.25428,
	1.89912 2.26437,
	1.90532 2.26824,
	1.90843 2.26979,
	1.91773 2.2822,
	1.92471 2.29461,
	1.93479 2.30624,
	1.98442 2.34734,
	2.00381 2.37216,
	2.01311 2.38456,
	2.03715 2.40938,
	2.04956 2.41791,
	2.05499 2.42334,
	2.05887 2.42876,
	2.07127 2.43419,
	2.08368 2.43807,
	2.08678 2.43885,
	2.09144 2.44505,
	2.11548 2.46831,
	2.12633 2.47917,
	2.12943 2.48537,
	2.12943 2.49778,
	2.12245 2.51019,
	2.11858 2.51639,
	2.10772 2.5288,
	2.10229 2.535,
	2.08989 2.54043,
	2.08368 2.54353,
	2.05887 2.54819,
	2.05266 2.54896,
	2.02785 2.54353,
	2.00303 2.53345,
	1.99063 2.52725,
	1.96581 2.52027,
	1.9534 2.51329,
	1.9472 2.50941,
	1.93479 2.50864,
	1.93169 2.50864,
	1.91928 2.50243,
	1.89447 2.48615,
	1.86965 2.47142,
	1.85724 2.46366,
	1.85104 2.45978,
	1.83941 2.44815,
	1.82933 2.43574,
	1.82312 2.42954,
	1.82157 2.42799,
	1.80917 2.42721,
	1.80296 2.42644,
	1.79676 2.42411,
	1.79366 2.42334,
	1.78125 2.42566,
	1.76884 2.42644,
	1.76264 2.42566,
	1.75023 2.42179,
	1.73782 2.41946,
	1.72542 2.41403,
	1.71921 2.41015,
	1.7068 2.40783,
	1.6944 2.40395,
	1.68819 2.40162,
	1.66338 2.39775,
	1.65717 2.39619,
	1.65097 2.39232,
	1.6502 2.39154,
	1.64942 2.39309,
	1.63701 2.38456,
	1.61297 2.36363,
	1.60599 2.35122,
	1.59746 2.33881,
	1.59048 2.3264,
	1.57963 2.30159,
	1.57808 2.29849,
	1.57265 2.29228,
	1.57032 2.27987,
	1.57032 2.27677,
	1.56722 2.27057,
	1.55869 2.25816,
	1.54551 2.23335,
	1.53698 2.22094,
	1.52767 2.19612,
	1.52612 2.18992,
	1.51371 2.16511,
	1.49898 2.14029,
	1.49278 2.12788,
	1.48347 2.11548,
	1.47727 2.10927,
	1.47261 2.10307,
	1.47106 2.09997,
	1.46021 2.08756,
	1.45478 2.08136,
	1.44159 2.05654,
	1.44004 2.05344,
	1.43384 2.04801,
	1.43074 2.04568,
	1.42764 2.03948,
	1.41678 2.02707,
	1.39894 2.00226,
	1.38809 1.98985,
	1.38266 1.98365,
	1.37025 1.97589,
	1.36637 1.96969,
	1.35474 1.95883,
	1.34854 1.9534,
	1.34233 1.94953,
	1.33613 1.94332,
	1.33148 1.93712,
	1.3276 1.92471,
	1.32605 1.92161,
	1.32605 1.91541,
	1.32605 1.9123,
	1.32605 1.91075,
	"/>
<Contour name="Ea1(mito2)" hidden="false" closed="true" simplified="true" border="0 0 1" fill="0 0 1" mode="9"
 points="3.43365 2.43908,
	3.43734 2.42925,
	3.43979 2.42433,
	3.44963 2.41818,
	3.4693 2.41695,
	3.48897 2.41941,
	3.56765 2.41695,
	3.58732 2.41695,
	3.59715 2.41695,
	3.63649 2.43416,
	3.67583 2.44769,
	3.6955 2.45383,
	3.71517 2.45752,
	3.75451 2.4735,
	3.83319 2.49809,
	3.85286 2.5067,
	3.87253 2.51899,
	3.8922 2.53374,
	3.90204 2.54112,
	3.92171 2.5485,
	3.93154 2.55218,
	3.95121 2.55464,
	3.95613 2.55464,
	3.99547 2.58046,
	4.00531 2.58661,
	4.04465 2.58538,
	4.06432 2.58415,
	4.06923 2.58415,
	4.10857 2.61242,
	4.12824 2.62472,
	4.14791 2.63332,
	4.15775 2.63824,
	4.16758 2.64562,
	4.17373 2.65545,
	4.18111 2.67512,
	4.19586 2.69479,
	4.19955 2.70463,
	4.20078 2.70954,
	4.19463 2.72921,
	4.18357 2.74888,
	4.16513 2.76855,
	4.16021 2.77347,
	4.15037 2.79314,
	4.14546 2.81281,
	4.14546 2.81773,
	4.14054 2.82756,
	4.13808 2.83248,
	4.12824 2.83863,
	4.11841 2.84232,
	4.03973 2.83494,
	4.00039 2.82879,
	3.98072 2.82142,
	3.96105 2.81035,
	3.92171 2.79314,
	3.90204 2.78577,
	3.8627 2.77593,
	3.85286 2.77347,
	3.83319 2.76364,
	3.79385 2.74766,
	3.75451 2.73659,
	3.73484 2.73167,
	3.71517 2.7243,
	3.70534 2.71938,
	3.6955 2.70954,
	3.67583 2.69848,
	3.65616 2.68987,
	3.57748 2.64439,
	3.56765 2.63824,
	3.55781 2.62841,
	3.53814 2.61365,
	3.50249 2.57677,
	3.49143 2.5571,
	3.48405 2.53743,
	3.47422 2.51776,
	3.4693 2.50793,
	3.45455 2.48826,
	3.4484 2.47842,
	3.43856 2.4735,
	3.43365 2.46982,
	3.43365 2.45015,
	3.43365 2.44031,
	"/>
<Contour name="Ed3" hidden="false" closed="true" simplified="true" border="0.541176 0.756863 0.0352941" fill="0.501961 1 1" mode="9"
 points="1.08506 1.58346,
	1.08672 1.57458,
	1.08728 1.57014,
	1.09061 1.56126,
	1.09671 1.55238,
	1.10004 1.54794,
	1.10448 1.53906,
	1.10559 1.53684,
	1.12335 1.52296,
	1.14111 1.5102,
	1.14999 1.50298,
	1.15221 1.50132,
	1.16109 1.49799,
	1.16553 1.49632,
	1.18329 1.49577,
	1.21881 1.49799,
	1.23657 1.50354,
	1.24546 1.50853,
	1.26322 1.51686,
	1.26766 1.51852,
	1.28431 1.53573,
	1.29152 1.54461,
	1.30873 1.56126,
	1.32649 1.57569,
	1.3276 1.5768,
	1.34536 1.58013,
	1.35424 1.58179,
	1.36312 1.58235,
	1.39864 1.57957,
	1.4164 1.57791,
	1.42528 1.57624,
	1.42972 1.57569,
	1.44748 1.57957,
	1.4497 1.58013,
	1.46746 1.59789,
	1.46968 1.60011,
	1.47912 1.61787,
	1.48189 1.63563,
	1.483 1.64451,
	1.48356 1.64895,
	1.48356 1.65117,
	1.47967 1.66005,
	1.47745 1.66449,
	1.46857 1.67337,
	1.45969 1.68114,
	1.45525 1.68447,
	1.44637 1.68947,
	1.43749 1.69557,
	1.42861 1.70279,
	1.42417 1.70667,
	1.42195 1.70889,
	1.41251 1.72665,
	1.39087 1.76217,
	1.37977 1.77994,
	1.37033 1.7977,
	1.36312 1.80658,
	1.35368 1.82434,
	1.35035 1.83322,
	1.34147 1.85098,
	1.33315 1.8593,
	1.32871 1.86208,
	1.31983 1.86596,
	1.31539 1.86763,
	1.29763 1.86874,
	1.28875 1.8643,
	1.27987 1.85819,
	1.27099 1.8532,
	1.26655 1.85098,
	1.25767 1.8421,
	1.24879 1.83488,
	1.24435 1.831,
	1.23713 1.82212,
	1.2288 1.81379,
	1.22436 1.80991,
	1.21937 1.80103,
	1.21715 1.79659,
	1.21326 1.77883,
	1.2116 1.76994,
	1.21104 1.76106,
	1.20938 1.75218,
	1.2066 1.7433,
	1.20549 1.73886,
	1.20438 1.73664,
	1.18662 1.72221,
	1.16886 1.71056,
	1.16498 1.70667,
	1.1622 1.70223,
	1.15443 1.69335,
	1.15221 1.68891,
	1.1511 1.68447,
	1.14167 1.66671,
	1.1339 1.65783,
	1.12779 1.64895,
	1.12446 1.64451,
	1.11558 1.63563,
	1.09782 1.62231,
	1.09338 1.61843,
	1.09116 1.61676,
	1.08839 1.60788,
	1.08728 1.60566,
	1.08561 1.5879,
	1.08506 1.58401,
	"/>
<Contour name="Ed5" hidden="false" closed="true" simplified="true" border="0.541176 0.756863 0.0352941" fill="0.501961 1 1" mode="9"
 points="2.70071 5.49983,
	2.70591 5.47208,
	2.70937 5.45821,
	2.73712 5.43047,
	2.76486 5.43047,
	2.77873 5.43047,
	2.7926 5.42006,
	2.80821 5.39232,
	2.81515 5.37845,
	2.81515 5.35071,
	2.81168 5.32296,
	2.81168 5.30909,
	2.81168 5.30215,
	2.82555 5.27441,
	2.82555 5.26054,
	2.82035 5.24667,
	2.81515 5.23973,
	2.82382 5.21199,
	2.82728 5.20505,
	2.88277 5.20852,
	2.91051 5.20852,
	2.93826 5.21893,
	2.99374 5.24493,
	3.02149 5.25881,
	3.04923 5.27615,
	3.0631 5.28482,
	3.09084 5.29522,
	3.11859 5.31429,
	3.1446 5.3247,
	3.15673 5.32643,
	3.18101 5.32643,
	3.20875 5.3299,
	3.2365 5.3299,
	3.26424 5.3351,
	3.37521 5.33683,
	3.38908 5.33683,
	3.44457 5.3247,
	3.45844 5.32123,
	3.46538 5.31949,
	3.46885 5.31949,
	3.48272 5.30736,
	3.51046 5.29175,
	3.56595 5.29002,
	3.57288 5.28828,
	3.60063 5.29175,
	3.62837 5.28482,
	3.63184 5.28482,
	3.64744 5.25707,
	3.66131 5.20159,
	3.66305 5.17384,
	3.66825 5.15997,
	3.66825 5.13223,
	3.66478 5.10448,
	3.65264 5.07674,
	3.64744 5.06287,
	3.64918 5.049,
	3.66478 5.02125,
	3.66652 5.01432,
	3.67172 5.00738,
	3.67172 4.99351,
	3.68039 4.96577,
	3.69599 4.93802,
	3.7012 4.92415,
	3.70466 4.89641,
	3.72374 4.84092,
	3.72547 4.82705,
	3.72547 4.82012,
	3.73934 4.79237,
	3.74801 4.76463,
	3.74801 4.73689,
	3.75321 4.72301,
	3.75495 4.69527,
	3.75495 4.6814,
	3.76188 4.65366,
	3.76709 4.63979,
	3.76882 4.63285,
	3.77576 4.62765,
	3.8035 4.62591,
	3.81737 4.63285,
	3.84511 4.65366,
	3.87286 4.66233,
	3.87979 4.66406,
	3.88153 4.671,
	3.88326 4.67446,
	3.86765 4.70221,
	3.86245 4.71608,
	3.85725 4.77157,
	3.85205 4.79931,
	3.85205 4.82705,
	3.85205 4.83052,
	3.85552 4.83225,
	3.85552 4.83919,
	3.86072 4.85306,
	3.86419 4.8808,
	3.86765 4.89468,
	3.88326 4.92242,
	3.88846 4.93629,
	3.92314 4.99178,
	3.95088 5.01952,
	3.96476 5.03166,
	3.97169 5.03859,
	4.08266 5.09235,
	4.11041 5.10448,
	4.12428 5.10795,
	4.15202 5.10448,
	4.16589 5.10275,
	4.17977 5.10795,
	4.19017 5.12182,
	4.19537 5.14957,
	4.19364 5.17731,
	4.1763 5.2328,
	4.16416 5.26054,
	4.15376 5.27441,
	4.13989 5.28828,
	4.13642 5.29522,
	4.13295 5.32296,
	4.12948 5.33683,
	4.15549 5.39232,
	4.20057 5.44781,
	4.23005 5.50329,
	4.24566 5.53104,
	4.30114 5.58479,
	4.35663 5.61427,
	4.3705 5.6212,
	4.37744 5.62467,
	4.40518 5.65068,
	4.42079 5.67842,
	4.43119 5.70617,
	4.43466 5.72004,
	4.43466 5.77552,
	4.43292 5.80327,
	4.43119 5.81714,
	4.43639 5.84488,
	4.44679 5.87263,
	4.46067 5.90037,
	4.57164 5.95759,
	4.58551 5.97146,
	4.60112 5.9992,
	4.60805 6.01308,
	4.60979 6.02695,
	4.61152 6.03388,
	4.60285 6.06163,
	4.59938 6.06856,
	4.48841 6.12578,
	4.43292 6.15179,
	4.37744 6.1622,
	4.34969 6.16566,
	4.29421 6.15873,
	4.26646 6.14832,
	4.21098 6.14139,
	4.15549 6.14659,
	4.1 6.16393,
	4.07226 6.1726,
	4.01677 6.183,
	3.96129 6.17607,
	3.93354 6.17086,
	3.92661 6.16913,
	3.89887 6.183,
	3.8902 6.19687,
	3.88499 6.20381,
	3.88326 6.20728,
	3.89713 6.23502,
	3.91621 6.26276,
	3.97169 6.31652,
	3.99944 6.33039,
	4.02198 6.35813,
	4.04799 6.41362,
	4.06012 6.44136,
	4.06359 6.45523,
	4.05492 6.48298,
	4.02891 6.51072,
	4.02198 6.51592,
	3.99423 6.51939,
	3.98036 6.51592,
	3.97343 6.51592,
	3.91794 6.48298,
	3.8902 6.4639,
	3.77922 6.372,
	3.75148 6.34599,
	3.74454 6.33906,
	3.72894 6.31131,
	3.67519 6.25583,
	3.64918 6.20034,
	3.6301 6.14486,
	3.6145 6.08937,
	3.60756 6.0755,
	3.59889 6.02001,
	3.58849 5.99227,
	3.55728 5.93678,
	3.54167 5.90904,
	3.52086 5.88129,
	3.46538 5.82754,
	3.40989 5.79807,
	3.39602 5.7894,
	3.34053 5.73391,
	3.31279 5.70963,
	3.29892 5.6975,
	3.25557 5.64201,
	3.23303 5.61427,
	3.12206 5.55878,
	3.10818 5.55358,
	3.0527 5.55184,
	3.02495 5.55184,
	2.96947 5.56398,
	2.94172 5.57439,
	2.91398 5.57959,
	2.88624 5.57785,
	2.77526 5.54838,
	2.71978 5.52063,
	2.70591 5.51196,
	2.70244 5.50503,
	2.70071 5.50156,
	"/>
<Contour name="Ed4" hidden="false" closed="true" simplified="true" border="0.541176 0.756863 0.0352941" fill="0.501961 1 1" mode="9"
 points="1.63069 3.29559,
	1.63617 3.25181,
	1.6389 3.22992,
	1.6389 3.22445,
	1.65121 3.20256,
	1.66079 3.18067,
	1.6649 3.16973,
	1.69226 3.12595,
	1.75382 3.0384,
	1.76066 3.02746,
	1.77023 3.01651,
	1.78118 3.0083,
	1.78665 3.00283,
	1.79212 3.00009,
	1.80991 2.97821,
	1.81811 2.96726,
	1.84137 2.92348,
	1.85095 2.9016,
	1.86326 2.87971,
	1.86873 2.85782,
	1.87147 2.83593,
	1.87147 2.79215,
	1.8701 2.77027,
	1.866 2.74838,
	1.86326 2.73743,
	1.86326 2.71554,
	1.86052 2.69366,
	1.86326 2.67177,
	1.86326 2.66082,
	1.86736 2.64988,
	1.8701 2.62799,
	1.87147 2.61705,
	1.88378 2.59516,
	1.89336 2.58421,
	1.91525 2.56916,
	1.92619 2.56232,
	1.93166 2.55959,
	1.93713 2.55412,
	1.95902 2.54454,
	1.96449 2.53907,
	1.96997 2.53633,
	1.98091 2.53633,
	2.02469 2.55548,
	2.03563 2.56096,
	2.05752 2.56369,
	2.06846 2.56232,
	2.09035 2.54728,
	2.1013 2.54044,
	2.11224 2.53633,
	2.15602 2.53633,
	2.17791 2.53633,
	2.18885 2.53633,
	2.23263 2.54864,
	2.24357 2.55548,
	2.25452 2.56506,
	2.27093 2.58695,
	2.27777 2.59789,
	2.28188 2.60337,
	2.28598 2.62525,
	2.28735 2.6362,
	2.28051 2.67998,
	2.2682 2.72375,
	2.26273 2.74564,
	2.26957 2.76753,
	2.27367 2.78942,
	2.27367 2.81131,
	2.26957 2.83319,
	2.2682 2.85508,
	2.26957 2.86603,
	2.29009 2.9098,
	2.29556 2.92075,
	2.31608 2.94127,
	2.35986 2.97821,
	2.38174 2.99736,
	2.41594 3.04114,
	2.42826 3.06302,
	2.43099 3.07397,
	2.43236 3.11775,
	2.43783 3.13963,
	2.44057 3.16152,
	2.45151 3.18341,
	2.45562 3.2053,
	2.45699 3.21077,
	2.45151 3.23266,
	2.44878 3.2436,
	2.44331 3.25455,
	2.42826 3.27644,
	2.40637 3.29833,
	2.38448 3.31611,
	2.37354 3.32295,
	2.36396 3.34484,
	2.36259 3.35578,
	2.36122 3.36126,
	2.36396 3.38314,
	2.36943 3.40503,
	2.38038 3.42692,
	2.38585 3.43787,
	2.39542 3.44881,
	2.40637 3.4707,
	2.41321 3.49259,
	2.42689 3.58014,
	2.42963 3.60203,
	2.42963 3.64581,
	2.42279 3.66769,
	2.41868 3.67864,
	2.41458 3.70053,
	2.40363 3.71147,
	2.39542 3.72242,
	2.38448 3.73199,
	2.37354 3.73746,
	2.35165 3.73883,
	2.30787 3.73473,
	2.22032 3.71968,
	2.17654 3.70874,
	2.13276 3.70326,
	2.08899 3.706,
	2.04521 3.69916,
	2.02332 3.69232,
	2.01238 3.68821,
	1.9686 3.65949,
	1.95765 3.65401,
	1.93577 3.6376,
	1.91388 3.61845,
	1.8701 3.58424,
	1.84821 3.56646,
	1.82632 3.54594,
	1.80443 3.52952,
	1.78255 3.51858,
	1.76066 3.50353,
	1.71688 3.46796,
	1.69499 3.44881,
	1.67447 3.42692,
	1.66216 3.40503,
	1.65258 3.38314,
	1.64027 3.33937,
	1.63069 3.29696,
	"/>
<Contour name="Ea5" hidden="false" closed="true" simplified="true" border="0.984314 0.207843 0.0156863" fill="1 1 0.690196" mode="9"
 points="2.13749 3.82894,
	2.14389 3.81189,
	2.15242 3.79483,
	2.15881 3.77777,
	2.1748 3.74366,
	2.1812 3.73513,
	2.19825 3.72341,
	2.23237 3.73407,
	2.2409 3.73513,
	2.27501 3.74793,
	2.30912 3.75219,
	2.34323 3.75326,
	2.36029 3.75326,
	2.36882 3.75219,
	2.40293 3.73193,
	2.41146 3.72341,
	2.42319 3.70635,
	2.43278 3.68929,
	2.44664 3.65518,
	2.44877 3.65092,
	2.4477 3.6168,
	2.44664 3.59975,
	2.44664 3.59122,
	2.44877 3.58269,
	2.44344 3.54858,
	2.43704 3.53152,
	2.43598 3.51447,
	2.43598 3.50594,
	2.42105 3.47182,
	2.40187 3.43771,
	2.39867 3.42918,
	2.39547 3.41213,
	2.39334 3.40786,
	2.39121 3.39081,
	2.39121 3.35669,
	2.39121 3.34817,
	2.4008 3.33111,
	2.41572 3.31405,
	2.42425 3.30552,
	2.43065 3.297,
	2.43918 3.2906,
	2.44344 3.28207,
	2.44557 3.27781,
	2.4541 3.26928,
	2.46369 3.25222,
	2.46583 3.24796,
	2.46583 3.21385,
	2.46796 3.17973,
	2.46902 3.17121,
	2.47009 3.16694,
	2.4573 3.09872,
	2.45197 3.08166,
	2.44877 3.07313,
	2.44237 3.0646,
	2.43385 3.04755,
	2.43171 3.04328,
	2.42958 3.02623,
	2.42745 3.0177,
	2.42745 3.00064,
	2.42212 2.96653,
	2.41786 2.94947,
	2.41679 2.94521,
	2.41679 2.94308,
	2.41466 2.94201,
	2.41466 2.93775,
	2.41253 2.93348,
	2.41253 2.92922,
	2.40293 2.91216,
	2.39867 2.90363,
	2.39334 2.88658,
	2.38907 2.87805,
	2.39121 2.86952,
	2.39121 2.86526,
	2.40826 2.84927,
	2.42532 2.84074,
	2.44237 2.83754,
	2.47649 2.84394,
	2.5106 2.85246,
	2.52766 2.84713,
	2.53618 2.84287,
	2.55324 2.82794,
	2.55751 2.82368,
	2.55644 2.81942,
	2.5639 2.7853,
	2.56923 2.76825,
	2.57243 2.75119,
	2.57563 2.74266,
	2.58202 2.73413,
	2.58522 2.72561,
	2.57776 2.69149,
	2.57669 2.67444,
	2.57776 2.65738,
	2.57883 2.64885,
	2.58629 2.6318,
	2.59055 2.62327,
	2.60761 2.60941,
	2.61614 2.60301,
	2.63319 2.59555,
	2.65025 2.59022,
	2.65878 2.58702,
	2.67583 2.58489,
	2.68436 2.58382,
	2.70142 2.58596,
	2.73553 2.60301,
	2.75152 2.62007,
	2.76325 2.63713,
	2.76645 2.64139,
	2.76218 2.65845,
	2.74619 2.69256,
	2.73553 2.72667,
	2.7302 2.76079,
	2.72807 2.76931,
	2.73233 2.78637,
	2.76538 2.8546,
	2.78137 2.88871,
	2.78137 2.89297,
	2.79736 2.9079,
	2.80589 2.91429,
	2.81655 2.93135,
	2.83041 2.96546,
	2.83574 2.97399,
	2.83894 2.97825,
	2.84107 2.98572,
	2.8432 3.00704,
	2.83787 3.04115,
	2.82401 3.07526,
	2.82081 3.09232,
	2.81975 3.09658,
	2.82188 3.10511,
	2.82188 3.10938,
	2.83894 3.14349,
	2.8432 3.15202,
	2.85812 3.16907,
	2.86345 3.1776,
	2.87838 3.19466,
	2.88904 3.21171,
	2.89224 3.24583,
	2.89117 3.26288,
	2.88371 3.27994,
	2.87411 3.297,
	2.84213 3.33111,
	2.81975 3.36522,
	2.79949 3.39933,
	2.78244 3.43345,
	2.76218 3.46756,
	2.73873 3.50167,
	2.727 3.51873,
	2.70888 3.55284,
	2.70035 3.5699,
	2.69076 3.60401,
	2.68543 3.62107,
	2.68223 3.63812,
	2.68116 3.64665,
	2.6833 3.66371,
	2.68116 3.67224,
	2.68543 3.68929,
	2.70035 3.72341,
	2.70568 3.74046,
	2.71208 3.77458,
	2.71314 3.7831,
	2.70568 3.81722,
	2.70248 3.83427,
	2.70462 3.85133,
	2.70568 3.85986,
	2.70675 3.86412,
	2.69822 3.89823,
	2.69822 3.91529,
	2.69076 3.9494,
	2.68969 3.95367,
	2.69182 3.9622,
	2.69182 3.97925,
	2.69182 3.98778,
	2.68969 3.99631,
	2.68969 4.00484,
	2.68969 4.0091,
	2.68116 4.02616,
	2.66944 4.04321,
	2.66411 4.05174,
	2.63533 4.08586,
	2.61827 4.10185,
	2.61081 4.11037,
	2.59375 4.14449,
	2.56817 4.1786,
	2.55644 4.19566,
	2.55004 4.20418,
	2.54151 4.21165,
	2.47329 4.24576,
	2.45623 4.25002,
	2.4477 4.25322,
	2.44344 4.25429,
	2.37521 4.2255,
	2.35816 4.21804,
	2.32405 4.18606,
	2.31125 4.16901,
	2.29313 4.13489,
	2.26435 4.06667,
	2.25475 4.04961,
	2.24623 4.04108,
	2.23343 4.02403,
	2.21424 3.98991,
	2.20252 3.97286,
	2.16734 3.90463,
	2.15028 3.87052,
	2.14175 3.85346,
	2.13962 3.8492,
	2.13749 3.83214,
	2.13749 3.83001,
	"/>
<Contour name="Ed10" hidden="false" closed="true" simplified="true" border="0.541 0.757 0.035" fill="0.502 1 1" mode="9"
 points="0.614425 3.1889,
	0.619768 3.17669,
	0.621295 3.17364,
	0.633507 3.16219,
	0.63885 3.15685,
	0.644192 3.14464,
	0.644956 3.14158,
	0.643429 3.12937,
	0.645719 3.10495,
	0.657168 3.09273,
	0.660221 3.08968,
	0.666327 3.08663,
	0.673196 3.07442,
	0.692278 3.02557,
	0.697621 3.01335,
	0.699147 3.00725,
	0.70678 2.99504,
	0.710596 2.98893,
	0.712123 2.98588,
	0.718229 2.98359,
	0.732731 2.95993,
	0.736547 2.95382,
	0.738837 2.95077,
	0.787685 2.91871,
	0.790739 2.91566,
	0.815163 2.90116,
	0.839587 2.88818,
	0.851799 2.88207,
	0.900648 2.8752,
	0.906754 2.87291,
	0.909807 2.87215,
	0.921256 2.8607,
	0.925072 2.8546,
	0.926599 2.85154,
	0.938811 2.84391,
	0.944917 2.83857,
	0.957129 2.83399,
	0.960182 2.83323,
	0.969342 2.82101,
	0.976974 2.8088,
	0.98308 2.80422,
	0.995292 2.79888,
	1.0014 2.79583,
	1.01361 2.79354,
	1.01972 2.79277,
	1.03193 2.78896,
	1.04414 2.78361,
	1.05483 2.77216,
	1.06246 2.74774,
	1.06551 2.73553,
	1.06857 2.7111,
	1.06857 2.705,
	1.06857 2.70194,
	1.07315 2.68973,
	1.07467 2.68668,
	1.08001 2.63783,
	1.0907 2.61341,
	1.09452 2.6073,
	1.10062 2.60119,
	1.11283 2.59509,
	1.12505 2.59051,
	1.13115 2.58822,
	1.13421 2.58669,
	1.14642 2.58517,
	1.19527 2.5844,
	1.20748 2.58135,
	1.21053 2.57982,
	1.23496 2.55692,
	1.24717 2.54929,
	1.25327 2.54548,
	1.2777 2.53708,
	1.28991 2.53326,
	1.29602 2.52945,
	1.30823 2.52716,
	1.35708 2.52716,
	1.36929 2.52792,
	1.3754 2.52868,
	1.37845 2.52868,
	1.39066 2.53479,
	1.39371 2.53632,
	1.40593 2.54777,
	1.41203 2.55387,
	1.42119 2.56608,
	1.4273 2.5699,
	1.43035 2.57143,
	1.44256 2.57143,
	1.46699 2.56685,
	1.49141 2.56685,
	1.50362 2.56608,
	1.50973 2.56532,
	1.55858 2.57219,
	1.57079 2.57372,
	1.583 2.57906,
	1.58911 2.5844,
	1.59216 2.58746,
	1.59674 2.59967,
	1.60285 2.60577,
	1.60895 2.60959,
	1.62117 2.61493,
	1.64559 2.6302,
	1.64788 2.63325,
	1.65017 2.63936,
	1.64712 2.66378,
	1.64559 2.67599,
	1.64635 2.70042,
	1.64864 2.71263,
	1.64864 2.71874,
	1.65017 2.72484,
	1.64864 2.73705,
	1.64712 2.74316,
	1.64712 2.75537,
	1.65093 2.7798,
	1.6517 2.7859,
	1.65704 2.79812,
	1.66086 2.80422,
	1.6662 2.81033,
	1.67841 2.81872,
	1.68452 2.82254,
	1.68757 2.82407,
	1.70207 2.84849,
	1.70818 2.8607,
	1.71199 2.87291,
	1.71276 2.87902,
	1.71123 2.88513,
	1.70513 2.89734,
	1.70284 2.90039,
	1.69062 2.9065,
	1.67841 2.91489,
	1.67536 2.91718,
	1.66925 2.9294,
	1.6662 2.9355,
	1.66315 2.94771,
	1.66162 2.95993,
	1.65933 2.96603,
	1.64864 2.97824,
	1.64025 2.99046,
	1.63643 3.00267,
	1.63643 3.01488,
	1.63491 3.02709,
	1.63109 3.03931,
	1.62422 3.05152,
	1.61506 3.06373,
	1.59903 3.08815,
	1.59216 3.10037,
	1.58835 3.10647,
	1.58377 3.11868,
	1.57232 3.16753,
	1.57079 3.19196,
	1.57308 3.21638,
	1.57384 3.22859,
	1.57384 3.2347,
	1.5769 3.24691,
	1.5769 3.27134,
	1.58529 3.32019,
	1.58835 3.34461,
	1.5914 3.35682,
	1.5998 3.36903,
	1.61201 3.39346,
	1.61582 3.40567,
	1.61735 3.41178,
	1.6204 3.41788,
	1.64025 3.44231,
	1.65246 3.45376,
	1.65857 3.4591,
	1.6662 3.47131,
	1.67841 3.48352,
	1.68452 3.48887,
	1.69673 3.49726,
	1.70055 3.50337,
	1.70589 3.50947,
	1.70818 3.51253,
	1.71505 3.53695,
	1.71886 3.54916,
	1.72497 3.56138,
	1.72802 3.56748,
	1.73184 3.57969,
	1.7326 3.59191,
	1.73489 3.60412,
	1.74329 3.62854,
	1.74634 3.63465,
	1.76542 3.65907,
	1.77764 3.67052,
	1.78985 3.68045,
	1.8013 3.69266,
	1.80053 3.70487,
	1.79977 3.70792,
	1.79748 3.71021,
	1.79443 3.71098,
	1.78832 3.70869,
	1.77611 3.70029,
	1.7639 3.6896,
	1.73947 3.67358,
	1.72726 3.66823,
	1.71505 3.65984,
	1.69062 3.63694,
	1.67841 3.62625,
	1.6662 3.61709,
	1.65399 3.61023,
	1.64788 3.60794,
	1.63567 3.59954,
	1.62956 3.59572,
	1.61735 3.58427,
	1.60514 3.57588,
	1.58071 3.56977,
	1.55629 3.56596,
	1.54408 3.56214,
	1.53187 3.55451,
	1.51965 3.54993,
	1.51355 3.54764,
	1.4647 3.54993,
	1.44027 3.55069,
	1.41585 3.55756,
	1.40364 3.56519,
	1.37921 3.58275,
	1.36929 3.59496,
	1.36318 3.60717,
	1.35555 3.61938,
	1.35021 3.6316,
	1.34716 3.6377,
	1.34181 3.64381,
	1.3212 3.69266,
	1.31739 3.70487,
	1.3151 3.71098,
	1.31128 3.71708,
	1.30136 3.72929,
	1.29296 3.74151,
	1.28838 3.75372,
	1.28533 3.76593,
	1.28075 3.77814,
	1.27923 3.78425,
	1.28533 3.79646,
	1.28533 3.80867,
	1.27999 3.82089,
	1.27617 3.8331,
	1.27388 3.84531,
	1.27236 3.85142,
	1.27236 3.86363,
	1.27007 3.87584,
	1.25938 3.90026,
	1.2548 3.92469,
	1.25251 3.9369,
	1.24412 3.96133,
	1.2319 3.98575,
	1.22503 3.99796,
	1.22122 4.00407,
	1.20901 4.01399,
	1.18458 4.03765,
	1.17848 4.04376,
	1.16626 4.05368,
	1.16016 4.05826,
	1.1571 4.06055,
	1.14489 4.06513,
	1.12047 4.06971,
	1.11436 4.072,
	1.10291 4.08345,
	1.09833 4.09566,
	1.09757 4.10787,
	1.09452 4.12008,
	1.08917 4.1323,
	1.07772 4.14451,
	1.06551 4.14909,
	1.06246 4.15061,
	1.03804 4.15061,
	1.02582 4.14603,
	1.01361 4.1384,
	1.0075 4.13459,
	0.995292 4.12314,
	0.98308 4.11779,
	0.976974 4.1155,
	0.964762 4.1155,
	0.940338 4.12543,
	0.928126 4.13001,
	0.915913 4.13153,
	0.909807 4.1323,
	0.903701 4.13153,
	0.891489 4.12695,
	0.879277 4.12008,
	0.873171 4.11703,
	0.863248 4.10482,
	0.857905 4.09261,
	0.851036 4.06818,
	0.846457 4.04376,
	0.843404 4.01933,
	0.838824 4.00712,
	0.831955 3.9827,
	0.819742 3.95827,
	0.80982 3.93385,
	0.80753 3.90942,
	0.806004 3.89721,
	0.804477 3.89111,
	0.798371 3.87889,
	0.795318 3.87279,
	0.776237 3.84836,
	0.767077 3.83615,
	0.765551 3.83462,
	0.751812 3.78578,
	0.748759 3.77356,
	0.747233 3.74914,
	0.747996 3.72471,
	0.748759 3.7125,
	0.754102 3.70029,
	0.757155 3.69418,
	0.760208 3.68197,
	0.760971 3.65755,
	0.760971 3.65144,
	0.757918 3.63923,
	0.753339 3.62702,
	0.751049 3.62091,
	0.749522 3.61786,
	0.738073 3.60565,
	0.732731 3.59954,
	0.729678 3.59649,
	0.714412 3.57206,
	0.706017 3.55985,
	0.7022 3.55374,
	0.691515 3.5049,
	0.689988 3.49879,
	0.67396 3.47436,
	0.667853 3.46215,
	0.66709 3.43773,
	0.666327 3.42552,
	0.660984 3.40109,
	0.657168 3.37667,
	0.655641 3.36445,
	0.655641 3.35224,
	0.657168 3.34003,
	0.662511 3.31561,
	0.663274 3.3095,
	0.659458 3.28508,
	0.654878 3.27286,
	0.651825 3.26676,
	0.647245 3.26065,
	0.645719 3.2576,
	0.635033 3.24539,
	0.628927 3.23928,
	0.625874 3.23623,
	0.614425 3.2118,
	0.614425 3.19959,
	0.614425 3.19348,
	0.614425 3.19043,
	0.614425 3.18967,
	"/>
<Contour name="Ed10" hidden="false" closed="true" simplified="true" border="0.541 0.757 0.035" fill="0.502 1 1" mode="9"
 points="2.0141 3.69955,
	2.02298 3.69844,
	2.04075 3.70621,
	2.07628 3.71176,
	2.09404 3.71621,
	2.09848 3.71843,
	2.13401 3.71398,
	2.15178 3.71509,
	2.16066 3.71843,
	2.16954 3.7262,
	2.17176 3.73508,
	2.16954 3.74396,
	2.154 3.76173,
	2.13623 3.77172,
	2.11847 3.77061,
	2.10071 3.7584,
	2.08294 3.74174,
	2.07406 3.73286,
	2.03853 3.71398,
	2.02965 3.71065,
	2.02076 3.7051,
	2.01632 3.70177,
	2.01521 3.70066,
	"/>
<Contour name="Ed11" hidden="false" closed="true" simplified="true" border="0.541 0.757 0.035" fill="0.502 1 1" mode="9"
 points="1.89867 5.28356,
	1.90019 5.27138,
	1.90095 5.26529,
	1.90324 5.2592,
	1.92226 5.23485,
	1.93444 5.2242,
	1.94661 5.21202,
	1.9527 5.20594,
	1.96488 5.19756,
	1.97705 5.18767,
	1.9801 5.18539,
	1.99227 5.18158,
	1.99836 5.18006,
	2.02271 5.16789,
	2.03489 5.1618,
	2.04098 5.15875,
	2.06533 5.13973,
	2.0775 5.13136,
	2.08359 5.12755,
	2.08664 5.12527,
	2.11099 5.11766,
	2.12316 5.11462,
	2.12925 5.11309,
	2.1536 5.11157,
	2.20231 5.11157,
	2.22666 5.11157,
	2.25101 5.11309,
	2.27536 5.1169,
	2.28754 5.11994,
	2.29362 5.12147,
	2.3058 5.13136,
	2.32483 5.15571,
	2.33472 5.16789,
	2.34081 5.17397,
	2.34385 5.17702,
	2.35755 5.20137,
	2.36972 5.22572,
	2.37809 5.2379,
	2.38494 5.25007,
	2.38799 5.25616,
	2.39255 5.26225,
	2.40397 5.27442,
	2.41386 5.2866,
	2.43821 5.29649,
	2.4443 5.29878,
	2.46865 5.31628,
	2.47474 5.32161,
	2.48692 5.34596,
	2.49605 5.37031,
	2.50822 5.39466,
	2.5166 5.40684,
	2.52649 5.41901,
	2.53105 5.4251,
	2.54247 5.44945,
	2.5478 5.46163,
	2.5516 5.48598,
	2.55236 5.49816,
	2.55312 5.50424,
	2.55312 5.50729,
	2.54475 5.53164,
	2.5341 5.55599,
	2.52801 5.56817,
	2.52649 5.57121,
	2.51431 5.57958,
	2.50822 5.58339,
	2.48387 5.58871,
	2.4717 5.59176,
	2.46865 5.59252,
	2.4443 5.58719,
	2.3956 5.57425,
	2.34689 5.57197,
	2.33472 5.57121,
	2.31037 5.56588,
	2.30428 5.56436,
	2.2921 5.55827,
	2.28602 5.55523,
	2.26166 5.5499,
	2.24949 5.54838,
	2.20078 5.54686,
	2.17643 5.54686,
	2.16426 5.54686,
	2.15817 5.54534,
	2.15512 5.54458,
	2.14295 5.53544,
	2.13762 5.53012,
	2.13153 5.51794,
	2.12925 5.50577,
	2.1186 5.48141,
	2.10338 5.45706,
	2.0912 5.45021,
	2.07903 5.44793,
	2.05467 5.44565,
	2.03032 5.44489,
	2.01815 5.44336,
	2.0151 5.4426,
	1.99075 5.42586,
	1.97857 5.41597,
	1.96792 5.40379,
	1.95955 5.39162,
	1.94966 5.37944,
	1.93824 5.36727,
	1.93368 5.36118,
	1.92759 5.349,
	1.92454 5.34291,
	1.91541 5.33074,
	1.91161 5.32465,
	1.904 5.3003,
	1.89943 5.28812,
	1.89867 5.28508,
	1.89867 5.28432,
	"/>
<Contour name="Ea2" hidden="false" closed="true" simplified="true" border="0.984 0.208 0.016" fill="1 1 0.69" mode="9"
 points="0.552991 0.371456,
	0.555383 0.365077,
	0.56814 0.353117,
	0.580898 0.349131,
	0.587277 0.345941,
	0.612792 0.357901,
	0.62555 0.363483,
	0.631928 0.365875,
	0.644686 0.365077,
	0.657444 0.360293,
	0.670201 0.353915,
	0.721231 0.336373,
	0.746747 0.331589,
	0.772262 0.331589,
	0.778641 0.331589,
	0.78183 0.331589,
	0.785019 0.333981,
	0.791398 0.334778,
	0.804156 0.34036,
	0.855186 0.356307,
	0.880701 0.368267,
	0.906216 0.381822,
	0.931731 0.389795,
	0.944489 0.393782,
	0.957247 0.400161,
	1.00828 0.436839,
	1.02103 0.44561,
	1.02741 0.449596,
	1.05293 0.475112,
	1.06329 0.487869,
	1.07605 0.499032,
	1.08243 0.502221,
	1.08881 0.503816,
	1.10157 0.516574,
	1.11432 0.52375,
	1.12708 0.533318,
	1.15021 0.558833,
	1.16296 0.570793,
	1.17572 0.577172,
	1.1821 0.579564,
	1.20761 0.576375,
	1.22037 0.573983,
	1.23313 0.569996,
	1.28416 0.57478,
	1.29054 0.576375,
	1.31605 0.589132,
	1.32881 0.595511,
	1.33519 0.598701,
	1.34795 0.602687,
	1.37346 0.614648,
	1.38622 0.626608,
	1.3926 0.632987,
	1.39499 0.636176,
	1.41333 0.687206,
	1.41811 0.699964,
	1.42688 0.712722,
	1.43725 0.725479,
	1.44602 0.738237,
	1.4532 0.750994,
	1.47233 0.776509,
	1.48589 0.802025,
	1.53293 0.904085,
	1.53692 0.9296,
	1.54091 0.942358,
	1.57121 0.993388,
	1.58556 1.0189,
	1.59194 1.03166,
	1.59513 1.03804,
	1.60071 1.06355,
	1.6039 1.07631,
	1.60629 1.08269,
	1.61506 1.09545,
	1.62702 1.10821,
	1.63579 1.12096,
	1.64456 1.14648,
	1.65094 1.17199,
	1.65174 1.17837,
	1.64855 1.20389,
	1.64137 1.2294,
	1.62941 1.25492,
	1.62383 1.26768,
	1.60549 1.29319,
	1.59672 1.30595,
	1.59353 1.31233,
	1.59114 1.32509,
	1.59034 1.33146,
	1.59353 1.35698,
	1.59592 1.36974,
	1.59672 1.37612,
	1.59353 1.38887,
	1.58237 1.41439,
	1.57679 1.42715,
	1.57041 1.45266,
	1.56323 1.46542,
	1.55685 1.471,
	1.53134 1.48456,
	1.50582 1.49572,
	1.49306 1.49811,
	1.48669 1.4997,
	1.46117 1.51166,
	1.44841 1.51964,
	1.44203 1.52283,
	1.42928 1.5324,
	1.40376 1.54595,
	1.37825 1.55711,
	1.35273 1.55711,
	1.33997 1.55632,
	1.32722 1.55233,
	1.32084 1.55073,
	1.29532 1.52681,
	1.28256 1.51565,
	1.26981 1.50688,
	1.25705 1.5021,
	1.25067 1.4997,
	1.24748 1.49891,
	1.22197 1.47897,
	1.19645 1.45505,
	1.18848 1.4423,
	1.1829 1.42954,
	1.1829 1.42794,
	1.1813 1.42715,
	1.17971 1.41439,
	1.17971 1.40801,
	1.17811 1.40482,
	1.17731 1.39206,
	1.17572 1.38887,
	1.16934 1.38249,
	1.15658 1.37452,
	1.15021 1.37053,
	1.13745 1.35937,
	1.13107 1.35459,
	1.11991 1.34183,
	1.11672 1.33864,
	1.10236 1.31313,
	1.09439 1.30037,
	1.09359 1.29877,
	1.092 1.28841,
	1.09359 1.28203,
	1.09758 1.27565,
	1.09838 1.26927,
	1.09678 1.25651,
	1.09519 1.25013,
	1.09359 1.24695,
	1.09359 1.24057,
	1.092 1.23817,
	1.092 1.23498,
	1.08881 1.22861,
	1.07765 1.21665,
	1.07127 1.21266,
	1.06489 1.21186,
	1.06409 1.21027,
	1.0609 1.21027,
	1.05931 1.21027,
	1.05771 1.20867,
	1.05452 1.20867,
	1.04814 1.20469,
	1.03539 1.17917,
	1.02901 1.16641,
	1.01067 1.1409,
	0.989141 1.11538,
	0.979572 1.10263,
	0.964423 1.07711,
	0.950868 1.05159,
	0.944489 1.03884,
	0.939705 1.02608,
	0.938908 1.01332,
	0.940502 1.00056,
	0.932529 0.949534,
	0.929339 0.936777,
	0.922163 0.924019,
	0.911798 0.911261,
	0.881498 0.860231,
	0.830468 0.75817,
	0.817711 0.732655,
	0.811332 0.719898,
	0.778641 0.668867,
	0.749936 0.617837,
	0.732394 0.592322,
	0.722826 0.579564,
	0.718839 0.573186,
	0.694919 0.54767,
	0.682161 0.534913,
	0.670998 0.522155,
	0.652659 0.49664,
	0.639104 0.471125,
	0.631928 0.458367,
	0.627942 0.451989,
	0.576911 0.404945,
	0.57133 0.398566,
	0.56814 0.395377,
	0.561762 0.382619,
	0.557775 0.37624,
	0.554586 0.374646,
	0.552991 0.372254,
	"/>
<Contour name="Ea2(endo1)" hidden="false" closed="true" simplified="true" border="1 1 0" fill="1 1 1" mode="9"
 points="1.35999 0.906981,
	1.36528 0.892858,
	1.36705 0.864612,
	1.37588 0.836365,
	1.37941 0.829304,
	1.40765 0.822242,
	1.42178 0.825773,
	1.43237 0.839896,
	1.43414 0.854019,
	1.42884 0.882266,
	1.42884 0.889327,
	1.40942 0.917573,
	1.3953 0.931697,
	1.38824 0.935227,
	1.37411 0.931697,
	1.36882 0.928166,
	1.36528 0.928166,
	1.35999 0.914043,
	1.35999 0.908746,
	"/>
</Transform>

<Transform dim="0"
 xcoef=" 0 1 0 0 0 0"
 ycoef=" 0 0 1 0 0 0">
<Contour name="Ea2(mito1)" hidden="false" closed="true" simplified="true" border="0 0 1" fill="0 0 1" mode="9"
 points="1.01186 0.580811,
	1.01666 0.565451,
	1.01954 0.557771,
	1.02242 0.553931,
	1.03778 0.547211,
	1.04546 0.54337,
	1.07618 0.54049,
	1.08386 0.54049,
	1.09922 0.547211,
	1.11458 0.556811,
	1.14338 0.587531,
	1.15106 0.601932,
	1.15202 0.605772,
	1.15394 0.606732,
	1.15394 0.610572,
	1.15874 0.618252,
	1.16642 0.625932,
	1.17026 0.626892,
	1.17698 0.633612,
	1.18082 0.636492,
	1.18274 0.636492,
	1.19042 0.641292,
	1.19234 0.643212,
	1.19618 0.644172,
	1.20002 0.647052,
	1.20386 0.648012,
	1.21922 0.658573,
	1.22306 0.661453,
	1.23074 0.664333,
	1.23266 0.666253,
	1.24034 0.669133,
	1.24226 0.671053,
	1.24418 0.671053,
	1.2461 0.672973,
	1.24802 0.672973,
	1.24994 0.674893,
	1.25186 0.674893,
	1.25954 0.680653,
	1.26338 0.681613,
	1.26626 0.685453,
	1.2701 0.687373,
	1.27298 0.691213,
	1.28066 0.694093,
	1.28258 0.694093,
	1.29026 0.698893,
	1.29314 0.702734,
	1.29698 0.704654,
	1.30082 0.708494,
	1.30275 0.712334,
	1.31619 0.726734,
	1.32099 0.734414,
	1.33347 0.747854,
	1.33827 0.755535,
	1.34211 0.759375,
	1.34403 0.761295,
	1.34403 0.763215,
	1.34883 0.770895,
	1.34979 0.778575,
	1.35171 0.779535,
	1.35171 0.787215,
	1.35363 0.791055,
	1.35363 0.798735,
	1.35363 0.802575,
	1.35363 0.804495,
	1.35171 0.806415,
	1.34979 0.821776,
	1.34979 0.825616,
	1.34787 0.827536,
	1.34595 0.835216,
	1.34307 0.839056,
	1.34211 0.842896,
	1.33155 0.858256,
	1.32771 0.861137,
	1.32579 0.864977,
	1.31907 0.872657,
	1.31235 0.878417,
	1.30851 0.881297,
	1.30467 0.882257,
	1.29698 0.887057,
	1.29314 0.890897,
	1.28546 0.895697,
	1.28162 0.896657,
	1.27394 0.903377,
	1.2701 0.903377,
	1.26626 0.906257,
	1.26242 0.907217,
	1.2605 0.909137,
	1.25666 0.909137,
	1.24898 0.912018,
	1.23362 0.914898,
	1.22978 0.914898,
	1.22786 0.914898,
	1.22594 0.916818,
	1.21058 0.916818,
	1.20674 0.916818,
	1.20578 0.914898,
	1.1981 0.913938,
	1.1837 0.909137,
	1.18082 0.906257,
	1.1741 0.903377,
	1.1597 0.888977,
	1.1549 0.881297,
	1.1501 0.875537,
	1.14818 0.873617,
	1.14818 0.869777,
	1.1453 0.865937,
	1.14434 0.858256,
	1.14434 0.856336,
	1.14242 0.854416,
	1.14242 0.850576,
	1.1405 0.846736,
	1.13954 0.839056,
	1.13378 0.823696,
	1.13186 0.816016,
	1.12226 0.800655,
	1.12034 0.796815,
	1.10786 0.783375,
	1.10594 0.775695,
	1.10306 0.771855,
	1.10018 0.756495,
	1.10018 0.748814,
	1.10018 0.744974,
	1.09346 0.729614,
	1.08482 0.714254,
	1.07234 0.698893,
	1.05794 0.683533,
	1.03298 0.652813,
	1.02338 0.638412,
	1.0205 0.623052,
	1.01378 0.607692,
	1.01186 0.603852,
	1.01186 0.588491,
	1.01186 0.581771,
	"/>
</Transform>

<Transform dim="0"
 xcoef=" 0 1 0 0 0 0"
 ycoef=" 0 0 1 0 0 0">
<Contour name="Ea2(ER)" hidden="false" closed="true" simplified="true" border="0.607843 0.768627 0.956863" fill="0.733333 0.752941 0.94902" mode="9"
 points="0.83842 0.606736,
	0.836958 0.618437,
	0.839883 0.641838,
	0.839883 0.653539,
	0.83842 0.659389,
	0.845733 0.682791,
	0.850121 0.694492,
	0.848659 0.700342,
	0.847196 0.703267,
	0.835495 0.703267,
	0.82672 0.693029,
	0.823795 0.687179,
	0.819407 0.640376,
	0.819407 0.628675,
	0.813556 0.605274,
	0.812094 0.600886,
	0.813556 0.595035,
	0.823795 0.596498,
	0.829645 0.597961,
	0.83257 0.597961,
	0.835495 0.602348,
	"/>
</Transform>

<Transform dim="0"
 xcoef=" 0 1 0 0 0 0"
 ycoef=" 0 0 1 0 0 0">
<Contour name="Ea2(ER)" hidden="false" closed="true" simplified="true" border="0.607843 0.768627 0.956863" fill="0.733333 0.752941 0.94902" mode="9"
 points="0.695087 0.445851,
	0.699474 0.434151,
	0.705325 0.429763,
	0.711175 0.432688,
	0.722876 0.444389,
	0.734577 0.451702,
	0.757978 0.459015,
	0.769679 0.453164,
	0.781379 0.444389,
	0.78723 0.441464,
	0.790155 0.442926,
	0.809169 0.459015,
	0.820869 0.470715,
	0.82672 0.476566,
	0.83257 0.478028,
	0.842808 0.485341,
	0.853046 0.489729,
	0.863284 0.498505,
	0.867672 0.50143,
	0.864747 0.50728,
	0.853046 0.517518,
	0.829645 0.510205,
	0.806243 0.51313,
	0.800393 0.517518,
	0.800393 0.523369,
	0.800393 0.526294,
	0.797468 0.529219,
	0.785767 0.521906,
	0.763828 0.498505,
	0.717026 0.472178,
	0.705325 0.466328,
	0.699474 0.454627,
	0.696549 0.448777,
	0.695087 0.447314,
	"/>
</Transform>

<Transform dim="0"
 xcoef=" 0 1 0 0 0 0"
 ycoef=" 0 0 1 0 0 0">
<Contour name="Ea2(ER)" hidden="false" closed="true" simplified="true" border="0.607843 0.768627 0.956863" fill="0.733333 0.752941 0.94902" mode="9"
 points="0.946652 0.478028,
	0.955428 0.489729,
	0.95689 0.495579,
	0.958353 0.498505,
	0.953965 0.510205,
	0.942264 0.520443,
	0.939339 0.521906,
	0.927638 0.516056,
	0.9174 0.504355,
	0.918863 0.492654,
	0.923251 0.486804,
	0.923251 0.483879,
	0.934951 0.479491,
	0.939339 0.480954,
	0.940802 0.479491,
	"/>
</Transform>

<Transform dim="0"
 xcoef=" 0 1 0 0 0 0"
 ycoef=" 0 0 1 0 0 0">
<Contour name="Ea2(mito2)" hidden="false" closed="true" simplified="true" border="0 0 1" fill="0 0 1" mode="9"
 points="0.798574 0.554321,
	0.810274 0.548471,
	0.833676 0.544083,
	0.845377 0.542621,
	0.851227 0.541158,
	0.874628 0.527995,
	0.886329 0.523607,
	0.892179 0.522144,
	0.90388 0.525069,
	0.906805 0.525069,
	0.930207 0.548471,
	0.987248 0.642077,
	1.00187 0.665478,
	1.03844 0.712281,
	1.05745 0.735682,
	1.07354 0.759084,
	1.09987 0.805887,
	1.10718 0.817587,
	1.10864 0.840989,
	1.10718 0.86439,
	1.09694 0.887792,
	1.08817 0.899492,
	1.06476 0.918506,
	1.05306 0.928744,
	1.04721 0.933132,
	1.02381 0.940445,
	1.01211 0.941907,
	0.98871 0.938982,
	0.941907 0.908268,
	0.902417 0.862928,
	0.896567 0.851227,
	0.893642 0.845377,
	0.892179 0.833676,
	0.892179 0.827825,
	0.884866 0.816125,
	0.877553 0.792723,
	0.865853 0.769322,
	0.862928 0.74592,
	0.862928 0.722519,
	0.857077 0.699118,
	0.854152 0.687417,
	0.849764 0.640614,
	0.848302 0.628913,
	0.849764 0.617213,
	0.845377 0.605512,
	0.823438 0.583573,
	0.817587 0.577723,
	0.805887 0.57041,
	0.798574 0.558709,
	0.798574 0.555784,
	"/>
</Transform>

<Transform dim="0"
 xcoef=" 0 1 0 0 0 0"
 ycoef=" 0 0 1 0 0 0">
<Contour name="Ea1(endo2)" hidden="false" closed="true" simplified="true" border="1 1 0.501961" fill="0.502 1 1" mode="9"
 points="3.25552 2.25501,
	3.27727 2.26725,
	3.28271 2.26861,
	3.28543 2.26861,
	3.30582 2.29035,
	3.31125 2.30123,
	3.31397 2.32298,
	3.31125 2.33385,
	3.30989 2.33657,
	3.29902 2.33657,
	3.29358 2.33113,
	3.28271 2.30938,
	3.27455 2.29851,
	3.2528 2.27676,
	3.24873 2.27132,
	3.24465 2.26045,
	3.24329 2.25637,
	3.25009 2.25501,
	"/>
</Transform>

<Transform dim="0"
 xcoef=" 0 1 0 0 0 0"
 ycoef=" 0 0 1 0 0 0">
<Contour name="Ea1(AZ2)" hidden="false" closed="true" simplified="true" border="1 0.501961 0.752941" fill="1 0.501961 1" mode="9"
 points="1.67729 1.98028,
	1.68386 1.94913,
	1.68678 1.93356,
	1.688 1.92577,
	1.68946 1.91019,
	1.69214 1.89462,
	1.6936 1.88683,
	1.70576 1.87125,
	1.70869 1.86736,
	1.71015 1.86541,
	1.71745 1.84984,
	1.72134 1.84205,
	1.72353 1.83816,
	1.74495 1.80701,
	1.75566 1.79143,
	1.75833 1.78754,
	1.76466 1.77975,
	1.76612 1.7778,
	1.77391 1.77001,
	1.7778 1.76636,
	1.78559 1.76344,
	1.78754 1.76271,
	1.79532 1.76125,
	1.82648 1.75785,
	1.83037 1.75736,
	1.83816 1.75541,
	1.85373 1.75273,
	1.86152 1.75152,
	1.8771 1.75006,
	1.88099 1.74957,
	1.89656 1.75006,
	1.90435 1.75054,
	1.91993 1.75322,
	1.92772 1.75395,
	1.93161 1.75419,
	1.93356 1.75419,
	1.94913 1.75809,
	1.95692 1.76028,
	1.9725 1.76563,
	1.98028 1.76831,
	1.98418 1.76977,
	1.98612 1.7705,
	1.98807 1.77172,
	1.99416 1.77926,
	1.99683 1.78316,
	1.99781 1.78705,
	1.99854 1.79484,
	1.99878 1.79678,
	1.99805 1.80068,
	1.99245 1.81625,
	1.98953 1.82404,
	1.98783 1.82599,
	1.98685 1.82672,
	1.97907 1.82867,
	1.97517 1.8294,
	1.97128 1.82964,
	1.9557 1.82842,
	1.95181 1.82672,
	1.94792 1.82428,
	1.94597 1.82282,
	1.94402 1.82234,
	1.91287 1.81942,
	1.90508 1.81869,
	1.90314 1.81869,
	1.88756 1.81601,
	1.88367 1.81528,
	1.87977 1.81504,
	1.87783 1.81479,
	1.87004 1.8165,
	1.86614 1.81723,
	1.85057 1.81771,
	1.83499 1.81942,
	1.82721 1.82039,
	1.82526 1.82063,
	1.81747 1.82355,
	1.81552 1.82428,
	1.77877 1.88634,
	1.77439 1.89413,
	1.77245 1.89803,
	1.7688 1.90143,
	1.76685 1.90289,
	1.76442 1.90679,
	1.7632 1.90873,
	1.75906 1.92431,
	1.75541 1.93988,
	1.75371 1.94767,
	1.75103 1.95546,
	1.74957 1.95935,
	1.74227 1.97493,
	1.74032 1.97882,
	1.73984 1.9798,
	1.73935 1.99537,
	1.73911 1.99927,
	1.73984 2.00705,
	1.74032 2.01095,
	1.74105 2.01289,
	1.74543 2.02068,
	1.75079 2.02847,
	1.75346 2.03236,
	1.75639 2.04015,
	1.75785 2.04405,
	1.76515 2.05962,
	1.76709 2.06352,
	1.77342 2.07909,
	1.77512 2.08298,
	1.77585 2.08493,
	1.78632 2.10051,
	1.78729 2.10245,
	1.79046 2.10635,
	1.79216 2.10829,
	1.81358 2.13945,
	1.82039 2.14723,
	1.82648 2.15502,
	1.82794 2.15697,
	1.83572 2.16184,
	1.84351 2.16743,
	1.8586 2.18301,
	1.86566 2.1908,
	1.87198 2.19834,
	1.87977 2.2037,
	1.88172 2.20491,
	1.88951 2.2127,
	1.89145 2.21465,
	1.89559 2.22243,
	1.8951 2.23022,
	1.89462 2.23412,
	1.89316 2.23801,
	1.89145 2.23971,
	1.88367 2.24531,
	1.87977 2.24799,
	1.87783 2.2492,
	1.87004 2.25164,
	1.86809 2.25213,
	1.86614 2.2531,
	1.85057 2.24385,
	1.84667 2.24166,
	1.83889 2.23606,
	1.83499 2.23314,
	1.82721 2.2256,
	1.82526 2.22389,
	1.82428 2.22292,
	1.8165 2.2183,
	1.80871 2.2127,
	1.80482 2.20978,
	1.79703 2.20321,
	1.79313 2.1998,
	1.78535 2.19201,
	1.78145 2.18812,
	1.77537 2.18033,
	1.76417 2.16476,
	1.74397 2.13361,
	1.734 2.11803,
	1.72304 2.10245,
	1.71769 2.09467,
	1.71526 2.09077,
	1.71404 2.08883,
	1.70771 2.07325,
	1.70625 2.06936,
	1.69068 2.03821,
	1.67875 2.00705,
	1.67753 1.99148,
	1.67729 1.98369,
	1.67729 1.98174,
	1.67729 1.98077,
	1.67729 1.98053,
	"/>
<Contour name="Ea1(AZ2)" hidden="false" closed="true" simplified="true" border="1 0.501961 0.752941" fill="1 0.501961 1" mode="9"
 points="1.92735 2.30994,
	1.92879 2.30226,
	1.93455 2.29458,
	1.93743 2.29074,
	1.93887 2.2893,
	1.94271 2.28882,
	1.94463 2.28834,
	1.95231 2.29122,
	1.95616 2.29266,
	1.95808 2.29362,
	2.01952 2.35075,
	2.05024 2.37955,
	2.0656 2.39395,
	2.0728 2.40115,
	2.08481 2.41651,
	2.08865 2.42035,
	2.09633 2.42515,
	2.10017 2.42851,
	2.10209 2.42995,
	2.10305 2.43091,
	2.10401 2.43475,
	2.10257 2.44243,
	2.10161 2.44627,
	2.09441 2.45299,
	2.09057 2.45587,
	2.09009 2.45635,
	2.07472 2.44675,
	2.06704 2.44147,
	2.0632 2.43907,
	2.04784 2.42611,
	2.04016 2.41987,
	2.0248 2.40979,
	2.01232 2.39491,
	1.99792 2.37955,
	1.99408 2.37571,
	1.98304 2.36035,
	1.97776 2.35267,
	1.97488 2.34883,
	1.95952 2.33635,
	1.95183 2.33058,
	1.94415 2.32626,
	1.93647 2.3229,
	1.93023 2.31522,
	1.92831 2.3133,
	1.92735 2.31138,
	1.92735 2.31042,
	"/>
<Contour name="Ea2(AZ1)" hidden="false" closed="true" simplified="true" border="1 0.501961 0.752941" fill="1 0.501961 1" mode="9"
 points="1.18843 1.50212,
	1.19041 1.49156,
	1.19239 1.48627,
	1.19536 1.48099,
	1.19965 1.47042,
	1.20295 1.45986,
	1.20395 1.45722,
	1.20461 1.4559,
	1.20593 1.45457,
	1.20659 1.45325,
	1.21187 1.45259,
	1.21715 1.45523,
	1.2198 1.45722,
	1.22442 1.4625,
	1.2297 1.46778,
	1.23102 1.46877,
	1.24159 1.47208,
	1.24291 1.47241,
	1.24654 1.47769,
	1.25282 1.48826,
	1.25744 1.49321,
	1.26008 1.49552,
	1.26272 1.49717,
	1.27329 1.50179,
	1.27857 1.50411,
	1.28386 1.50708,
	1.2865 1.50873,
	1.28782 1.50939,
	1.29211 1.51467,
	1.29376 1.51731,
	1.29839 1.5226,
	1.30367 1.52788,
	1.30895 1.5325,
	1.31424 1.53779,
	1.31688 1.54043,
	1.32216 1.54439,
	1.33273 1.54802,
	1.33801 1.54901,
	1.34065 1.54868,
	1.35122 1.54439,
	1.35386 1.54307,
	1.35914 1.54307,
	1.36046 1.54307,
	1.36112 1.54307,
	1.36641 1.54802,
	1.36905 1.55034,
	1.37037 1.55166,
	1.3707 1.5543,
	1.37202 1.55694,
	1.37268 1.55826,
	1.37301 1.56354,
	1.37499 1.57411,
	1.37631 1.59524,
	1.37664 1.59789,
	1.37631 1.60053,
	1.36575 1.60647,
	1.35518 1.60977,
	1.34461 1.61142,
	1.34329 1.61175,
	1.33273 1.60746,
	1.31159 1.59656,
	1.30631 1.59359,
	1.29574 1.58435,
	1.28518 1.57411,
	1.28253 1.57147,
	1.28121 1.57015,
	1.27758 1.56486,
	1.26735 1.5543,
	1.26206 1.54901,
	1.25942 1.54637,
	1.24885 1.53911,
	1.24357 1.53581,
	1.233 1.53052,
	1.22772 1.52821,
	1.20659 1.52194,
	1.2013 1.52029,
	1.19602 1.51797,
	1.19338 1.51665,
	1.19206 1.51599,
	1.18942 1.51071,
	1.18876 1.50807,
	1.18843 1.50278,
	1.18843 1.50245,
	"/>
</Transform>

<Transform dim="0"
 xcoef=" 0 1 0 0 0 0"
 ycoef=" 0 0 1 0 0 0">
<Contour name="Ea1(ER)" hidden="false" closed="true" simplified="true" border="0.608 0.769 0.957" fill="0.733 0.753 0.949" mode="9"
 points="1.91302 2.22789,
	1.91831 2.21377,
	1.92448 2.20672,
	1.92801 2.20672,
	1.92978 2.20672,
	1.94301 2.22083,
	1.95359 2.23494,
	1.95712 2.242,
	1.96329 2.24905,
	1.96417 2.25258,
	1.96329 2.25611,
	1.94918 2.25611,
	1.93507 2.25082,
	1.92096 2.24112,
	1.91743 2.23847,
	1.9139 2.23141,
	1.91302 2.22877,
	"/>
<Contour name="Ea1(ER)" hidden="false" closed="true" simplified="true" border="0.608 0.769 0.957" fill="0.733 0.753 0.949" mode="9"
 points="5.51041 3.07889,
	5.5117 3.07373,
	5.51202 3.07115,
	5.51234 3.06986,
	5.5175 3.06567,
	5.53814 3.05632,
	5.54845 3.05213,
	5.55361 3.0502,
	5.55619 3.04923,
	5.55748 3.04891,
	5.5678 3.0502,
	5.57296 3.05181,
	5.58327 3.05632,
	5.58456 3.05697,
	5.5894 3.05213,
	5.59069 3.05084,
	5.59327 3.04568,
	5.60358 3.03634,
	5.60616 3.03408,
	5.61132 3.0315,
	5.6139 3.03021,
	5.63453 3.02731,
	5.63711 3.02699,
	5.64227 3.02957,
	5.64485 3.0315,
	5.65807 3.05213,
	5.66 3.05471,
	5.67 3.06019,
	5.67258 3.06116,
	5.68289 3.06148,
	5.69321 3.05923,
	5.69837 3.05826,
	5.70868 3.05826,
	5.719 3.0618,
	5.72932 3.066,
	5.73448 3.06761,
	5.74479 3.0689,
	5.74608 3.06922,
	5.76672 3.06084,
	5.77187 3.05858,
	5.77703 3.05536,
	5.77961 3.05374,
	5.78477 3.05181,
	5.78735 3.05084,
	5.79767 3.04343,
	5.80798 3.03795,
	5.81314 3.03601,
	5.81572 3.03537,
	5.81701 3.03505,
	5.81765 3.03472,
	5.82797 3.03891,
	5.83829 3.04053,
	5.87955 3.0444,
	5.88471 3.0444,
	5.88729 3.04472,
	5.90793 3.05246,
	5.91824 3.05632,
	5.9234 3.05794,
	5.93372 3.05955,
	5.93888 3.05987,
	5.94146 3.05987,
	5.94661 3.06213,
	5.94919 3.06374,
	5.95951 3.07244,
	5.96177 3.07502,
	5.96467 3.08534,
	5.96499 3.08663,
	5.97531 3.0934,
	5.97789 3.09533,
	5.9882 3.10565,
	5.99078 3.10791,
	6.01142 3.11919,
	6.01657 3.12113,
	6.02689 3.12274,
	6.04752 3.13144,
	6.05784 3.13692,
	6.063 3.14047,
	6.06526 3.1424,
	6.06558 3.14369,
	6.06526 3.14498,
	6.06397 3.14595,
	6.05365 3.14724,
	6.05107 3.14756,
	6.0098 3.14208,
	6.00465 3.14144,
	5.99949 3.14208,
	5.99433 3.14144,
	5.99175 3.14111,
	5.98659 3.13886,
	5.97627 3.13015,
	5.97369 3.12757,
	5.97241 3.12628,
	5.96209 3.12145,
	5.95177 3.12113,
	5.94661 3.1208,
	5.9363 3.11919,
	5.93114 3.11822,
	5.92598 3.11532,
	5.92082 3.11178,
	5.91824 3.10952,
	5.90793 3.10339,
	5.90535 3.1021,
	5.90019 3.10081,
	5.89503 3.10017,
	5.88987 3.10081,
	5.88471 3.1021,
	5.88213 3.10243,
	5.87955 3.10372,
	5.86924 3.10533,
	5.85892 3.10436,
	5.85376 3.10339,
	5.84345 3.10275,
	5.83829 3.10307,
	5.83571 3.10339,
	5.81508 3.09501,
	5.80992 3.09404,
	5.78928 3.09533,
	5.77897 3.09566,
	5.77381 3.09598,
	5.76349 3.09824,
	5.76091 3.09888,
	5.7506 3.09888,
	5.72996 3.09018,
	5.7248 3.08792,
	5.71449 3.08534,
	5.70933 3.08469,
	5.6887 3.08598,
	5.68354 3.08631,
	5.68096 3.08598,
	5.67967 3.08566,
	5.67709 3.08373,
	5.6758 3.08276,
	5.67064 3.08212,
	5.66032 3.08179,
	5.65517 3.08147,
	5.65001 3.07921,
	5.64743 3.07857,
	5.63711 3.0805,
	5.63647 3.0805,
	5.63389 3.08276,
	5.6326 3.08405,
	5.63776 3.08663,
	5.64034 3.08889,
	5.64163 3.09018,
	5.64195 3.0905,
	5.63679 3.09404,
	5.6355 3.09501,
	5.63486 3.09566,
	5.61422 3.08792,
	5.60906 3.08631,
	5.58843 3.0876,
	5.58327 3.08824,
	5.57296 3.09082,
	5.57038 3.09114,
	5.54974 3.08824,
	5.54458 3.08727,
	5.54201 3.08663,
	5.54072 3.08631,
	5.5304 3.08889,
	5.52524 3.09018,
	5.52266 3.09114,
	5.51234 3.08405,
	5.51106 3.08308,
	5.51041 3.08244,
	5.51041 3.07986,
	5.51041 3.07921,
	"/>
<Contour name="Ea1(ER)" hidden="false" closed="true" simplified="true" border="0.608 0.769 0.957" fill="0.733 0.753 0.949" mode="9"
 points="3.33362 2.32386,
	3.34102 2.31401,
	3.34286 2.31216,
	3.34779 2.31462,
	3.35026 2.31585,
	3.35457 2.32078,
	3.35642 2.32263,
	3.36628 2.32571,
	3.36874 2.32633,
	3.37798 2.33434,
	3.38106 2.34419,
	3.38168 2.34543,
	3.3749 2.35528,
	3.36504 2.35775,
	3.36011 2.35898,
	3.35026 2.35467,
	3.3404 2.34912,
	3.33424 2.33927,
	3.33362 2.32941,
	3.33362 2.32448,
	"/>
<Contour name="Ea1(ER)" hidden="false" closed="true" simplified="true" border="0.608 0.769 0.957" fill="0.733 0.753 0.949" mode="9"
 points="3.37182 2.43291,
	3.37552 2.42305,
	3.37737 2.41812,
	3.38229 2.41751,
	3.38476 2.41689,
	3.38969 2.41751,
	3.39154 2.41812,
	3.39646 2.40827,
	3.40078 2.40334,
	3.40324 2.40087,
	3.40447 2.39964,
	3.4094 2.39841,
	3.42912 2.39841,
	3.44883 2.39964,
	3.45006 2.39964,
	3.45499 2.40457,
	3.45561 2.4058,
	3.45068 2.41566,
	3.44144 2.4249,
	3.43713 2.42921,
	3.43404 2.43907,
	3.43281 2.444,
	3.4322 2.44646,
	3.42296 2.45386,
	3.41803 2.45694,
	3.41556 2.45879,
	3.39585 2.45755,
	3.39092 2.45755,
	3.38106 2.45139,
	3.37675 2.4477,
	3.37305 2.43784,
	3.37182 2.43353,
	"/>
<Contour name="Ea1(ER)" hidden="false" closed="true" simplified="true" border="0.608 0.769 0.957" fill="0.733 0.753 0.949" mode="9"
 points="2.04766 1.841,
	2.04851 1.83929,
	2.05022 1.83844,
	2.06389 1.841,
	2.06731 1.84186,
	2.07415 1.83545,
	2.07757 1.83416,
	2.07842 1.83374,
	2.08526 1.83758,
	2.0921 1.84057,
	2.09552 1.84015,
	2.09894 1.84057,
	2.10236 1.84186,
	2.10406 1.84228,
	2.1109 1.841,
	2.11774 1.84057,
	2.12116 1.83886,
	2.128 1.83758,
	2.13483 1.83716,
	2.13825 1.83673,
	2.13996 1.8363,
	2.1468 1.83758,
	2.15364 1.83545,
	2.16047 1.83203,
	2.18782 1.82434,
	2.2015 1.81921,
	2.20834 1.81707,
	2.21005 1.81622,
	2.21688 1.81664,
	2.24423 1.82989,
	2.25107 1.83203,
	2.25791 1.83245,
	2.26475 1.8316,
	2.27842 1.83374,
	2.2921 1.83416,
	2.29893 1.83374,
	2.30235 1.83416,
	2.3297 1.83032,
	2.33312 1.82989,
	2.33654 1.82861,
	2.34338 1.83288,
	2.34509 1.8363,
	2.34594 1.83801,
	2.35278 1.841,
	2.36645 1.84485,
	2.37329 1.84827,
	2.37671 1.84998,
	2.38355 1.85639,
	2.39038 1.86023,
	2.39722 1.86322,
	2.42457 1.86493,
	2.43141 1.86536,
	2.43483 1.86536,
	2.43825 1.86621,
	2.45192 1.87262,
	2.45876 1.87519,
	2.4656 1.87647,
	2.46731 1.87604,
	2.46816 1.87562,
	2.48184 1.88245,
	2.50918 1.89827,
	2.51602 1.90211,
	2.51944 1.90382,
	2.53312 1.9051,
	2.53995 1.90638,
	2.54679 1.90895,
	2.56047 1.91579,
	2.56388 1.91792,
	2.56773 1.92476,
	2.57029 1.93844,
	2.57072 1.94185,
	2.57243 1.94527,
	2.57841 1.95211,
	2.58525 1.95681,
	2.59209 1.96279,
	2.59551 1.96408,
	2.59893 1.9645,
	2.60064 1.96493,
	2.60747 1.96365,
	2.62115 1.97049,
	2.63482 1.97989,
	2.64166 1.98587,
	2.6485 1.99014,
	2.65192 1.99228,
	2.65875 1.99869,
	2.66175 2.00211,
	2.66559 2.00895,
	2.66773 2.01237,
	2.66816 2.01408,
	2.66687 2.01749,
	2.66602 2.0192,
	2.6626 2.02219,
	2.66089 2.02348,
	2.66046 2.0239,
	2.65961 2.02219,
	2.65277 2.01749,
	2.64593 2.01493,
	2.6391 2.01578,
	2.63226 2.02006,
	2.62884 2.02091,
	2.622 2.0239,
	2.60833 2.02134,
	2.60491 2.02049,
	2.6032 2.02006,
	2.59978 2.01749,
	2.59807 2.01664,
	2.5844 2.00425,
	2.56346 1.9769,
	2.55662 1.97134,
	2.54295 1.96365,
	2.53611 1.9598,
	2.52927 1.95724,
	2.5156 1.95467,
	2.51218 1.95425,
	2.50534 1.95126,
	2.4985 1.94698,
	2.48483 1.93673,
	2.47799 1.93117,
	2.45705 1.90382,
	2.45534 1.90211,
	2.44166 1.89527,
	2.43483 1.89228,
	2.42799 1.89015,
	2.41431 1.88416,
	2.40064 1.88203,
	2.37329 1.87519,
	2.35962 1.87049,
	2.35278 1.86493,
	2.35107 1.86322,
	2.34765 1.86151,
	2.34423 1.86066,
	2.34081 1.86109,
	2.33397 1.86408,
	2.33056 1.86451,
	2.32372 1.8628,
	2.31004 1.85767,
	2.30321 1.85596,
	2.28953 1.85639,
	2.28269 1.85938,
	2.27927 1.86066,
	2.27586 1.86109,
	2.26218 1.8581,
	2.25534 1.85596,
	2.24167 1.8551,
	2.23483 1.85553,
	2.23141 1.85596,
	2.2297 1.85639,
	2.21603 1.85382,
	2.20962 1.84741,
	2.2062 1.84399,
	2.20449 1.84357,
	2.20278 1.84228,
	2.19594 1.84186,
	2.18911 1.84314,
	2.18569 1.84357,
	2.17928 1.8457,
	2.17244 1.84698,
	2.17158 1.84698,
	2.17116 1.84784,
	2.16774 1.84784,
	2.1609 1.84912,
	2.15748 1.85211,
	2.15705 1.85211,
	2.15449 1.85382,
	2.14851 1.86066,
	2.14082 1.87433,
	2.13612 1.88117,
	2.13312 1.88459,
	2.13184 1.8863,
	2.11817 1.89314,
	2.11133 1.89527,
	2.10791 1.8957,
	2.1062 1.89527,
	2.10022 1.88844,
	2.09466 1.87476,
	2.09424 1.87134,
	2.09381 1.86963,
	2.09039 1.86664,
	2.08697 1.86451,
	2.0733 1.86237,
	2.06646 1.86194,
	2.05962 1.86066,
	2.05492 1.85382,
	2.0515 1.84698,
	2.04936 1.84357,
	2.04808 1.84186,
	2.04766 1.84143,
	"/>
<Contour name="Ea1(ER)" hidden="false" closed="true" simplified="true" border="0.608 0.769 0.957" fill="0.733 0.753 0.949" mode="9"
 points="5.32385 3.07913,
	5.32552 3.07246,
	5.32718 3.07121,
	5.32802 3.07079,
	5.32885 3.06746,
	5.33219 3.06621,
	5.33386 3.06537,
	5.33719 3.06621,
	5.34053 3.06829,
	5.3447 3.07496,
	5.3472 3.0783,
	5.36054 3.08539,
	5.3668 3.09081,
	5.37139 3.09748,
	5.37389 3.10082,
	5.37472 3.10749,
	5.37472 3.12083,
	5.37514 3.12751,
	5.37514 3.13084,
	5.37847 3.14419,
	5.37889 3.15086,
	5.37847 3.15419,
	5.37347 3.16087,
	5.37222 3.16253,
	5.36555 3.16295,
	5.36221 3.16253,
	5.35971 3.15586,
	5.35762 3.14252,
	5.35387 3.12917,
	5.34678 3.11583,
	5.33886 3.10248,
	5.33511 3.09581,
	5.32969 3.08914,
	5.32552 3.08247,
	5.32426 3.0808,
	5.32385 3.07955,
	"/>
<Contour name="Ea1(ER)" hidden="false" closed="true" simplified="true" border="0.608 0.769 0.957" fill="0.733 0.753 0.949" mode="9"
 points="5.3774 3.02839,
	5.38402 3.02132,
	5.388 3.00718,
	5.38712 3.00365,
	5.38712 3.00011,
	5.38977 2.99658,
	5.39109 2.98951,
	5.39153 2.98244,
	5.39153 2.97891,
	5.3933 2.97184,
	5.39418 2.9714,
	5.39772 2.97273,
	5.39949 2.97317,
	5.40081 2.97449,
	5.40567 2.98863,
	5.407 2.99216,
	5.407 2.99305,
	5.4123 3.00011,
	5.41583 3.00718,
	5.41848 3.01425,
	5.41936 3.01778,
	5.41936 3.01867,
	5.42113 3.01911,
	5.42246 3.01778,
	5.42334 3.01425,
	5.42334 3.01248,
	5.42687 3.00939,
	5.42864 3.00807,
	5.42908 3.00762,
	5.43615 3.01381,
	5.44454 3.02794,
	5.45161 3.03457,
	5.45736 3.04164,
	5.45956 3.04517,
	5.46045 3.04606,
	5.46045 3.0465,
	5.46089 3.04827,
	5.46001 3.0518,
	5.45824 3.05313,
	5.45736 3.05357,
	5.45029 3.05224,
	5.43615 3.04827,
	5.42908 3.04606,
	5.42555 3.04517,
	5.41141 3.03855,
	5.40434 3.03678,
	5.39728 3.03722,
	5.39021 3.04076,
	5.38844 3.0412,
	5.38137 3.03766,
	5.37828 3.0306,
	5.3774 3.02883,
	"/>
<Contour name="Ea1(ER)" hidden="false" closed="true" simplified="true" border="0.608 0.769 0.957" fill="0.733 0.753 0.949" mode="9"
 points="4.40305 2.72244,
	4.40692 2.71728,
	4.40951 2.71534,
	4.43016 2.71599,
	4.43532 2.71664,
	4.4379 2.71728,
	4.44822 2.72502,
	4.46887 2.7347,
	4.4792 2.73858,
	4.48953 2.73922,
	4.49985 2.74116,
	4.5205 2.74826,
	4.53083 2.75148,
	4.53599 2.75277,
	4.54631 2.75858,
	4.55148 2.76181,
	4.5618 2.76439,
	4.56696 2.76697,
	4.56954 2.76762,
	4.57019 2.76826,
	4.57342 2.77149,
	4.57987 2.78181,
	4.58374 2.78698,
	4.60439 2.79795,
	4.61472 2.80117,
	4.62504 2.80634,
	4.63537 2.80827,
	4.64569 2.81343,
	4.65602 2.82182,
	4.66634 2.8315,
	4.67667 2.83731,
	4.69732 2.84505,
	4.70764 2.84699,
	4.71281 2.84828,
	4.73217 2.86893,
	4.73668 2.87409,
	4.75733 2.88119,
	4.7625 2.88248,
	4.76766 2.88506,
	4.77282 2.88894,
	4.77863 2.89862,
	4.7754 2.90378,
	4.77411 2.90507,
	4.76379 2.90313,
	4.74314 2.89345,
	4.73281 2.88894,
	4.73023 2.88765,
	4.7199 2.87926,
	4.71474 2.87538,
	4.70442 2.87022,
	4.69409 2.867,
	4.68377 2.86506,
	4.6786 2.86377,
	4.65795 2.85409,
	4.64763 2.84893,
	4.64247 2.8457,
	4.62182 2.82957,
	4.61149 2.82053,
	4.60633 2.81795,
	4.596 2.81472,
	4.57535 2.80504,
	4.57019 2.80182,
	4.56503 2.79666,
	4.54438 2.78827,
	4.50308 2.76697,
	4.49275 2.7631,
	4.4721 2.7631,
	4.46694 2.7631,
	4.44629 2.75471,
	4.43596 2.75148,
	4.42564 2.75148,
	4.41531 2.75019,
	4.41015 2.74826,
	4.40757 2.74632,
	4.4037 2.736,
	4.40305 2.72567,
	4.40305 2.72309,
	"/>
<Contour name="Ea1(ER)" hidden="false" closed="true" simplified="true" border="0.608 0.769 0.957" fill="0.733 0.753 0.949" mode="9"
 points="2.65937 2.07223,
	2.66524 2.06783,
	2.66817 2.066,
	2.67403 2.06526,
	2.6799 2.06636,
	2.68539 2.07186,
	2.69126 2.07516,
	2.69712 2.07699,
	2.70005 2.07736,
	2.71178 2.07626,
	2.71765 2.07516,
	2.71838 2.07479,
	2.71875 2.06893,
	2.71911 2.066,
	2.71911 2.06453,
	2.72058 2.0616,
	2.72131 2.05867,
	2.72131 2.0572,
	2.72204 2.05574,
	2.72058 2.0528,
	2.71985 2.05134,
	2.71691 2.04877,
	2.71105 2.04657,
	2.70812 2.04547,
	2.70555 2.04291,
	2.70225 2.03704,
	2.70115 2.03411,
	2.70079 2.03118,
	2.70152 2.02532,
	2.70225 2.02385,
	2.70519 2.02128,
	2.70665 2.02018,
	2.70738 2.01945,
	2.71032 2.01909,
	2.71178 2.01909,
	2.71252 2.01872,
	2.71838 2.02238,
	2.71985 2.02312,
	2.72021 2.02348,
	2.72314 2.02275,
	2.72864 2.01909,
	2.72974 2.01762,
	2.73047 2.01469,
	2.73011 2.01175,
	2.72828 2.00882,
	2.72571 2.00589,
	2.72424 2.00516,
	2.71252 2.00296,
	2.70958 2.00259,
	2.70665 2.00149,
	2.70372 1.99966,
	2.70225 1.99893,
	2.69932 1.996,
	2.69566 1.99013,
	2.69382 1.9872,
	2.69272 1.98427,
	2.69162 1.9784,
	2.69236 1.97254,
	2.69272 1.97107,
	2.69529 1.96924,
	2.69676 1.96887,
	2.70262 1.97034,
	2.70555 1.97107,
	2.71142 1.97474,
	2.71435 1.9762,
	2.72021 1.97767,
	2.72608 1.97987,
	2.7378 1.9817,
	2.74367 1.97987,
	2.7466 1.97914,
	2.74807 1.97914,
	2.7488 1.97877,
	2.75466 1.9806,
	2.75613 1.98097,
	2.76786 1.99233,
	2.77409 2.00406,
	2.77629 2.00992,
	2.77885 2.02165,
	2.77959 2.02458,
	2.77995 2.02605,
	2.77739 2.03778,
	2.77336 2.04951,
	2.77116 2.05537,
	2.76969 2.06123,
	2.76932 2.0671,
	2.77006 2.07296,
	2.77152 2.07883,
	2.77189 2.08176,
	2.77226 2.08322,
	2.76969 2.09495,
	2.76859 2.10082,
	2.76822 2.10375,
	2.76273 2.11548,
	2.76126 2.11841,
	2.75833 2.12097,
	2.7554 2.12207,
	2.75246 2.12244,
	2.74074 2.11914,
	2.73487 2.11584,
	2.72901 2.11181,
	2.71728 2.10595,
	2.70555 2.10228,
	2.69969 2.09935,
	2.68796 2.09165,
	2.6821 2.08945,
	2.67037 2.08689,
	2.66744 2.08652,
	2.66267 2.08066,
	2.66084 2.07773,
	2.66011 2.07479,
	2.65937 2.07333,
	2.65937 2.0726,
	"/>
</Transform>

<Transform dim="0"
 xcoef=" 0 1 0 0 0 0"
 ycoef=" 0 0 1 0 0 0">
<Contour name="Ea1" hidden="false" closed="true" simplified="true" border="0.984 0.208 0.016" fill="1 1 0.69" mode="9"
 points="1.73221 1.99695,
	1.74619 1.94986,
	1.78666 1.85568,
	1.79181 1.8439,
	1.79843 1.83213,
	1.81977 1.80932,
	1.84332 1.80343,
	1.8492 1.8027,
	1.94339 1.80858,
	1.96694 1.81079,
	1.97871 1.81226,
	1.9846 1.81153,
	1.98754 1.81153,
	2.00152 1.81226,
	2.01329 1.81226,
	2.0155 1.81373,
	2.02727 1.81373,
	2.03316 1.81373,
	2.0339 1.81521,
	2.05744 1.81521,
	2.06921 1.81521,
	2.0751 1.81521,
	2.07804 1.81521,
	2.07952 1.81521,
	2.08025 1.81373,
	2.09129 1.81226,
	2.09202 1.81079,
	2.10306 1.80785,
	2.1038 1.80638,
	2.10674 1.80564,
	2.10821 1.80343,
	2.11336 1.80196,
	2.11557 1.79975,
	2.11778 1.79902,
	2.11851 1.79755,
	2.12146 1.79681,
	2.12293 1.7946,
	2.12587 1.79387,
	2.12808 1.79166,
	2.13102 1.79166,
	2.13249 1.79019,
	2.13544 1.79019,
	2.13617 1.78872,
	2.14132 1.78725,
	2.1428 1.78725,
	2.14353 1.78577,
	2.15531 1.7843,
	2.15678 1.78357,
	2.16487 1.7843,
	2.18842 1.79166,
	2.2826 1.80711,
	2.32969 1.81447,
	2.35324 1.81889,
	2.44743 1.84905,
	2.4592 1.85273,
	2.55338 1.86451,
	2.60048 1.86819,
	2.62402 1.86966,
	2.64757 1.86966,
	2.65934 1.86966,
	2.66228 1.86966,
	2.75647 1.91381,
	2.76824 1.91969,
	2.81533 1.95133,
	2.82122 1.95575,
	2.83299 1.96163,
	2.83594 1.96311,
	2.88303 1.96605,
	2.88892 1.96679,
	2.93601 1.98371,
	3.03019 2.03007,
	3.05374 2.04184,
	3.10083 2.06833,
	3.12438 2.08304,
	3.13026 2.08672,
	3.17736 2.10512,
	3.18913 2.1088,
	3.28331 2.12278,
	3.2892 2.12351,
	3.31275 2.13455,
	3.31863 2.1375,
	3.34218 2.15515,
	3.34733 2.15957,
	3.38265 2.20666,
	3.38707 2.21181,
	3.39884 2.2177,
	3.44593 2.22432,
	3.4577 2.22653,
	3.5048 2.24125,
	3.52834 2.24713,
	3.53423 2.2486,
	3.546 2.24566,
	3.64019 2.28907,
	3.68728 2.31188,
	3.71083 2.32366,
	3.75792 2.33543,
	3.7638 2.3369,
	3.78735 2.34868,
	3.8109 2.3656,
	3.81678 2.37001,
	3.86388 2.39356,
	3.91097 2.41343,
	3.95806 2.43182,
	3.98161 2.44139,
	4.0287 2.4561,
	4.07579 2.47671,
	4.08756 2.48112,
	4.11111 2.48701,
	4.1582 2.50761,
	4.18175 2.51865,
	4.19352 2.52454,
	4.2053 2.52748,
	4.21707 2.52454,
	4.22296 2.52233,
	4.2259 2.52086,
	4.27299 2.54735,
	4.29654 2.55986,
	4.32008 2.57089,
	4.33186 2.57089,
	4.37895 2.5937,
	4.40249 2.60621,
	4.41427 2.61136,
	4.43781 2.61725,
	4.4437 2.61946,
	4.44664 2.62093,
	4.47019 2.61283,
	4.47608 2.60989,
	4.47902 2.60842,
	4.48049 2.60768,
	4.52758 2.63417,
	4.53347 2.63712,
	4.55702 2.65478,
	4.5629 2.65919,
	4.58645 2.66728,
	4.59822 2.67317,
	4.60117 2.67464,
	4.61294 2.67464,
	4.61588 2.67538,
	4.66297 2.71364,
	4.68431 2.73645,
	4.69535 2.74749,
	4.7189 2.76221,
	4.81308 2.78869,
	4.82485 2.79164,
	4.83663 2.79752,
	4.83957 2.799,
	4.88666 2.84609,
	4.88961 2.84903,
	4.91315 2.85565,
	4.92493 2.8608,
	4.94847 2.87405,
	4.96025 2.88067,
	4.96613 2.88435,
	4.98968 2.89097,
	4.99556 2.89245,
	4.99851 2.89318,
	5.02205 2.88729,
	5.025 2.88656,
	5.04854 2.89539,
	5.05149 2.89686,
	5.09858 2.90275,
	5.10447 2.90348,
	5.12801 2.91158,
	5.13979 2.91746,
	5.14567 2.91967,
	5.15744 2.91673,
	5.20454 2.93365,
	5.22808 2.94027,
	5.23986 2.94322,
	5.33404 2.94616,
	5.34581 2.9469,
	5.39291 2.92629,
	5.41645 2.91746,
	5.42823 2.91305,
	5.45177 2.91305,
	5.45472 2.91305,
	5.47826 2.92188,
	5.49003 2.92776,
	5.49298 2.92924,
	5.49445 2.92997,
	5.518 2.92114,
	5.52094 2.91967,
	5.56803 2.91673,
	5.66222 2.92482,
	5.68576 2.92776,
	5.73285 2.93586,
	5.77995 2.95573,
	5.79172 2.96235,
	5.81527 2.98221,
	5.90945 3.03299,
	5.92122 3.03961,
	5.96832 3.07346,
	5.98009 3.08229,
	6.02718 3.10878,
	6.03307 3.11172,
	6.05662 3.11761,
	6.05809 3.11834,
	6.06986 3.1154,
	6.07133 3.11466,
	6.11842 3.13821,
	6.12431 3.14115,
	6.14786 3.16102,
	6.1508 3.16323,
	6.15227 3.1647,
	6.16404 3.16175,
	6.18759 3.16691,
	6.19936 3.17206,
	6.24646 3.19855,
	6.27 3.21032,
	6.27295 3.21179,
	6.31709 3.25888,
	6.3377 3.28243,
	6.34726 3.2942,
	6.36787 3.34129,
	6.37743 3.36484,
	6.38111 3.37661,
	6.38405 3.40016,
	6.387 3.41193,
	6.387 3.4134,
	6.37522 3.42518,
	6.37375 3.42665,
	6.27957 3.39427,
	6.25602 3.38765,
	6.20893 3.37956,
	6.16184 3.37661,
	6.13829 3.37661,
	6.12652 3.37661,
	6.12063 3.37661,
	6.11769 3.37661,
	6.0235 3.33173,
	6.01173 3.32584,
	5.96464 3.31186,
	5.95286 3.30892,
	5.85868 3.30009,
	5.83513 3.29935,
	5.82336 3.29935,
	5.72918 3.27286,
	5.68208 3.25888,
	5.67031 3.25447,
	5.62322 3.2449,
	5.61144 3.24269,
	5.56435 3.24196,
	5.54081 3.24196,
	5.52903 3.24196,
	5.48194 3.23386,
	5.47017 3.23239,
	5.37598 3.24122,
	5.32889 3.24417,
	5.31712 3.24564,
	5.31123 3.24564,
	5.26414 3.2552,
	5.24059 3.25815,
	5.23471 3.25888,
	5.22293 3.25741,
	5.17584 3.24785,
	5.15229 3.24196,
	5.14052 3.24196,
	5.13758 3.24196,
	5.1258 3.23607,
	5.07871 3.19192,
	5.07283 3.18677,
	5.06988 3.18456,
	4.9757 3.1463,
	4.95215 3.13527,
	4.94038 3.12938,
	4.93449 3.1257,
	4.91095 3.1051,
	4.81676 3.04623,
	4.79321 3.03151,
	4.78144 3.02342,
	4.77555 3.01974,
	4.75201 2.99914,
	4.72846 2.98663,
	4.72258 2.98369,
	4.69903 2.98957,
	4.69314 2.99031,
	4.64605 2.98442,
	4.59896 2.97044,
	4.57541 2.96235,
	4.56364 2.95793,
	4.55775 2.95425,
	4.51066 2.91305,
	4.46357 2.88656,
	4.41648 2.86522,
	4.4047 2.86007,
	4.39882 2.85713,
	4.39587 2.85639,
	4.37233 2.86228,
	4.32523 2.88803,
	4.31935 2.89171,
	4.3164 2.89318,
	4.2958 2.91673,
	4.29286 2.91967,
	4.28108 2.92629,
	4.23399 2.93292,
	4.22222 2.93439,
	4.19867 2.94027,
	4.10449 2.9285,
	4.08094 2.92556,
	4.06917 2.92409,
	4.02208 2.9079,
	4.0103 2.90348,
	3.96321 2.89465,
	3.95144 2.89171,
	3.94555 2.89024,
	3.85137 2.84094,
	3.83959 2.83505,
	3.7925 2.80488,
	3.78073 2.79826,
	3.73364 2.77766,
	3.72775 2.77471,
	3.68066 2.74234,
	3.65711 2.72247,
	3.65122 2.71732,
	3.55704 2.65845,
	3.50995 2.62829,
	3.49891 2.61872,
	3.48493 2.59517,
	3.46138 2.57163,
	3.43784 2.55691,
	3.43195 2.5525,
	3.4084 2.52895,
	3.31422 2.46052,
	3.30245 2.45243,
	3.29067 2.4458,
	3.19649 2.40165,
	3.1023 2.37737,
	3.07876 2.37149,
	3.07287 2.37001,
	3.02578 2.34426,
	2.97869 2.31703,
	2.96691 2.31041,
	2.96103 2.30821,
	2.91393 2.30011,
	2.90216 2.29717,
	2.80798 2.267,
	2.76088 2.26038,
	2.74911 2.25891,
	2.70202 2.26185,
	2.69613 2.26185,
	2.64904 2.27362,
	2.64315 2.27509,
	2.63138 2.28098,
	2.62623 2.28466,
	2.60857 2.30821,
	2.58576 2.33175,
	2.56221 2.35015,
	2.55633 2.35456,
	2.50923 2.37296,
	2.49746 2.37811,
	2.45037 2.40754,
	2.44448 2.41122,
	2.3503 2.48848,
	2.33852 2.49805,
	2.29143 2.52454,
	2.28554 2.52748,
	2.262 2.53337,
	2.25906 2.5341,
	2.21196 2.52527,
	2.20019 2.52233,
	2.17664 2.5135,
	2.16487 2.51056,
	2.07363 2.41637,
	2.02874 2.36928,
	2.01844 2.3575,
	2.00667 2.34573,
	2.00078 2.33985,
	1.95369 2.30747,
	1.94192 2.29864,
	1.91911 2.2773,
	1.88673 2.23021,
	1.87717 2.21844,
	1.78813 2.12425,
	1.78298 2.11836,
	1.75649 2.07127,
	1.74398 2.04773,
	1.73883 2.03595,
	1.73295 2.01241,
	1.73221 2.00063,
	1.73221 1.99769,
	"/>
</Transform>

</Section>