<?xml version="1.0"?>
<!DOCTYPE Section SYSTEM "section.dtd">

<Section index="17" thickness="0.05" alignLocked="true">
<Transform dim="6"
 xcoef=" 0.568328863551437 0.788577422765148 0.393997257591309 0 0 0"
 ycoef=" 2.45360022933693 -0.536239557617079 0.795575848036038 0 0 0">
<Image mag="0.0022159" contrast="1" brightness="0"
 src="R34CA1-B_S12.117.jpg" />
<Contour name="domain1" hidden="false" closed="true" simplified="false" border="1 0 1" fill="1 0 1" mode="11"
 points="0 0,
	4096 0,
	4096 4096,
	0 4096,
	"/>
</Transform>

<Transform dim="0"
 xcoef=" 0 1 0 0 0 0"
 ycoef=" 0 0 1 0 0 0">
<Contour name="Ed9" hidden="false" closed="true" simplified="true" border="0.541176 0.756863 0.0352941" fill="0.501961 1 1" mode="9"
 points="2.95454 1.56512,
	2.95864 1.54328,
	2.96409 1.53237,
	2.98183 1.51054,
	3.00367 1.49825,
	3.0255 1.49007,
	3.04733 1.47779,
	3.05688 1.46687,
	3.05961 1.44504,
	3.05961 1.4232,
	3.06371 1.40137,
	3.07462 1.37954,
	3.08008 1.36862,
	3.08145 1.34679,
	3.08145 1.33587,
	3.08145 1.33042,
	3.09918 1.28675,
	3.11147 1.26492,
	3.11965 1.254,
	3.12511 1.24309,
	3.1292 1.22125,
	3.13057 1.19942,
	3.12648 1.15575,
	3.12511 1.11209,
	3.13466 1.06842,
	3.13876 1.05751,
	3.14149 1.05205,
	3.1524 1.0425,
	3.15786 1.03977,
	3.17969 1.05068,
	3.19061 1.06024,
	3.21244 1.1039,
	3.22472 1.12573,
	3.22609 1.1271,
	3.23155 1.13392,
	3.23155 1.13665,
	3.237 1.14211,
	3.24246 1.14484,
	3.25338 1.15439,
	3.25884 1.15712,
	3.26157 1.15712,
	3.27794 1.16121,
	3.32161 1.17759,
	3.33252 1.18032,
	3.37619 1.20215,
	3.39802 1.21852,
	3.41985 1.23899,
	3.4294 1.26082,
	3.4335 1.28266,
	3.44578 1.30449,
	3.46079 1.32632,
	3.46761 1.33724,
	3.47989 1.3809,
	3.48126 1.39182,
	3.48535 1.40274,
	3.48671 1.42457,
	3.48399 1.43003,
	3.46215 1.44777,
	3.44032 1.45595,
	3.41849 1.46141,
	3.37482 1.46687,
	3.35299 1.4696,
	3.34207 1.47096,
	3.32161 1.48597,
	3.30387 1.52964,
	3.29841 1.55147,
	3.27794 1.59514,
	3.27248 1.60605,
	3.24246 1.64972,
	3.22063 1.67155,
	3.1988 1.68929,
	3.19334 1.69202,
	3.17151 1.71385,
	3.14967 1.73159,
	3.13057 1.75342,
	3.12375 1.76434,
	3.10191 1.78617,
	3.091 1.793,
	3.08008 1.79709,
	3.06916 1.79573,
	3.05825 1.79027,
	3.01322 1.70294,
	2.98729 1.65927,
	2.9791 1.64835,
	2.95727 1.60469,
	2.95454 1.58286,
	2.95454 1.57194,
	2.95454 1.56648,
	"/>
</Transform>

<Transform dim="0"
 xcoef=" 0 1 0 0 0 0"
 ycoef=" 0 0 1 0 0 0">
<Contour name="Ea5(v121)" hidden="false" closed="true" simplified="true" border="1 0 0" fill="1 1 1" mode="9"
 points="3.48832 1.24951,
	3.48858 1.24621,
	3.48935 1.24299,
	3.49062 1.23995,
	3.49234 1.23717,
	3.49448 1.23473,
	3.49697 1.23269,
	3.49974 1.23111,
	3.50272 1.23004,
	3.50583 1.22949,
	3.50898 1.22949,
	3.51209 1.23004,
	3.51507 1.23111,
	3.51784 1.23269,
	3.52033 1.23473,
	3.52247 1.23717,
	3.52419 1.23995,
	3.52546 1.24299,
	3.52623 1.24621,
	3.52649 1.24951,
	3.52623 1.25282,
	3.52546 1.25603,
	3.52419 1.25907,
	3.52247 1.26185,
	3.52033 1.26429,
	3.51784 1.26633,
	3.51507 1.26791,
	3.51209 1.26899,
	3.50898 1.26953,
	3.50583 1.26953,
	3.50272 1.26899,
	3.49974 1.26791,
	3.49697 1.26633,
	3.49448 1.26429,
	3.49234 1.26185,
	3.49062 1.25907,
	3.48935 1.25603,
	"/>
<Contour name="Ea5(v131)" hidden="false" closed="true" simplified="true" border="1 0 0" fill="1 1 1" mode="9"
 points="3.31053 1.72564,
	3.3108 1.72233,
	3.31162 1.71911,
	3.31295 1.7161,
	3.31476 1.71337,
	3.31698 1.71102,
	3.31957 1.70911,
	3.32242 1.70771,
	3.32547 1.70684,
	3.32861 1.70655,
	3.33175 1.70684,
	3.33479 1.70771,
	3.33765 1.70911,
	3.34023 1.71102,
	3.34246 1.71337,
	3.34426 1.7161,
	3.3456 1.71911,
	3.34641 1.72233,
	3.34669 1.72564,
	3.34641 1.72895,
	3.3456 1.73217,
	3.34426 1.73518,
	3.34246 1.73791,
	3.34023 1.74026,
	3.33765 1.74217,
	3.33479 1.74357,
	3.33175 1.74444,
	3.32861 1.74473,
	3.32547 1.74444,
	3.32242 1.74357,
	3.31957 1.74217,
	3.31698 1.74026,
	3.31476 1.73791,
	3.31295 1.73518,
	3.31162 1.73217,
	3.3108 1.72895,
	"/>
<Contour name="Ea5(v140)" hidden="false" closed="true" simplified="true" border="1 0 0" fill="1 1 1" mode="9"
 points="3.23418 1.80349,
	3.23443 1.80011,
	3.23517 1.79681,
	3.23637 1.79368,
	3.23802 1.79079,
	3.24007 1.78822,
	3.24247 1.78602,
	3.24515 1.78425,
	3.24807 1.78295,
	3.25113 1.78216,
	3.25427 1.78189,
	3.25742 1.78216,
	3.26048 1.78295,
	3.26339 1.78425,
	3.26608 1.78602,
	3.26848 1.78822,
	3.27053 1.79079,
	3.27217 1.79368,
	3.27338 1.79681,
	3.27412 1.80011,
	3.27436 1.80349,
	3.27412 1.80687,
	3.27338 1.81016,
	3.27217 1.81329,
	3.27053 1.81618,
	3.26848 1.81876,
	3.26608 1.82096,
	3.26339 1.82273,
	3.26048 1.82403,
	3.25742 1.82482,
	3.25427 1.82508,
	3.25113 1.82482,
	3.24807 1.82403,
	3.24515 1.82273,
	3.24247 1.82096,
	3.24007 1.81876,
	3.23802 1.81618,
	3.23637 1.81329,
	3.23517 1.81016,
	"/>
<Contour name="Ea5(v149)" hidden="false" closed="true" simplified="true" border="1 0 0" fill="1 1 1" mode="9"
 points="3.14981 1.81253,
	3.15007 1.8093,
	3.15084 1.80617,
	3.15211 1.80321,
	3.15383 1.8005,
	3.15597 1.79812,
	3.15845 1.79613,
	3.16123 1.79459,
	3.16421 1.79354,
	3.16732 1.79301,
	3.17047 1.79301,
	3.17358 1.79354,
	3.17656 1.79459,
	3.17933 1.79613,
	3.18182 1.79812,
	3.18395 1.8005,
	3.18568 1.80321,
	3.18694 1.80617,
	3.18772 1.8093,
	3.18798 1.81253,
	3.18772 1.81575,
	3.18694 1.81889,
	3.18568 1.82185,
	3.18395 1.82456,
	3.18182 1.82694,
	3.17933 1.82893,
	3.17656 1.83047,
	3.17358 1.83152,
	3.17047 1.83205,
	3.16732 1.83205,
	3.16421 1.83152,
	3.16123 1.83047,
	3.15845 1.82893,
	3.15597 1.82694,
	3.15383 1.82456,
	3.15211 1.82185,
	3.15084 1.81889,
	"/>
<Contour name="Ea5(v160)" hidden="false" closed="true" simplified="true" border="1 0 0" fill="1 1 1" mode="9"
 points="3.11164 1.85472,
	3.11191 1.85149,
	3.11273 1.84836,
	3.11406 1.84543,
	3.11587 1.84277,
	3.11809 1.84048,
	3.12068 1.83862,
	3.12353 1.83725,
	3.12658 1.83642,
	3.12972 1.83613,
	3.13286 1.83642,
	3.1359 1.83725,
	3.13876 1.83862,
	3.14134 1.84048,
	3.14357 1.84277,
	3.14538 1.84543,
	3.14671 1.84836,
	3.14752 1.85149,
	3.1478 1.85472,
	3.14752 1.85794,
	3.14671 1.86107,
	3.14538 1.86401,
	3.14357 1.86666,
	3.14134 1.86895,
	3.13876 1.87081,
	3.1359 1.87218,
	3.13286 1.87302,
	3.12972 1.8733,
	3.12658 1.87302,
	3.12353 1.87218,
	3.12068 1.87081,
	3.11809 1.86895,
	3.11587 1.86666,
	3.11406 1.86401,
	3.11273 1.86107,
	3.11191 1.85794,
	"/>
<Contour name="Ea5(v170)" hidden="false" closed="true" simplified="true" border="1 0 0" fill="1 1 1" mode="9"
 points="3.1478 1.90494,
	3.14809 1.90153,
	3.14895 1.89823,
	3.15036 1.89516,
	3.15225 1.89242,
	3.15458 1.89011,
	3.15726 1.88831,
	3.1602 1.88707,
	3.1633 1.88644,
	3.16645 1.88644,
	3.16955 1.88707,
	3.17249 1.88831,
	3.17517 1.89011,
	3.17749 1.89242,
	3.17939 1.89516,
	3.1808 1.89823,
	3.18166 1.90153,
	3.18195 1.90494,
	3.18166 1.90836,
	3.1808 1.91165,
	3.17939 1.91472,
	3.17749 1.91746,
	3.17517 1.91977,
	3.17249 1.92158,
	3.16955 1.92282,
	3.16645 1.92345,
	3.1633 1.92345,
	3.1602 1.92282,
	3.15726 1.92158,
	3.15458 1.91977,
	3.15225 1.91746,
	3.15036 1.91472,
	3.14895 1.91165,
	3.14809 1.90836,
	"/>
<Contour name="Ea5(v181)" hidden="false" closed="true" simplified="true" border="1 0 0" fill="1 1 1" mode="9"
 points="3.18798 1.8738,
	3.1883 1.87006,
	3.18924 1.86647,
	3.19077 1.86319,
	3.19282 1.86033,
	3.19531 1.85803,
	3.19814 1.85638,
	3.20119 1.85543,
	3.20434 1.85524,
	3.20745 1.85581,
	3.2104 1.85712,
	3.21308 1.85911,
	3.21536 1.8617,
	3.21716 1.86478,
	3.2184 1.86824,
	3.21904 1.87192,
	3.21904 1.87568,
	3.2184 1.87937,
	3.21716 1.88282,
	3.21536 1.88591,
	3.21308 1.8885,
	3.2104 1.89049,
	3.20745 1.89179,
	3.20434 1.89236,
	3.20119 1.89217,
	3.19814 1.89123,
	3.19531 1.88957,
	3.19282 1.88727,
	3.19077 1.88442,
	3.18924 1.88113,
	3.1883 1.87754,
	"/>
<Contour name="Ea5(v192)" hidden="false" closed="true" simplified="true" border="1 0 0" fill="1 1 1" mode="9"
 points="3.11063 1.94813,
	3.11087 1.94484,
	3.11159 1.94162,
	3.11277 1.93855,
	3.11438 1.93571,
	3.11639 1.93316,
	3.11874 1.93096,
	3.12139 1.92916,
	3.12426 1.92781,
	3.1273 1.92693,
	3.13044 1.92655,
	3.13359 1.92668,
	3.13668 1.92731,
	3.13965 1.92843,
	3.14242 1.93001,
	3.14492 1.93201,
	3.14711 1.93439,
	3.14892 1.9371,
	3.15032 1.94006,
	3.15127 1.94321,
	3.15176 1.94648,
	3.15176 1.94979,
	3.15127 1.95306,
	3.15032 1.95621,
	3.14892 1.95917,
	3.14711 1.96188,
	3.14492 1.96426,
	3.14242 1.96626,
	3.13965 1.96784,
	3.13668 1.96896,
	3.13359 1.96959,
	3.13044 1.96972,
	3.1273 1.96934,
	3.12426 1.96846,
	3.12139 1.96711,
	3.11874 1.96531,
	3.11639 1.96311,
	3.11438 1.96056,
	3.11277 1.95772,
	3.11159 1.95465,
	3.11087 1.95143,
	"/>
<Contour name="Ea5(v202)" hidden="false" closed="true" simplified="true" border="1 0 0" fill="1 1 1" mode="9"
 points="3.09442 1.98697,
	3.09515 1.98217,
	3.09724 1.97784,
	3.10051 1.9744,
	3.10462 1.9722,
	3.10919 1.97144,
	3.11375 1.9722,
	3.11786 1.9744,
	3.12113 1.97784,
	3.12322 1.98217,
	3.12395 1.98697,
	3.12322 1.99178,
	3.12113 1.99611,
	3.11786 1.99954,
	3.11375 2.00175,
	3.10919 2.00251,
	3.10462 2.00175,
	3.10051 1.99954,
	3.09724 1.99611,
	"/>
<Contour name="Ea5(v214)" hidden="false" closed="true" simplified="true" border="1 0 0" fill="1 1 1" mode="9"
 points="3.03072 2.04912,
	3.03145 2.04363,
	3.03356 2.03862,
	3.03686 2.03455,
	3.04108 2.03177,
	3.04582 2.03053,
	3.05067 2.03095,
	3.05519 2.03298,
	3.05899 2.03644,
	3.06173 2.04103,
	3.06317 2.04635,
	3.06317 2.0519,
	3.06173 2.05721,
	3.05899 2.06181,
	3.05519 2.06527,
	3.05067 2.0673,
	3.04582 2.06772,
	3.04108 2.06648,
	3.03686 2.0637,
	3.03356 2.05963,
	"/>
<Contour name="Ea5(v225)" hidden="false" closed="true" simplified="true" border="1 0 0" fill="1 1 1" mode="9"
 points="3.37479 1.57773,
	3.37516 1.57419,
	3.37626 1.57082,
	3.37803 1.56777,
	3.3804 1.56518,
	3.38325 1.56318,
	3.38645 1.56186,
	3.38985 1.56129,
	3.39329 1.56148,
	3.3966 1.56243,
	3.39965 1.5641,
	3.40227 1.56641,
	3.40435 1.56924,
	3.4058 1.57247,
	3.40654 1.57595,
	3.40654 1.57952,
	3.4058 1.58299,
	3.40435 1.58623,
	3.40227 1.58906,
	3.39965 1.59137,
	3.3966 1.59304,
	3.39329 1.59399,
	3.38985 1.59418,
	3.38645 1.59361,
	3.38325 1.59229,
	3.3804 1.59029,
	3.37803 1.5877,
	3.37626 1.58465,
	"/>
</Transform>

<Transform dim="0"
 xcoef=" 0 1 0 0 0 0"
 ycoef=" 0 0 1 0 0 0">
<Contour name="Ea5(v465)" hidden="false" closed="true" simplified="true" border="0.612 0.275 0.643" fill="0.459 0.729 1" mode="9"
 points="3.60226 1.17152,
	3.60334 1.16467,
	3.6065 1.15848,
	3.61141 1.15357,
	3.61759 1.15041,
	3.62445 1.14933,
	3.63131 1.15041,
	3.6375 1.15357,
	3.64241 1.15848,
	3.64556 1.16467,
	3.64665 1.17152,
	3.64556 1.17838,
	3.64241 1.18457,
	3.6375 1.18948,
	3.63131 1.19264,
	3.62445 1.19372,
	3.61759 1.19264,
	3.61141 1.18948,
	3.6065 1.18457,
	"/>
</Transform>

<Transform dim="0"
 xcoef=" 0 1 0 0 0 0"
 ycoef=" 0 0 1 0 0 0">
<Contour name="Ea5(MVB2)" hidden="false" closed="true" simplified="true" border="0.521569 0.858824 0.0156863" fill="0.866667 0.980392 0.521569" mode="9"
 points="3.82578 0.589905,
	3.83388 0.557526,
	3.83894 0.541337,
	3.84197 0.533242,
	3.8531 0.517053,
	3.85918 0.508958,
	3.8612 0.500863,
	3.8612 0.496816,
	3.86221 0.494792,
	3.8612 0.462413,
	3.86525 0.446223,
	3.86929 0.413844,
	3.87031 0.397655,
	3.87334 0.38956,
	3.87435 0.381465,
	3.8784 0.373371,
	3.8865 0.3673,
	3.90268 0.365276,
	3.91887 0.366288,
	3.93506 0.369323,
	3.94316 0.374383,
	3.95732 0.38956,
	3.96137 0.393608,
	3.9725 0.409797,
	3.9806 0.425987,
	3.98566 0.458366,
	3.98363 0.490745,
	3.98161 0.506934,
	3.97857 0.515029,
	3.97351 0.547408,
	3.97149 0.563597,
	3.96947 0.571692,
	3.97756 0.587882,
	3.98262 0.595976,
	3.98363 0.612166,
	3.98363 0.620261,
	3.98161 0.628356,
	3.98161 0.63645,
	3.97756 0.65264,
	3.97453 0.660735,
	3.97351 0.668829,
	3.96744 0.685019,
	3.96643 0.693114,
	3.95834 0.709303,
	3.94215 0.71841,
	3.93405 0.719422,
	3.91786 0.712339,
	3.90977 0.706268,
	3.90572 0.70222,
	3.87334 0.685019,
	3.86525 0.67996,
	3.84906 0.664782,
	3.84299 0.656687,
	3.82781 0.624308,
	3.82578 0.608119,
	3.82578 0.591929,
	3.82578 0.590917,
	"/>
</Transform>

<Transform dim="0"
 xcoef=" 0 1 0 0 0 0"
 ycoef=" 0 0 1 0 0 0">
<Contour name="Ea5(ER)" hidden="false" closed="true" simplified="true" border="0 0.882 0.882" fill="0.502 1 1" mode="9"
 points="3.93143 1.14857,
	3.9412 1.14491,
	3.94609 1.14368,
	3.95586 1.14491,
	3.97052 1.16445,
	3.97907 1.17422,
	3.98273 1.17911,
	3.98517 1.18888,
	3.98273 1.19865,
	3.97662 1.20843,
	3.96685 1.21698,
	3.96197 1.21942,
	3.95952 1.22064,
	3.94975 1.21576,
	3.9302 1.19621,
	3.92532 1.18644,
	3.92165 1.16689,
	3.92165 1.15834,
	3.9241 1.15223,
	3.92532 1.15223,
	"/>
</Transform>

<Transform dim="0"
 xcoef=" 0 1 0 0 0 0"
 ycoef=" 0 0 1 0 0 0">
<Contour name="Ea5(ER)" hidden="false" closed="true" simplified="true" border="0 0.882 0.882" fill="0.502 1 1" mode="9"
 points="3.89892 0.825326,
	3.90401 0.816273,
	3.90528 0.814009,
	3.90585 0.812878,
	3.90698 0.81217,
	3.90924 0.811746,
	3.90953 0.811605,
	3.91363 0.81599,
	3.91561 0.818253,
	3.91985 0.827306,
	3.92183 0.831833,
	3.92282 0.834096,
	3.92565 0.84315,
	3.92707 0.847676,
	3.92735 0.852203,
	3.93004 0.856729,
	3.93145 0.858993,
	3.93216 0.860124,
	3.93768 0.878231,
	3.94319 0.887284,
	3.94602 0.891811,
	3.94715 0.894074,
	3.95225 0.912181,
	3.95465 0.921234,
	3.95819 0.93934,
	3.95989 0.948394,
	3.96073 0.95292,
	3.963 0.961974,
	3.96328 0.963105,
	3.96144 0.972159,
	3.96059 0.976685,
	3.96045 0.977251,
	3.9654 0.995357,
	3.96809 1.00441,
	3.97163 1.02252,
	3.97446 1.03157,
	3.97587 1.0361,
	3.9763 1.03723,
	3.97969 1.05534,
	3.98139 1.06439,
	3.98167 1.06665,
	3.98054 1.07571,
	3.97997 1.08023,
	3.97983 1.08476,
	3.97983 1.08702,
	3.97983 1.08815,
	3.97771 1.09268,
	3.97658 1.09494,
	3.97332 1.09947,
	3.97163 1.10173,
	3.97078 1.10286,
	3.95267 1.11404,
	3.94362 1.11956,
	3.94249 1.12026,
	3.9422 1.12055,
	3.93315 1.1156,
	3.92862 1.11305,
	3.92749 1.11248,
	3.92297 1.10909,
	3.9207 1.10739,
	3.91618 1.10485,
	3.91122 1.09579,
	3.90868 1.09127,
	3.90811 1.09013,
	3.90783 1.089,
	3.90613 1.0709,
	3.90528 1.06184,
	3.90514 1.05279,
	3.90514 1.04826,
	3.90429 1.03921,
	3.90415 1.03808,
	3.90825 1.00186,
	3.91023 0.983758,
	3.91066 0.979231,
	3.91405 0.961125,
	3.91575 0.952072,
	3.91646 0.947545,
	3.91816 0.929438,
	3.919 0.920385,
	3.91844 0.911332,
	3.91801 0.906805,
	3.919 0.897752,
	3.91957 0.893225,
	3.91985 0.890962,
	3.92 0.88983,
	3.92169 0.885445,
	3.92226 0.883182,
	3.92226 0.882616,
	3.92268 0.881484,
	3.92325 0.876958,
	3.92353 0.874695,
	3.92353 0.872431,
	3.92353 0.8713,
	3.92353 0.870734,
	3.92169 0.866207,
	3.91957 0.86168,
	3.91872 0.859417,
	3.91688 0.857154,
	3.9166 0.856588,
	3.91561 0.855456,
	3.91533 0.854891,
	3.91434 0.853759,
	3.91405 0.853193,
	3.91349 0.85291,
	3.91122 0.850647,
	3.91009 0.849657,
	3.90953 0.849374,
	3.90854 0.848242,
	3.90387 0.839189,
	3.89948 0.830135,
	3.89892 0.829004,
	3.89878 0.828579,
	3.89864 0.826741,
	3.89864 0.826316,
	"/>
</Transform>

<Transform dim="0"
 xcoef=" 0 1 0 0 0 0"
 ycoef=" 0 0 1 0 0 0">
<Contour name="Ea5(endo4)" hidden="false" closed="true" simplified="true" border="1 1 0" fill="1 1 0.501961" mode="9"
 points="3.72533 1.22404,
	3.73483 1.20883,
	3.74053 1.20123,
	3.75574 1.19933,
	3.77094 1.20883,
	3.77094 1.22404,
	3.76524 1.23924,
	3.75574 1.25445,
	3.74813 1.25635,
	3.73293 1.25065,
	3.72913 1.23544,
	3.72723 1.22784,
	3.72533 1.22594,
	"/>
</Transform>

<Transform dim="0"
 xcoef=" 0 1 0 0 0 0"
 ycoef=" 0 0 1 0 0 0">
<Contour name="Ea5(MVB1)" hidden="false" closed="true" simplified="true" border="0.521569 0.858824 0.0156863" fill="0.866667 0.980392 0.521569" mode="9"
 points="3.67283 0.823391,
	3.67766 0.804075,
	3.67886 0.799246,
	3.67766 0.789588,
	3.67645 0.784759,
	3.68007 0.765443,
	3.68248 0.755785,
	3.69818 0.736469,
	3.70784 0.730433,
	3.71387 0.720775,
	3.71629 0.701459,
	3.71508 0.682142,
	3.72112 0.662826,
	3.72595 0.653168,
	3.74043 0.633852,
	3.75009 0.614536,
	3.75492 0.610914,
	3.75975 0.609707,
	3.76458 0.610914,
	3.77424 0.63023,
	3.77786 0.649546,
	3.77786 0.654375,
	3.78752 0.673692,
	3.79476 0.68335,
	3.79838 0.686971,
	3.79959 0.696629,
	3.8008 0.701459,
	3.79476 0.720775,
	3.79114 0.730433,
	3.78148 0.740091,
	3.77665 0.74492,
	3.76579 0.764236,
	3.75733 0.773894,
	3.74768 0.781137,
	3.74526 0.783552,
	3.73681 0.822184,
	3.73077 0.8415,
	3.72957 0.846329,
	3.73077 0.851158,
	3.72957 0.855987,
	3.72957 0.858402,
	3.72595 0.863231,
	3.72232 0.865645,
	3.72112 0.865645,
	3.71629 0.863231,
	3.71267 0.858402,
	3.70542 0.839086,
	3.69576 0.834257,
	3.68611 0.837879,
	3.68128 0.836671,
	3.67403 0.827013,
	3.67283 0.824599,
	"/>
</Transform>

<Transform dim="0"
 xcoef=" 0 1 0 0 0 0"
 ycoef=" 0 0 1 0 0 0">
<Contour name="Ea5" hidden="false" closed="true" simplified="true" border="0.984314 0.207843 0.0156863" fill="1 1 0.690196" mode="9"
 points="2.969 2.09463,
	3.00401 2.01737,
	3.00884 2.00771,
	3.01608 1.99805,
	3.02574 1.9896,
	3.03539 1.95097,
	3.03902 1.93165,
	3.04022 1.91234,
	3.03781 1.89302,
	3.03902 1.88336,
	3.04747 1.86405,
	3.0523 1.85439,
	3.08851 1.81576,
	3.12715 1.78075,
	3.1368 1.77109,
	3.14646 1.76505,
	3.16578 1.76022,
	3.18509 1.75177,
	3.22252 1.71314,
	3.23218 1.7059,
	3.25874 1.66726,
	3.27081 1.64795,
	3.2865 1.62863,
	3.30582 1.60932,
	3.31789 1.59,
	3.32272 1.58034,
	3.35411 1.54171,
	3.36377 1.53205,
	3.3686 1.52843,
	3.40723 1.51998,
	3.44586 1.50308,
	3.45552 1.49704,
	3.47484 1.47772,
	3.48329 1.47048,
	3.4857 1.47169,
	3.49536 1.46324,
	3.50019 1.45841,
	3.50381 1.44875,
	3.50502 1.44392,
	3.49777 1.40529,
	3.49295 1.36666,
	3.49053 1.357,
	3.46759 1.31837,
	3.45552 1.29905,
	3.44828 1.28939,
	3.44345 1.27973,
	3.44103 1.27491,
	3.43862 1.25559,
	3.43983 1.23627,
	3.44103 1.22662,
	3.44586 1.21696,
	3.44828 1.2073,
	3.45311 1.19764,
	3.47242 1.17832,
	3.4857 1.15901,
	3.49657 1.13969,
	3.50502 1.12038,
	3.5183 1.10106,
	3.52554 1.0914,
	3.54365 1.07209,
	3.55814 1.05277,
	3.57625 1.01414,
	3.5847 0.994822,
	3.58953 0.985164,
	3.59194 0.980335,
	3.59194 0.941703,
	3.59315 0.922387,
	3.60281 0.90307,
	3.60643 0.893412,
	3.60884 0.85478,
	3.61005 0.845122,
	3.61005 0.840293,
	3.61609 0.830635,
	3.62454 0.820977,
	3.63057 0.811319,
	3.64385 0.772687,
	3.64747 0.763029,
	3.64868 0.753371,
	3.64385 0.714738,
	3.64144 0.70508,
	3.64868 0.685764,
	3.65351 0.666448,
	3.67041 0.627816,
	3.68248 0.589184,
	3.68852 0.569868,
	3.68731 0.550551,
	3.68731 0.540893,
	3.69576 0.521577,
	3.69818 0.511919,
	3.69456 0.473287,
	3.69335 0.463629,
	3.69576 0.444313,
	3.70059 0.434655,
	3.70059 0.43224,
	3.70422 0.427411,
	3.70904 0.408095,
	3.72836 0.369463,
	3.74526 0.350147,
	3.76458 0.336867,
	3.80321 0.329623,
	3.82253 0.324794,
	3.84184 0.32238,
	3.88047 0.328416,
	3.89979 0.329623,
	3.90945 0.328416,
	3.92876 0.321173,
	3.93842 0.321173,
	3.94325 0.32238,
	3.94808 0.326002,
	3.98671 0.326002,
	3.99637 0.326002,
	4.0012 0.328416,
	4.00603 0.328416,
	4.01569 0.333245,
	4.035 0.351354,
	4.04466 0.354976,
	4.06398 0.356183,
	4.07364 0.362219,
	4.11106 0.398437,
	4.11589 0.408095,
	4.13279 0.427411,
	4.13762 0.428618,
	4.14728 0.434655,
	4.14969 0.435862,
	4.14969 0.438277,
	4.15935 0.447935,
	4.16177 0.452764,
	4.18108 0.47208,
	4.18833 0.481738,
	4.19195 0.486567,
	4.19678 0.505883,
	4.19919 0.544515,
	4.20281 0.563831,
	4.20281 0.56866,
	4.20281 0.569868,
	4.20281 0.586769,
	4.2004 0.598842,
	4.18953 0.618158,
	4.1835 0.627816,
	4.17625 0.647132,
	4.17384 0.666448,
	4.16901 0.685764,
	4.16177 0.695422,
	4.15211 0.70508,
	4.14969 0.724396,
	4.14003 0.743713,
	4.12676 0.763029,
	4.10865 0.782345,
	4.07001 0.799246,
	4.0507 0.807697,
	4.04104 0.817355,
	4.03621 0.827013,
	4.03138 0.846329,
	4.02897 0.855987,
	4.02776 0.860816,
	4.0338 0.880133,
	4.03742 0.889791,
	4.03863 0.909107,
	4.02414 0.947739,
	4.00361 0.986371,
	4.0012 0.9912,
	4.00241 1.01052,
	4.00844 1.04915,
	4.00965 1.06846,
	4.01086 1.07812,
	4.01207 1.08295,
	4.00482 1.10227,
	4.00482 1.1071,
	4.00241 1.11193,
	4.0012 1.15056,
	4.00241 1.18919,
	4.00241 1.19402,
	3.99758 1.20368,
	3.99516 1.20851,
	3.98913 1.28577,
	3.98792 1.36304,
	3.97585 1.40167,
	3.9674 1.42098,
	3.95412 1.4403,
	3.94687 1.44996,
	3.92756 1.48859,
	3.91669 1.50791,
	3.88772 1.54654,
	3.86357 1.58517,
	3.85874 1.59483,
	3.84064 1.61414,
	3.802 1.63588,
	3.79476 1.64553,
	3.78993 1.65519,
	3.78389 1.67451,
	3.77544 1.69382,
	3.75854 1.71314,
	3.74526 1.73246,
	3.74043 1.74211,
	3.72595 1.76143,
	3.70784 1.78075,
	3.69456 1.80006,
	3.6849 1.80972,
	3.66558 1.81938,
	3.65592 1.82541,
	3.64023 1.84473,
	3.62333 1.88336,
	3.5678 1.96063,
	3.55934 1.97029,
	3.55452 1.97391,
	3.51588 1.98115,
	3.49657 1.98598,
	3.49174 1.98839,
	3.48449 1.99805,
	3.46518 2.01616,
	3.44586 2.03065,
	3.40723 2.06928,
	3.4024 2.07411,
	3.38429 2.11274,
	3.37584 2.13206,
	3.36981 2.14172,
	3.36135 2.15137,
	3.34204 2.16103,
	3.26477 2.16948,
	3.24546 2.1731,
	3.22614 2.17914,
	3.21648 2.18156,
	3.19717 2.17914,
	3.19234 2.17914,
	3.15371 2.16103,
	3.11507 2.14534,
	3.10542 2.14292,
	3.0861 2.14413,
	3.07644 2.14413,
	3.05713 2.15017,
	3.03781 2.15137,
	3.01849 2.15017,
	3.00884 2.14896,
	2.98952 2.14172,
	2.98469 2.13809,
	2.97503 2.11878,
	2.9702 2.10912,
	2.969 2.09946,
	2.969 2.09584,
	"/>
</Transform>

<Transform dim="0"
 xcoef=" 0 1 0 0 0 0"
 ycoef=" 0 0 1 0 0 0">
<Contour name="Ea5(AZ1)" hidden="false" closed="true" simplified="true" border="1 0.501961 0.752941" fill="1 0.501961 1" mode="9"
 points="3.12174 1.72414,
	3.1766 1.66841,
	3.2036 1.64055,
	3.22885 1.61268,
	3.24888 1.58482,
	3.25671 1.57089,
	3.26891 1.54302,
	3.27761 1.52909,
	3.2811 1.52212,
	3.2898 1.49426,
	3.29764 1.48032,
	3.29938 1.47684,
	3.31331 1.46639,
	3.32028 1.46117,
	3.34815 1.45681,
	3.36208 1.45507,
	3.36556 1.45594,
	3.39517 1.51167,
	3.40301 1.52561,
	3.40649 1.53257,
	3.40823 1.53605,
	3.4091 1.5378,
	3.39517 1.54041,
	3.3882 1.54302,
	3.37427 1.5526,
	3.3525 1.57959,
	3.34379 1.59353,
	3.32202 1.62139,
	3.29503 1.64403,
	3.27761 1.6719,
	3.26891 1.68583,
	3.25671 1.71369,
	3.25062 1.72763,
	3.22624 1.75462,
	3.19837 1.77116,
	3.17051 1.77378,
	3.16702 1.77291,
	3.1409 1.74504,
	3.12784 1.73111,
	3.12261 1.72501,
	"/>
</Transform>

<Transform dim="0"
 xcoef=" 0 1 0 0 0 0"
 ycoef=" 0 0 1 0 0 0">
<Contour name="Ed9" hidden="false" closed="true" simplified="true" border="0.541176 0.756863 0.0352941" fill="0.501961 1 1" mode="9"
 points="1.43332 0.129982,
	1.44073 0.120105,
	1.44443 0.115166,
	1.44567 0.113932,
	1.46542 0.113314,
	1.4753 0.113314,
	1.48517 0.115166,
	1.50493 0.123191,
	1.50987 0.125043,
	1.52962 0.138007,
	1.5395 0.145414,
	1.57901 0.16702,
	1.61851 0.187392,
	1.63827 0.197269,
	1.67778 0.207763,
	1.69753 0.213319,
	1.70741 0.215788,
	1.70988 0.216405,
	1.71975 0.212084,
	1.72469 0.209615,
	1.72716 0.20838,
	1.74321 0.188626,
	1.74753 0.183688,
	1.75124 0.163934,
	1.75247 0.154057,
	1.75309 0.149118,
	1.74691 0.10961,
	1.74444 0.0898564,
	1.74383 0.0849179,
	1.74877 0.04541,
	1.75124 0.025656,
	1.75494 0.015779,
	1.76667 -0.00397492,
	1.77037 -0.00891341,
	1.77284 -0.0138519,
	1.7926 -0.0274328,
	1.80247 -0.0336059,
	1.80741 -0.0354578,
	1.82716 -0.0385444,
	1.83704 -0.039779,
	1.84198 -0.0391617,
	1.88149 -0.0268154,
	1.90124 -0.020025,
	1.94075 -0.000888364,
	1.9605 0.00837131,
	1.96544 0.00960593,
	2.04446 -0.0150865,
	2.08397 -0.0274328,
	2.09384 -0.0305193,
	2.1136 -0.0317539,
	2.12347 -0.0366924,
	2.12841 -0.039779,
	2.14693 -0.0595329,
	2.15557 -0.0694099,
	2.16854 -0.0891639,
	2.17841 -0.0947197,
	2.18335 -0.0978063,
	2.20311 -0.0879293,
	2.21298 -0.0829908,
	2.23274 -0.0700272,
	2.27225 -0.0422482,
	2.28212 -0.0360751,
	2.292 -0.0317539,
	2.37102 -0.00644417,
	2.38089 -0.0027403,
	2.38213 -0.00212299,
	2.40188 -0.0126173,
	2.41176 -0.0175558,
	2.4167 -0.020025,
	2.42657 -0.0286674,
	2.43151 -0.0329886,
	2.43398 -0.0354578,
	2.45312 -0.0749657,
	2.45497 -0.0799042,
	2.4562 -0.0823735,
	2.45867 -0.121881,
	2.45991 -0.141635,
	2.46238 -0.161389,
	2.46361 -0.171266,
	2.46361 -0.176205,
	2.46546 -0.181143,
	2.48028 -0.200897,
	2.48707 -0.210774,
	2.49695 -0.220651,
	2.50189 -0.221269,
	2.54139 -0.216947,
	2.54633 -0.216947,
	2.5488 -0.216947,
	2.56856 -0.20954,
	2.57843 -0.206453,
	2.58831 -0.205218,
	2.59325 -0.205218,
	2.59819 -0.206453,
	2.61794 -0.218182,
	2.62782 -0.224355,
	2.63029 -0.22559,
	2.63955 -0.235467,
	2.64387 -0.240405,
	2.64881 -0.243492,
	2.68831 -0.260776,
	2.70807 -0.270036,
	2.74758 -0.291025,
	2.76733 -0.302136,
	2.80684 -0.320656,
	2.82659 -0.329298,
	2.83647 -0.334237,
	2.84635 -0.33794,
	2.88585 -0.33794,
	2.90561 -0.33794,
	2.92536 -0.336088,
	2.96487 -0.330533,
	2.97475 -0.329298,
	3.01425 -0.334854,
	3.03401 -0.34041,
	3.03648 -0.341644,
	3.03771 -0.342262,
	3.07722 -0.33115,
	3.11673 -0.321273,
	3.13648 -0.316952,
	3.17599 -0.32189,
	3.19574 -0.32436,
	3.20068 -0.324977,
	3.24019 -0.322508,
	3.25994 -0.320656,
	3.2797 -0.317569,
	3.28464 -0.316952,
	3.30439 -0.321273,
	3.31427 -0.323742,
	3.31921 -0.324977,
	3.35871 -0.316952,
	3.37847 -0.313248,
	3.38094 -0.313248,
	3.42045 -0.293494,
	3.4402 -0.283617,
	3.45008 -0.279296,
	3.48958 -0.267567,
	3.50934 -0.261394,
	3.58835 -0.222503,
	3.62786 -0.203366,
	3.6328 -0.200897,
	3.65009 -0.181143,
	3.65811 -0.171266,
	3.66058 -0.168797,
	3.66552 -0.15892,
	3.66799 -0.153982,
	3.68651 -0.134228,
	3.7254 -0.0947197,
	3.73466 -0.0848427,
	3.76737 -0.0453348,
	3.78342 -0.0255808,
	3.78836 -0.0206423,
	3.7933 -0.0169385,
	3.87232 0.0201002,
	3.91183 0.0386196,
	3.9217 0.0435581,
	4.00072 0.073189,
	4.04023 0.0880045,
	4.0501 0.0917083,
	4.08961 0.111462,
	4.10936 0.121339,
	4.11924 0.126278,
	4.139 0.139859,
	4.1785 0.168872,
	4.18838 0.175663,
	4.2674 0.213319,
	4.34641 0.24974,
	4.36617 0.258382,
	4.37604 0.262704,
	4.45506 0.305298,
	4.47481 0.315175,
	4.47975 0.317027,
	4.48469 0.320114,
	4.50444 0.337398,
	4.51432 0.346041,
	4.52173 0.365795,
	4.52543 0.375672,
	4.52667 0.378141,
	4.52173 0.417649,
	4.51926 0.437403,
	4.51864 0.442341,
	4.52173 0.452218,
	4.54519 0.491726,
	4.5563 0.51148,
	4.56926 0.531234,
	4.57543 0.541111,
	4.57914 0.54605,
	4.57976 0.550988,
	4.58037 0.553457,
	4.57976 0.555927,
	4.57482 0.560865,
	4.57297 0.563334,
	4.57173 0.564569,
	4.57173 0.574446,
	4.57173 0.579384,
	4.57173 0.580619,
	4.56741 0.585557,
	4.56494 0.588027,
	4.56371 0.592965,
	4.56371 0.595434,
	4.56371 0.596669,
	4.55506 0.606546,
	4.55074 0.611485,
	4.54827 0.613954,
	4.52852 0.61704,
	4.51864 0.617658,
	4.5137 0.618275,
	4.50877 0.617658,
	4.49889 0.613336,
	4.47913 0.601608,
	4.4742 0.598521,
	4.46617 0.588644,
	4.45938 0.578767,
	4.45506 0.56889,
	4.44889 0.559013,
	4.43901 0.549136,
	4.42913 0.542346,
	4.42419 0.538024,
	4.41926 0.536173,
	4.41432 0.533086,
	4.41185 0.530617,
	4.40691 0.52753,
	4.38715 0.509628,
	4.37728 0.499751,
	4.35752 0.488022,
	4.35259 0.486788,
	4.34765 0.483701,
	4.33777 0.480615,
	4.32789 0.479997,
	4.31802 0.480615,
	4.30814 0.483701,
	4.28839 0.487405,
	4.28592 0.487405,
	4.27604 0.491109,
	4.26616 0.492961,
	4.26122 0.494195,
	4.24147 0.494195,
	4.23653 0.493578,
	4.23159 0.491109,
	4.21184 0.476911,
	4.2069 0.473207,
	4.13529 0.394191,
	4.09949 0.354683,
	4.09085 0.344806,
	4.08591 0.340485,
	4.06615 0.328139,
	4.05628 0.321965,
	4.0464 0.317644,
	4.00689 0.305915,
	3.99701 0.303446,
	3.98714 0.299742,
	3.90812 0.291717,
	3.86861 0.287396,
	3.82911 0.28184,
	3.7896 0.27505,
	3.77972 0.276902,
	3.75997 0.282458,
	3.7575 0.283075,
	3.73774 0.297273,
	3.72787 0.305298,
	3.72355 0.310237,
	3.7007 0.389252,
	3.6791 0.468268,
	3.67539 0.478145,
	3.66552 0.497899,
	3.65996 0.507776,
	3.64021 0.525061,
	3.63033 0.533703,
	3.62539 0.53679,
	3.60564 0.544815,
	3.59576 0.547901,
	3.59082 0.548519,
	3.57107 0.54605,
	3.55132 0.541728,
	3.54638 0.540494,
	3.50687 0.551605,
	3.48711 0.557161,
	3.46736 0.567655,
	3.44761 0.580619,
	3.43773 0.600373,
	3.43341 0.61025,
	3.43588 0.620127,
	3.43711 0.625065,
	3.42662 0.664573,
	3.41674 0.684327,
	3.41119 0.694204,
	3.39514 0.713958,
	3.38588 0.723835,
	3.376 0.730008,
	3.29698 0.764578,
	3.25748 0.781862,
	3.25254 0.783714,
	3.25007 0.784332,
	3.24019 0.780628,
	3.23525 0.783714,
	3.2155 0.800999,
	3.20624 0.810876,
	3.19636 0.83063,
	3.19142 0.840507,
	3.18957 0.845446,
	3.18648 0.8652,
	3.18463 0.875076,
	3.17537 0.89483,
	3.17043 0.904707,
	3.16241 0.944215,
	3.15809 0.963969,
	3.15253 1.00348,
	3.15006 1.00842,
	3.13031 1.02632,
	3.12043 1.03558,
	3.11055 1.04113,
	3.10562 1.04299,
	3.10068 1.0436,
	3.0908 1.03928,
	3.08586 1.03496,
	3.08092 1.03249,
	3.07599 1.02755,
	3.07475 1.02755,
	3.07413 1.02508,
	3.0692 1.022,
	3.06734 1.01953,
	3.06734 1.01829,
	3.06487 1.01644,
	3.06364 1.01521,
	3.06302 1.01274,
	3.06055 1.01027,
	3.05808 1.00533,
	3.05747 1.00039,
	3.05561 0.995452,
	3.05376 0.985575,
	3.05253 0.983106,
	3.05129 0.973229,
	3.05068 0.968291,
	3.04882 0.963352,
	3.04574 0.958414,
	3.02907 0.93866,
	3.02104 0.928783,
	3.01055 0.909029,
	3.00191 0.889275,
	2.99759 0.879398,
	2.98956 0.869521,
	2.95005 0.848532,
	2.94512 0.844828,
	2.94079 0.83989,
	2.93092 0.831865,
	2.92104 0.827544,
	2.9161 0.826926,
	2.91363 0.825692,
	2.90376 0.824457,
	2.89882 0.82384,
	2.89635 0.822605,
	2.88647 0.82137,
	2.88153 0.820753,
	2.84202 0.804703,
	2.83709 0.802851,
	2.82721 0.796678,
	2.80746 0.788653,
	2.79758 0.786801,
	2.7877 0.786184,
	2.77782 0.784332,
	2.77289 0.78248,
	2.75313 0.778776,
	2.74819 0.777541,
	2.74572 0.776307,
	2.72597 0.774455,
	2.70622 0.774455,
	2.69634 0.774455,
	2.68646 0.776307,
	2.68152 0.776307,
	2.67165 0.778776,
	2.65189 0.779393,
	2.63214 0.778776,
	2.62226 0.778159,
	2.61732 0.778159,
	2.60745 0.775072,
	2.59757 0.77322,
	2.59263 0.77322,
	2.58769 0.771368,
	2.58275 0.770751,
	2.57288 0.767047,
	2.56794 0.765195,
	2.56547 0.76396,
	2.54571 0.761491,
	2.53584 0.761491,
	2.52596 0.760257,
	2.52102 0.759022,
	2.50127 0.759022,
	2.49139 0.759022,
	2.48645 0.759022,
	2.48584 0.757787,
	2.4809 0.757787,
	2.47843 0.757787,
	2.47596 0.756553,
	2.47102 0.756553,
	2.46608 0.755318,
	2.4562 0.755318,
	2.45374 0.755318,
	2.45127 0.754083,
	2.44139 0.753466,
	2.43213 0.751614,
	2.42719 0.749762,
	2.41731 0.748528,
	2.41238 0.746676,
	2.4025 0.744824,
	2.39756 0.742972,
	2.39509 0.742355,
	2.392 0.739268,
	2.38768 0.738033,
	2.38583 0.738033,
	2.37966 0.736799,
	2.36978 0.732478,
	2.36484 0.730626,
	2.36299 0.729391,
	2.36052 0.729391,
	2.35064 0.724453,
	2.34077 0.721983,
	2.33583 0.721983,
	2.33459 0.721983,
	2.33398 0.720749,
	2.3241 0.720749,
	2.31484 0.717662,
	2.3099 0.717045,
	2.30496 0.715193,
	2.30249 0.714576,
	2.29262 0.707168,
	2.25311 0.670746,
	2.23336 0.652844,
	2.19385 0.6263,
	2.17409 0.612719,
	2.13459 0.576298,
	2.11483 0.557778,
	2.09508 0.541728,
	2.05557 0.515184,
	2.04569 0.508394,
	2.04075 0.50469,
	2.0031 0.465182,
	1.98458 0.445428,
	1.97964 0.441107,
	1.94013 0.420118,
	1.86112 0.381227,
	1.85124 0.376906,
	1.81173 0.366412,
	1.79198 0.360856,
	1.7821 0.358387,
	1.76235 0.3553,
	1.75247 0.354066,
	1.74753 0.353448,
	1.70802 0.367647,
	1.68827 0.374437,
	1.66852 0.383697,
	1.66358 0.386166,
	1.65061 0.40592,
	1.64444 0.415797,
	1.65432 0.435551,
	1.65926 0.445428,
	1.66049 0.447897,
	1.66173 0.448514,
	1.64444 0.468268,
	1.6358 0.478145,
	1.63086 0.482466,
	1.62592 0.485553,
	1.62469 0.48617,
	1.58518 0.468268,
	1.56542 0.459626,
	1.54567 0.449132,
	1.52592 0.437403,
	1.51048 0.417649,
	1.50308 0.407772,
	1.49752 0.397895,
	1.47962 0.358387,
	1.47159 0.338633,
	1.46604 0.318879,
	1.46357 0.31394,
	1.46233 0.311471,
	1.46727 0.291717,
	1.46974 0.28184,
	1.47036 0.242332,
	1.47036 0.222578,
	1.47036 0.212701,
	1.47036 0.210232,
	1.45307 0.170724,
	1.44381 0.15097,
	1.43826 0.141093,
	1.43517 0.136155,
	1.43332 0.131216,
	1.43332 0.130599,
	"/>
</Transform>

</Section>