<?xml version="1.0"?>
<!DOCTYPE Section SYSTEM "section.dtd">

<Section index="55" thickness="0.05" alignLocked="true">
<Transform dim="6"
 xcoef=" -0.441938553228309 0.902823512388581 0.285660551778088 0 0 0"
 ycoef=" 1.40428555095328 -0.385064395113312 0.903680301664069 0 0 0">
<Image mag="0.0022159" contrast="1" brightness="0"
 src="R34CA1-B_S12.154.jpg" />
<Contour name="domain1" hidden="false" closed="true" simplified="false" border="1 0 1" fill="1 0 1" mode="11"
 points="0 0,
	4096 0,
	4096 4096,
	0 4096,
	"/>
</Transform>

<Transform dim="0"
 xcoef=" 0 1 0 0 0 0"
 ycoef=" 0 0 1 0 0 0">
<Contour name="Ea2(mito4)" hidden="false" closed="true" simplified="true" border="0 0 1" fill="0 0 1" mode="9"
 points="2.79207 3.48446,
	2.80129 3.45168,
	2.80539 3.43529,
	2.82075 3.40252,
	2.83407 3.38613,
	2.85045 3.36974,
	2.85865 3.36257,
	2.87504 3.35848,
	2.88323 3.35643,
	2.89962 3.3554,
	2.91601 3.35745,
	2.94878 3.36667,
	2.98156 3.38613,
	2.99794 3.39637,
	3.01433 3.41276,
	3.02867 3.42915,
	3.03687 3.43734,
	3.04096 3.44144,
	3.05223 3.47422,
	3.05837 3.50699,
	3.06145 3.52338,
	3.06657 3.58893,
	3.06862 3.60532,
	3.06964 3.61351,
	3.07886 3.64629,
	3.085 3.67906,
	3.08705 3.69545,
	3.08398 3.72823,
	3.07476 3.74461,
	3.07169 3.74871,
	3.03891 3.7651,
	3.03072 3.7692,
	2.99794 3.75588,
	2.96517 3.73847,
	2.94878 3.72208,
	2.91601 3.70262,
	2.89962 3.6893,
	2.83509 3.6299,
	2.81973 3.59712,
	2.80641 3.56435,
	2.79924 3.53157,
	2.79412 3.4988,
	2.7931 3.4906,
	2.79207 3.48651,
	2.79207 3.48548,
	"/>
</Transform>

<Transform dim="0"
 xcoef=" 0 1 0 0 0 0"
 ycoef=" 0 0 1 0 0 0">
<Contour name="Ed4" hidden="false" closed="true" simplified="true" border="0.541176 0.756863 0.0352941" fill="0.501961 1 1" mode="9"
 points="3.28806 4.10912,
	3.29382 4.10144,
	3.29767 4.09855,
	3.35912 4.08415,
	3.37449 4.08031,
	3.38985 4.07359,
	3.39754 4.07167,
	3.40138 4.06975,
	3.46284 4.06398,
	3.49357 4.06398,
	3.5243 4.06206,
	3.53966 4.06206,
	3.55503 4.06494,
	3.56271 4.06686,
	3.57807 4.08031,
	3.58864 4.09567,
	3.60304 4.11104,
	3.61072 4.11872,
	3.62225 4.13409,
	3.62417 4.14945,
	3.62417 4.15713,
	3.61744 4.1725,
	3.58768 4.20035,
	3.57231 4.21475,
	3.56463 4.22243,
	3.54926 4.233,
	3.5339 4.24164,
	3.52622 4.24548,
	3.52238 4.24548,
	3.51853 4.2474,
	3.50509 4.26277,
	3.48972 4.27813,
	3.459 4.29638,
	3.45131 4.29542,
	3.44747 4.29349,
	3.42154 4.26277,
	3.41866 4.25892,
	3.41098 4.25412,
	3.39562 4.23972,
	3.38025 4.22723,
	3.37257 4.22243,
	3.35912 4.20707,
	3.34376 4.19362,
	3.32936 4.17826,
	3.32263 4.17058,
	3.31495 4.16481,
	3.30247 4.14945,
	3.29574 4.14273,
	3.2919 4.13985,
	3.28998 4.13793,
	3.28806 4.12256,
	3.28806 4.11488,
	3.28806 4.11104,
	3.28806 4.11008,
	"/>
</Transform>

<Transform dim="0"
 xcoef=" 0 1 0 0 0 0"
 ycoef=" 0 0 1 0 0 0">
<Contour name="Ed4" hidden="false" closed="true" simplified="true" border="0.541176 0.756863 0.0352941" fill="0.501961 1 1" mode="9"
 points="1.29038 4.07949,
	1.29429 4.06907,
	1.29559 4.06387,
	1.33596 4.03392,
	1.35679 4.0222,
	1.36721 4.01829,
	1.40888 4.01308,
	1.42971 4.00527,
	1.44013 4.00136,
	1.48179 3.99746,
	1.50263 3.99355,
	1.52346 3.98183,
	1.5443 3.97402,
	1.56513 3.96881,
	1.57555 3.96621,
	1.57815 3.96491,
	1.59898 3.97402,
	1.61982 3.98574,
	1.64065 4.00006,
	1.66148 4.00657,
	1.68232 4.00657,
	1.69273 4.00657,
	1.69794 4.00657,
	1.71878 3.99616,
	1.73961 3.98314,
	1.78128 3.9623,
	1.79169 3.9584,
	1.80211 3.95058,
	1.80732 3.94668,
	1.81253 3.93626,
	1.81513 3.91543,
	1.82034 3.90501,
	1.83727 3.88418,
	1.84508 3.87376,
	1.8568 3.85292,
	1.8594 3.84772,
	1.90107 3.81516,
	1.90628 3.81126,
	1.90888 3.80865,
	1.95055 3.80214,
	1.97139 3.79693,
	1.99222 3.78912,
	2.01305 3.7787,
	2.02217 3.77219,
	2.03128 3.75136,
	2.03519 3.74094,
	2.07295 3.7162,
	2.09378 3.70709,
	2.1042 3.70318,
	2.18753 3.65501,
	2.20837 3.64719,
	2.25004 3.6524,
	2.27087 3.65501,
	2.31254 3.65501,
	2.32295 3.65761,
	2.32556 3.65761,
	2.34639 3.67193,
	2.35551 3.67844,
	2.37374 3.72011,
	2.38025 3.73053,
	2.39066 3.74094,
	2.40108 3.74876,
	2.40629 3.75136,
	2.42061 3.77219,
	2.44014 3.79042,
	2.46098 3.80605,
	2.4779 3.82688,
	2.48702 3.8373,
	2.49223 3.84251,
	2.49353 3.84381,
	2.49223 3.84641,
	2.51306 3.86595,
	2.53129 3.88678,
	2.55212 3.90761,
	2.57035 3.92714,
	2.59119 3.93756,
	2.61202 3.94537,
	2.65369 3.94668,
	2.69535 3.95579,
	2.73702 3.97011,
	2.74223 3.97142,
	2.76306 3.98704,
	2.76827 3.99095,
	2.77348 4.00136,
	2.77609 4.00657,
	2.79692 4.0248,
	2.80473 4.03392,
	2.8464 4.04303,
	2.86723 4.04303,
	2.88807 4.05475,
	2.9063 4.07428,
	2.91281 4.0847,
	2.91541 4.08991,
	2.91671 4.11074,
	2.92322 4.15241,
	2.92322 4.17324,
	2.92322 4.18366,
	2.92062 4.18887,
	2.91541 4.19408,
	2.9115 4.20449,
	2.9102 4.2097,
	2.89067 4.23053,
	2.86984 4.24616,
	2.86202 4.25658,
	2.85812 4.26179,
	2.85291 4.28262,
	2.85161 4.32429,
	2.85031 4.34512,
	2.81254 4.38679,
	2.77088 4.40502,
	2.76046 4.41023,
	2.71879 4.42064,
	2.67713 4.42845,
	2.63546 4.44278,
	2.61462 4.44929,
	2.59379 4.45319,
	2.58337 4.4545,
	2.54171 4.44799,
	2.52087 4.44408,
	2.51046 4.44278,
	2.50525 4.44148,
	2.48441 4.44538,
	2.474 4.44799,
	2.45837 4.46752,
	2.43754 4.48835,
	2.42452 4.50919,
	2.40629 4.53002,
	2.39848 4.54044,
	2.39327 4.54564,
	2.37243 4.55085,
	2.33077 4.53132,
	2.30993 4.51179,
	2.29952 4.50137,
	2.29431 4.49616,
	2.28389 4.47533,
	2.27347 4.46491,
	2.23181 4.44017,
	2.21097 4.42455,
	2.19274 4.40502,
	2.17191 4.38418,
	2.15108 4.37116,
	2.14066 4.36595,
	2.09899 4.3321,
	2.07816 4.31127,
	2.03649 4.27871,
	2.03128 4.27481,
	2.02868 4.2722,
	2.00784 4.26699,
	1.99743 4.26439,
	1.98701 4.26439,
	1.94534 4.24616,
	1.86201 4.20059,
	1.82034 4.17585,
	1.80992 4.17194,
	1.76826 4.16673,
	1.68492 4.16543,
	1.66409 4.16803,
	1.64325 4.16803,
	1.63284 4.16803,
	1.612 4.16283,
	1.60159 4.16022,
	1.59117 4.15241,
	1.5495 4.1498,
	1.50784 4.1498,
	1.4245 4.13027,
	1.40367 4.12637,
	1.38283 4.12506,
	1.37242 4.12376,
	1.33075 4.11204,
	1.30992 4.10684,
	1.2995 4.10293,
	1.29429 4.10032,
	1.29038 4.08079,
	"/>
</Transform>

<Transform dim="0"
 xcoef=" 0 1 0 0 0 0"
 ycoef=" 0 0 1 0 0 0">
<Contour name="Ea2(v1398)" hidden="false" closed="true" simplified="true" border="0.611765 0.27451 0.643137" fill="0.458824 0.729412 1" mode="9"
 points="3.26118 3.97318,
	3.26199 3.96804,
	3.26436 3.96341,
	3.26803 3.95973,
	3.27267 3.95737,
	3.27781 3.95655,
	3.28295 3.95737,
	3.28758 3.95973,
	3.29126 3.96341,
	3.29362 3.96804,
	3.29444 3.97318,
	3.29362 3.97832,
	3.29126 3.98296,
	3.28758 3.98663,
	3.28295 3.989,
	3.27781 3.98981,
	3.27267 3.989,
	3.26803 3.98663,
	3.26436 3.98296,
	"/>
<Contour name="Ea2(v1399)" hidden="false" closed="true" simplified="true" border="0.611765 0.27451 0.643137" fill="0.458824 0.729412 1" mode="9"
 points="3.21961 4.01198,
	3.22056 4.00599,
	3.22331 4.00058,
	3.22761 3.99629,
	3.23301 3.99353,
	3.23901 3.99258,
	3.245 3.99353,
	3.25041 3.99629,
	3.2547 4.00058,
	3.25746 4.00599,
	3.25841 4.01198,
	3.25746 4.01798,
	3.2547 4.02338,
	3.25041 4.02768,
	3.245 4.03043,
	3.23901 4.03138,
	3.23301 4.03043,
	3.22761 4.02768,
	3.22331 4.02338,
	"/>
<Contour name="Ea2(v1400)" hidden="false" closed="true" simplified="true" border="0.611765 0.27451 0.643137" fill="0.458824 0.729412 1" mode="9"
 points="3.28335 4.02584,
	3.2843 4.01984,
	3.28706 4.01443,
	3.29135 4.01014,
	3.29676 4.00739,
	3.30275 4.00644,
	3.30875 4.00739,
	3.31415 4.01014,
	3.31844 4.01443,
	3.3212 4.01984,
	3.32215 4.02584,
	3.3212 4.03183,
	3.31844 4.03724,
	3.31415 4.04153,
	3.30875 4.04429,
	3.30275 4.04524,
	3.29676 4.04429,
	3.29135 4.04153,
	3.28706 4.03724,
	"/>
<Contour name="Ea2(v1401)" hidden="false" closed="true" simplified="true" border="0.611765 0.27451 0.643137" fill="0.458824 0.729412 1" mode="9"
 points="3.31661 3.97595,
	3.31729 3.97081,
	3.31925 3.96618,
	3.32232 3.9625,
	3.32618 3.96014,
	3.33046 3.95932,
	3.33475 3.96014,
	3.33861 3.9625,
	3.34167 3.96618,
	3.34364 3.97081,
	3.34432 3.97595,
	3.34364 3.98109,
	3.34167 3.98573,
	3.33861 3.98941,
	3.33475 3.99177,
	3.33046 3.99258,
	3.32618 3.99177,
	3.32232 3.98941,
	3.31925 3.98573,
	"/>
<Contour name="Ea2(v1402)" hidden="false" closed="true" simplified="true" border="0.611765 0.27451 0.643137" fill="0.458824 0.729412 1" mode="9"
 points="3.35818 3.98842,
	3.35899 3.98286,
	3.36135 3.97784,
	3.36503 3.97385,
	3.36967 3.97129,
	3.37481 3.97041,
	3.37994 3.97129,
	3.38458 3.97385,
	3.38826 3.97784,
	3.39062 3.98286,
	3.39143 3.98842,
	3.39062 3.99399,
	3.38826 3.99901,
	3.38458 4.003,
	3.37994 4.00556,
	3.37481 4.00644,
	3.36967 4.00556,
	3.36503 4.003,
	3.36135 3.99901,
	"/>
<Contour name="Ea2(v1403)" hidden="false" closed="true" simplified="true" border="0.611765 0.27451 0.643137" fill="0.458824 0.729412 1" mode="9"
 points="3.41361 4.00228,
	3.41456 3.99586,
	3.41731 3.99006,
	3.4216 3.98547,
	3.42701 3.98251,
	3.43301 3.9815,
	3.439 3.98251,
	3.44441 3.98547,
	3.4487 3.99006,
	3.45146 3.99586,
	3.45241 4.00228,
	3.45146 4.0087,
	3.4487 4.0145,
	3.44441 4.0191,
	3.439 4.02205,
	3.43301 4.02307,
	3.42701 4.02205,
	3.4216 4.0191,
	3.41731 4.0145,
	"/>
<Contour name="Ea2(v1404)" hidden="false" closed="true" simplified="true" border="0.611765 0.27451 0.643137" fill="0.458824 0.729412 1" mode="9"
 points="3.38312 3.91082,
	3.38393 3.90526,
	3.3863 3.90024,
	3.38998 3.89625,
	3.39461 3.89369,
	3.39975 3.89281,
	3.40489 3.89369,
	3.40952 3.89625,
	3.4132 3.90024,
	3.41556 3.90526,
	3.41638 3.91082,
	3.41556 3.91639,
	3.4132 3.92141,
	3.40952 3.9254,
	3.40489 3.92796,
	3.39975 3.92884,
	3.39461 3.92796,
	3.38998 3.9254,
	3.3863 3.92141,
	"/>
<Contour name="Ea2(v1405)" hidden="false" closed="true" simplified="true" border="0.611765 0.27451 0.643137" fill="0.458824 0.729412 1" mode="9"
 points="3.36095 3.87064,
	3.36176 3.86464,
	3.36413 3.85924,
	3.3678 3.85495,
	3.37244 3.85219,
	3.37758 3.85124,
	3.38272 3.85219,
	3.38735 3.85495,
	3.39103 3.85924,
	3.39339 3.86464,
	3.39421 3.87064,
	3.39339 3.87663,
	3.39103 3.88204,
	3.38735 3.88633,
	3.38272 3.88909,
	3.37758 3.89004,
	3.37244 3.88909,
	3.3678 3.88633,
	3.36413 3.88204,
	"/>
<Contour name="Ea2(v1406)" hidden="false" closed="true" simplified="true" border="0.611765 0.27451 0.643137" fill="0.458824 0.729412 1" mode="9"
 points="3.22238 3.84708,
	3.22326 3.84152,
	3.22582 3.83649,
	3.22981 3.83251,
	3.23483 3.82995,
	3.24039 3.82907,
	3.24596 3.82995,
	3.25098 3.83251,
	3.25497 3.83649,
	3.25753 3.84152,
	3.25841 3.84708,
	3.25753 3.85265,
	3.25497 3.85767,
	3.25098 3.86166,
	3.24596 3.86422,
	3.24039 3.8651,
	3.23483 3.86422,
	3.22981 3.86166,
	3.22582 3.85767,
	"/>
<Contour name="Ea2(v1407)" hidden="false" closed="true" simplified="true" border="0.611765 0.27451 0.643137" fill="0.458824 0.729412 1" mode="9"
 points="3.29166 3.83184,
	3.29248 3.82585,
	3.29484 3.82044,
	3.29852 3.81615,
	3.30315 3.81339,
	3.30829 3.81244,
	3.31343 3.81339,
	3.31807 3.81615,
	3.32175 3.82044,
	3.32411 3.82585,
	3.32492 3.83184,
	3.32411 3.83784,
	3.32175 3.84324,
	3.31807 3.84754,
	3.31343 3.85029,
	3.30829 3.85124,
	3.30315 3.85029,
	3.29852 3.84754,
	3.29484 3.84324,
	"/>
<Contour name="Ea2(v1408)" hidden="false" closed="true" simplified="true" border="0.611765 0.27451 0.643137" fill="0.458824 0.729412 1" mode="9"
 points="3.33046 3.7972,
	3.33128 3.79077,
	3.33364 3.78498,
	3.33732 3.78038,
	3.34195 3.77743,
	3.34709 3.77641,
	3.35223 3.77743,
	3.35687 3.78038,
	3.36055 3.78498,
	3.36291 3.79077,
	3.36372 3.7972,
	3.36291 3.80362,
	3.36055 3.80942,
	3.35687 3.81401,
	3.35223 3.81697,
	3.34709 3.81798,
	3.34195 3.81697,
	3.33732 3.81401,
	3.33364 3.80942,
	"/>
<Contour name="Ea2(v1409)" hidden="false" closed="true" simplified="true" border="0.611765 0.27451 0.643137" fill="0.458824 0.729412 1" mode="9"
 points="3.29166 3.76671,
	3.29241 3.76115,
	3.29458 3.75612,
	3.29795 3.75214,
	3.3022 3.74958,
	3.30691 3.7487,
	3.31162 3.74958,
	3.31587 3.75214,
	3.31924 3.75612,
	3.3214 3.76115,
	3.32215 3.76671,
	3.3214 3.77228,
	3.31924 3.7773,
	3.31587 3.78129,
	3.31162 3.78384,
	3.30691 3.78473,
	3.3022 3.78384,
	3.29795 3.78129,
	3.29458 3.7773,
	"/>
<Contour name="Ea2(v1410)" hidden="false" closed="true" simplified="true" border="0.611765 0.27451 0.643137" fill="0.458824 0.729412 1" mode="9"
 points="3.31106 3.7293,
	3.31188 3.7233,
	3.31424 3.7179,
	3.31792 3.7136,
	3.32255 3.71085,
	3.32769 3.7099,
	3.33283 3.71085,
	3.33747 3.7136,
	3.34115 3.7179,
	3.34351 3.7233,
	3.34432 3.7293,
	3.34351 3.73529,
	3.34115 3.7407,
	3.33747 3.74499,
	3.33283 3.74775,
	3.32769 3.7487,
	3.32255 3.74775,
	3.31792 3.74499,
	3.31424 3.7407,
	"/>
<Contour name="Ea2(v1411)" hidden="false" closed="true" simplified="true" border="0.611765 0.27451 0.643137" fill="0.458824 0.729412 1" mode="9"
 points="3.23901 3.77087,
	3.23996 3.76402,
	3.24271 3.75784,
	3.24701 3.75293,
	3.25241 3.74978,
	3.25841 3.7487,
	3.2644 3.74978,
	3.26981 3.75293,
	3.2741 3.75784,
	3.27686 3.76402,
	3.27781 3.77087,
	3.27686 3.77772,
	3.2741 3.7839,
	3.26981 3.78881,
	3.2644 3.79196,
	3.25841 3.79304,
	3.25241 3.79196,
	3.24701 3.78881,
	3.24271 3.7839,
	"/>
<Contour name="Ea2(v1412)" hidden="false" closed="true" simplified="true" border="0.611765 0.27451 0.643137" fill="0.458824 0.729412 1" mode="9"
 points="3.18358 3.7778,
	3.18446 3.77138,
	3.18702 3.76558,
	3.19101 3.76098,
	3.19603 3.75803,
	3.20159 3.75701,
	3.20716 3.75803,
	3.21218 3.76098,
	3.21617 3.76558,
	3.21873 3.77138,
	3.21961 3.7778,
	3.21873 3.78422,
	3.21617 3.79002,
	3.21218 3.79461,
	3.20716 3.79757,
	3.20159 3.79858,
	3.19603 3.79757,
	3.19101 3.79461,
	3.18702 3.79002,
	"/>
<Contour name="Ea2(v1413)" hidden="false" closed="true" simplified="true" border="0.611765 0.27451 0.643137" fill="0.458824 0.729412 1" mode="9"
 points="3.24178 3.70713,
	3.24266 3.70028,
	3.24522 3.6941,
	3.24921 3.68919,
	3.25423 3.68604,
	3.25979 3.68496,
	3.26536 3.68604,
	3.27038 3.68919,
	3.27437 3.6941,
	3.27693 3.70028,
	3.27781 3.70713,
	3.27693 3.71398,
	3.27437 3.72016,
	3.27038 3.72506,
	3.26536 3.72821,
	3.25979 3.7293,
	3.25423 3.72821,
	3.24921 3.72506,
	3.24522 3.72016,
	"/>
<Contour name="Ea2(v1414)" hidden="false" closed="true" simplified="true" border="0.611765 0.27451 0.643137" fill="0.458824 0.729412 1" mode="9"
 points="3.22792 3.6517,
	3.22887 3.6457,
	3.23163 3.6403,
	3.23592 3.63601,
	3.24133 3.63325,
	3.24732 3.6323,
	3.25332 3.63325,
	3.25873 3.63601,
	3.26302 3.6403,
	3.26577 3.6457,
	3.26672 3.6517,
	3.26577 3.65769,
	3.26302 3.6631,
	3.25873 3.66739,
	3.25332 3.67015,
	3.24732 3.6711,
	3.24133 3.67015,
	3.23592 3.66739,
	3.23163 3.6631,
	"/>
<Contour name="Ea2(v1415)" hidden="false" closed="true" simplified="true" border="0.611765 0.27451 0.643137" fill="0.458824 0.729412 1" mode="9"
 points="3.13647 3.69327,
	3.13735 3.68728,
	3.13991 3.68187,
	3.14389 3.67758,
	3.14891 3.67482,
	3.15448 3.67387,
	3.16005 3.67482,
	3.16507 3.67758,
	3.16905 3.68187,
	3.17161 3.68728,
	3.17249 3.69327,
	3.17161 3.69927,
	3.16905 3.70467,
	3.16507 3.70897,
	3.16005 3.71172,
	3.15448 3.71267,
	3.14891 3.71172,
	3.14389 3.70897,
	3.13991 3.70467,
	"/>
<Contour name="Ea2(v1416)" hidden="false" closed="true" simplified="true" border="0.611765 0.27451 0.643137" fill="0.458824 0.729412 1" mode="9"
 points="3.12538 3.61567,
	3.1266 3.60796,
	3.13014 3.60101,
	3.13566 3.59549,
	3.14262 3.59195,
	3.15032 3.59073,
	3.15803 3.59195,
	3.16498 3.59549,
	3.1705 3.60101,
	3.17405 3.60796,
	3.17527 3.61567,
	3.17405 3.62338,
	3.1705 3.63033,
	3.16498 3.63585,
	3.15803 3.63939,
	3.15032 3.64061,
	3.14262 3.63939,
	3.13566 3.63585,
	3.13014 3.63033,
	"/>
<Contour name="Ea2(v1417)" hidden="false" closed="true" simplified="true" border="0.611765 0.27451 0.643137" fill="0.458824 0.729412 1" mode="9"
 points="3.16695 3.57826,
	3.16777 3.57269,
	3.17013 3.56767,
	3.17381 3.56368,
	3.17844 3.56113,
	3.18358 3.56024,
	3.18872 3.56113,
	3.19335 3.56368,
	3.19703 3.56767,
	3.19939 3.57269,
	3.20021 3.57826,
	3.19939 3.58382,
	3.19703 3.58885,
	3.19335 3.59283,
	3.18872 3.59539,
	3.18358 3.59627,
	3.17844 3.59539,
	3.17381 3.59283,
	3.17013 3.58885,
	"/>
<Contour name="Ea2(v1418)" hidden="false" closed="true" simplified="true" border="0.611765 0.27451 0.643137" fill="0.458824 0.729412 1" mode="9"
 points="3.20575 3.55193,
	3.20657 3.54593,
	3.20893 3.54053,
	3.21261 3.53623,
	3.21724 3.53348,
	3.22238 3.53253,
	3.22752 3.53348,
	3.23215 3.53623,
	3.23583 3.54053,
	3.23819 3.54593,
	3.23901 3.55193,
	3.23819 3.55792,
	3.23583 3.56333,
	3.23215 3.56762,
	3.22752 3.57038,
	3.22238 3.57133,
	3.21724 3.57038,
	3.21261 3.56762,
	3.20893 3.56333,
	"/>
<Contour name="Ea2(v1419)" hidden="false" closed="true" simplified="true" border="0.611765 0.27451 0.643137" fill="0.458824 0.729412 1" mode="9"
 points="3.19189 3.65447,
	3.1925 3.65019,
	3.19428 3.64633,
	3.19704 3.64326,
	3.20051 3.64129,
	3.20437 3.64061,
	3.20822 3.64129,
	3.2117 3.64326,
	3.21446 3.64633,
	3.21623 3.65019,
	3.21684 3.65447,
	3.21623 3.65875,
	3.21446 3.66262,
	3.2117 3.66568,
	3.20822 3.66765,
	3.20437 3.66833,
	3.20051 3.66765,
	3.19704 3.66568,
	3.19428 3.66262,
	"/>
<Contour name="Ea2(v1420)" hidden="false" closed="true" simplified="true" border="0.611765 0.27451 0.643137" fill="0.458824 0.729412 1" mode="9"
 points="3.10044 3.49789,
	3.10125 3.49232,
	3.10361 3.4873,
	3.10729 3.48331,
	3.11193 3.48076,
	3.11707 3.47987,
	3.12221 3.48076,
	3.12684 3.48331,
	3.13052 3.4873,
	3.13288 3.49232,
	3.1337 3.49789,
	3.13288 3.50345,
	3.13052 3.50848,
	3.12684 3.51246,
	3.12221 3.51502,
	3.11707 3.5159,
	3.11193 3.51502,
	3.10729 3.51246,
	3.10361 3.50848,
	"/>
<Contour name="Ea2(v1421)" hidden="false" closed="true" simplified="true" border="0.611765 0.27451 0.643137" fill="0.458824 0.729412 1" mode="9"
 points="3.12261 3.45632,
	3.12342 3.45161,
	3.12579 3.44736,
	3.12946 3.44399,
	3.1341 3.44182,
	3.13924 3.44107,
	3.14438 3.44182,
	3.14901 3.44399,
	3.15269 3.44736,
	3.15505 3.45161,
	3.15587 3.45632,
	3.15505 3.46103,
	3.15269 3.46528,
	3.14901 3.46865,
	3.14438 3.47081,
	3.13924 3.47156,
	3.1341 3.47081,
	3.12946 3.46865,
	3.12579 3.46528,
	"/>
<Contour name="Ea2(v1422)" hidden="false" closed="true" simplified="true" border="0.611765 0.27451 0.643137" fill="0.458824 0.729412 1" mode="9"
 points="3.06995 3.45493,
	3.07077 3.44979,
	3.07313 3.44516,
	3.07681 3.44148,
	3.08144 3.43912,
	3.08658 3.4383,
	3.09172 3.43912,
	3.09636 3.44148,
	3.10003 3.44516,
	3.1024 3.44979,
	3.10321 3.45493,
	3.1024 3.46007,
	3.10003 3.4647,
	3.09636 3.46838,
	3.09172 3.47075,
	3.08658 3.47156,
	3.08144 3.47075,
	3.07681 3.46838,
	3.07313 3.4647,
	"/>
<Contour name="Ea2(v1423)" hidden="false" closed="true" simplified="true" border="0.611765 0.27451 0.643137" fill="0.458824 0.729412 1" mode="9"
 points="2.93693 3.24292,
	2.9376 3.23821,
	2.93957 3.23396,
	2.94264 3.23059,
	2.9465 3.22842,
	2.95078 3.22768,
	2.95507 3.22842,
	2.95893 3.23059,
	2.96199 3.23396,
	2.96396 3.23821,
	2.96464 3.24292,
	2.96396 3.24763,
	2.96199 3.25188,
	2.95893 3.25525,
	2.95507 3.25742,
	2.95078 3.25816,
	2.9465 3.25742,
	2.94264 3.25525,
	2.93957 3.25188,
	"/>
<Contour name="Ea2(v1424)" hidden="false" closed="true" simplified="true" border="0.611765 0.27451 0.643137" fill="0.458824 0.729412 1" mode="9"
 points="2.97018 3.33299,
	2.97093 3.32871,
	2.97309 3.32484,
	2.97647 3.32178,
	2.98072 3.31981,
	2.98543 3.31913,
	2.99014 3.31981,
	2.99439 3.32178,
	2.99776 3.32484,
	2.99992 3.32871,
	3.00067 3.33299,
	2.99992 3.33727,
	2.99776 3.34113,
	2.99439 3.3442,
	2.99014 3.34617,
	2.98543 3.34685,
	2.98072 3.34617,
	2.97647 3.3442,
	2.97309 3.34113,
	"/>
<Contour name="Ea2(v1425)" hidden="false" closed="true" simplified="true" border="0.611765 0.27451 0.643137" fill="0.458824 0.729412 1" mode="9"
 points="2.91753 3.29835,
	2.91848 3.29278,
	2.92123 3.28776,
	2.92552 3.28377,
	2.93093 3.28121,
	2.93693 3.28033,
	2.94292 3.28121,
	2.94833 3.28377,
	2.95262 3.28776,
	2.95538 3.29278,
	2.95633 3.29835,
	2.95538 3.30391,
	2.95262 3.30894,
	2.94833 3.31292,
	2.94292 3.31548,
	2.93693 3.31636,
	2.93093 3.31548,
	2.92552 3.31292,
	2.92123 3.30894,
	"/>
<Contour name="Ea2(v1426)" hidden="false" closed="true" simplified="true" border="0.611765 0.27451 0.643137" fill="0.458824 0.729412 1" mode="9"
 points="2.84547 3.28449,
	2.84649 3.27807,
	2.84944 3.27227,
	2.85404 3.26767,
	2.85983 3.26472,
	2.86626 3.2637,
	2.87268 3.26472,
	2.87847 3.26767,
	2.88307 3.27227,
	2.88602 3.27807,
	2.88704 3.28449,
	2.88602 3.29091,
	2.88307 3.29671,
	2.87847 3.30131,
	2.87268 3.30426,
	2.86626 3.30528,
	2.85983 3.30426,
	2.85404 3.30131,
	2.84944 3.29671,
	"/>
<Contour name="Ea2(v1428)" hidden="false" closed="true" simplified="true" border="0.611765 0.27451 0.643137" fill="0.458824 0.729412 1" mode="9"
 points="2.86764 3.20135,
	2.86873 3.19407,
	2.87188 3.1875,
	2.87678 3.18229,
	2.88296 3.17894,
	2.88981 3.17779,
	2.89666 3.17894,
	2.90284 3.18229,
	2.90775 3.1875,
	2.9109 3.19407,
	2.91198 3.20135,
	2.9109 3.20863,
	2.90775 3.21519,
	2.90284 3.22041,
	2.89666 3.22375,
	2.88981 3.22491,
	2.88296 3.22375,
	2.87678 3.22041,
	2.87188 3.21519,
	"/>
<Contour name="Ea2(v1429)" hidden="false" closed="true" simplified="true" border="0.611765 0.27451 0.643137" fill="0.458824 0.729412 1" mode="9"
 points="2.74293 3.38565,
	2.74388 3.37794,
	2.74663 3.37099,
	2.75093 3.36547,
	2.75633 3.36192,
	2.76233 3.3607,
	2.76832 3.36192,
	2.77373 3.36547,
	2.77802 3.37099,
	2.78078 3.37794,
	2.78173 3.38565,
	2.78078 3.39335,
	2.77802 3.40031,
	2.77373 3.40583,
	2.76832 3.40937,
	2.76233 3.41059,
	2.75633 3.40937,
	2.75093 3.40583,
	2.74663 3.40031,
	"/>
</Transform>

<Transform dim="0"
 xcoef=" 0 1 0 0 0 0"
 ycoef=" 0 0 1 0 0 0">
<Contour name="Ea5" hidden="false" closed="true" simplified="true" border="0.984314 0.207843 0.0156863" fill="1 1 0.690196" mode="9"
 points="1.16343 5.92698,
	1.17213 5.89603,
	1.17793 5.88056,
	1.1818 5.87282,
	1.18374 5.86508,
	1.20888 5.83414,
	1.21855 5.81866,
	1.22242 5.81093,
	1.23789 5.79739,
	1.26207 5.76644,
	1.27851 5.73549,
	1.28238 5.73066,
	1.29012 5.72582,
	1.29979 5.71035,
	1.30075 5.70648,
	1.30656 5.69874,
	1.31043 5.68327,
	1.31139 5.67553,
	1.31139 5.67166,
	1.31333 5.66876,
	1.31333 5.66103,
	1.31526 5.65329,
	1.31526 5.64555,
	1.3317 5.6146,
	1.34234 5.59913,
	1.35781 5.58462,
	1.36458 5.57785,
	1.38006 5.57012,
	1.39553 5.56818,
	1.411 5.57882,
	1.41874 5.58366,
	1.42261 5.58462,
	1.42648 5.58366,
	1.45742 5.59623,
	1.4729 5.60203,
	1.47677 5.60203,
	1.4845 5.6059,
	1.48934 5.61364,
	1.49417 5.64458,
	1.47773 5.67553,
	1.47096 5.69101,
	1.47096 5.69874,
	1.47773 5.70648,
	1.4787 5.71422,
	1.4845 5.72969,
	1.4874 5.76064,
	1.49224 5.79158,
	1.49417 5.80706,
	1.49127 5.82253,
	1.48837 5.88443,
	1.49127 5.8999,
	1.49708 5.91537,
	1.49998 5.92311,
	1.50191 5.92698,
	1.50385 5.94245,
	1.50094 5.9734,
	1.49998 5.98887,
	1.50191 6.00435,
	1.50288 6.01208,
	1.50675 6.01982,
	1.50965 6.03529,
	1.51158 6.04303,
	1.51255 6.0469,
	1.52802 6.06237,
	1.53576 6.06914,
	1.53769 6.07108,
	1.5406 6.08655,
	1.53866 6.10202,
	1.53673 6.10976,
	1.53673 6.1175,
	1.52609 6.14844,
	1.51738 6.16392,
	1.51352 6.17165,
	1.50675 6.2026,
	1.50191 6.21808,
	1.49224 6.23355,
	1.47773 6.2645,
	1.47483 6.27997,
	1.46806 6.29544,
	1.46516 6.29931,
	1.43421 6.31382,
	1.41874 6.32155,
	1.40327 6.32639,
	1.38779 6.32542,
	1.37232 6.32155,
	1.35685 6.31575,
	1.34137 6.30705,
	1.33364 6.29157,
	1.32977 6.28384,
	1.30075 6.25289,
	1.28528 6.23935,
	1.26884 6.2084,
	1.26304 6.19293,
	1.25433 6.17746,
	1.2495 6.16198,
	1.24756 6.15425,
	1.24756 6.15038,
	1.2437 6.14264,
	1.22919 6.12717,
	1.21372 6.11556,
	1.20211 6.10009,
	1.19921 6.09622,
	1.18954 6.06527,
	1.18277 6.03433,
	1.17987 6.01885,
	1.18277 5.98791,
	1.18083 5.97243,
	1.17503 5.95696,
	1.17116 5.94922,
	1.16826 5.94535,
	1.16439 5.92988,
	1.16343 5.92794,
	"/>
</Transform>

<Transform dim="0"
 xcoef=" 0 1 0 0 0 0"
 ycoef=" 0 0 1 0 0 0">
<Contour name="Ea2(ER)" hidden="false" closed="true" simplified="true" border="0.607843 0.768627 0.956863" fill="0.733333 0.752941 0.94902" mode="9"
 points="2.97397 3.27258,
	2.97701 3.26772,
	2.97884 3.26589,
	2.98857 3.26894,
	2.99343 3.27137,
	2.9983 3.27502,
	3.00377 3.28475,
	3.03053 3.32367,
	3.03965 3.3334,
	3.04452 3.33827,
	3.05121 3.348,
	3.05425 3.35286,
	3.05547 3.35773,
	3.0579 3.36016,
	3.06155 3.36989,
	3.06276 3.37232,
	3.06155 3.38206,
	3.06033 3.38266,
	3.05121 3.37719,
	3.04452 3.36746,
	3.04087 3.35773,
	3.03296 3.348,
	3.01898 3.32854,
	3.01593 3.32367,
	2.9983 3.30421,
	2.99343 3.30056,
	2.9837 3.29083,
	2.9758 3.2811,
	2.97458 3.27623,
	2.97397 3.2738,
	2.97397 3.27319,
	"/>
</Transform>

<Transform dim="0"
 xcoef=" 0 1 0 0 0 0"
 ycoef=" 0 0 1 0 0 0">
<Contour name="Ea4(ER)" hidden="false" closed="true" simplified="true" border="0.580392 0.988235 0.87451" fill="0.733 0.753 0.949" mode="9"
 points="3.35181 4.51058,
	3.35274 4.50319,
	3.35366 4.49949,
	3.36105 4.49395,
	3.36475 4.49025,
	3.36752 4.48841,
	3.37768 4.50319,
	3.3823 4.51797,
	3.38508 4.53276,
	3.39247 4.54754,
	3.41002 4.57711,
	3.41464 4.5845,
	3.41926 4.59929,
	3.42296 4.60206,
	3.43774 4.60575,
	3.46731 4.62054,
	3.49688 4.63255,
	3.51166 4.63809,
	3.51906 4.64271,
	3.52183 4.64641,
	3.51998 4.6538,
	3.51259 4.66027,
	3.4978 4.66766,
	3.48302 4.67228,
	3.47563 4.67321,
	3.46824 4.67228,
	3.46084 4.66951,
	3.45438 4.66951,
	3.45068 4.66951,
	3.44791 4.67321,
	3.44698 4.6769,
	3.44052 4.68245,
	3.43312 4.6843,
	3.43128 4.6843,
	3.42388 4.67783,
	3.4128 4.66304,
	3.4054 4.64826,
	3.39986 4.63347,
	3.39709 4.62608,
	3.39524 4.6113,
	3.39432 4.60391,
	3.39062 4.59651,
	3.36937 4.56695,
	3.35828 4.55216,
	3.35366 4.54477,
	3.35181 4.52999,
	3.35181 4.5152,
	3.35181 4.51151,
	"/>
</Transform>

<Transform dim="0"
 xcoef=" 0 1 0 0 0 0"
 ycoef=" 0 0 1 0 0 0">
<Contour name="Ea2(endo3)" hidden="false" closed="true" simplified="true" border="1 1 0" fill="1 1 1" mode="9"
 points="3.07405 3.80772,
	3.09347 3.76334,
	3.1011 3.75225,
	3.10595 3.7467,
	3.1115 3.74323,
	3.11289 3.74254,
	3.11427 3.74531,
	3.11497 3.75086,
	3.11566 3.75363,
	3.11219 3.76473,
	3.10734 3.77582,
	3.10526 3.78137,
	3.10456 3.78692,
	3.10665 3.79801,
	3.10803 3.80356,
	3.11081 3.80911,
	3.11982 3.8202,
	3.12606 3.8313,
	3.12814 3.83685,
	3.12676 3.84794,
	3.1219 3.8521,
	3.11635 3.85488,
	3.11497 3.85626,
	3.10387 3.85765,
	3.09832 3.85765,
	3.09555 3.85765,
	3.08446 3.8521,
	3.07613 3.84101,
	3.07405 3.81882,
	3.07405 3.80841,
	"/>
</Transform>

<Transform dim="0"
 xcoef=" 0 1 0 0 0 0"
 ycoef=" 0 0 1 0 0 0">
<Contour name="Ea2" hidden="false" closed="true" simplified="true" border="0.984 0.208 0.016" fill="1 1 0.69" mode="9"
 points="2.71782 3.37479,
	2.72049 3.36412,
	2.72516 3.35345,
	2.72916 3.34811,
	2.7345 3.34411,
	2.74517 3.34011,
	2.75584 3.33744,
	2.76118 3.33544,
	2.77185 3.32877,
	2.78252 3.3241,
	2.78786 3.32343,
	2.79052 3.32276,
	2.8012 3.3241,
	2.80653 3.32343,
	2.8092 3.32276,
	2.81454 3.31876,
	2.81787 3.31343,
	2.81921 3.31076,
	2.81921 3.30542,
	2.82187 3.29475,
	2.81854 3.28408,
	2.8132 3.27341,
	2.8092 3.26807,
	2.79986 3.24673,
	2.79653 3.23605,
	2.77652 3.19337,
	2.76785 3.17202,
	2.76518 3.16669,
	2.76051 3.14534,
	2.76251 3.13467,
	2.77252 3.11333,
	2.78719 3.09198,
	2.79586 3.08131,
	2.80653 3.07464,
	2.8172 3.06997,
	2.82254 3.06864,
	2.83321 3.07197,
	2.83855 3.07398,
	2.84388 3.07798,
	2.84922 3.08331,
	2.85589 3.09399,
	2.85923 3.09932,
	2.8699 3.10933,
	2.87523 3.11266,
	2.89658 3.132,
	2.93926 3.16735,
	2.94193 3.17002,
	2.94794 3.18069,
	2.96261 3.20204,
	2.97395 3.22338,
	2.97995 3.23405,
	2.99062 3.24473,
	3.00129 3.25073,
	3.00663 3.25406,
	3.0173 3.26407,
	3.02197 3.2694,
	3.02864 3.28008,
	3.03798 3.29075,
	3.07933 3.33344,
	3.10068 3.35345,
	3.11068 3.36412,
	3.12669 3.38546,
	3.1407 3.40681,
	3.14403 3.41214,
	3.18672 3.44616,
	3.19672 3.45683,
	3.22207 3.49952,
	3.23541 3.52086,
	3.2781 3.60624,
	3.29944 3.62425,
	3.30878 3.63492,
	3.32345 3.65626,
	3.3448 3.69895,
	3.3548 3.72029,
	3.35947 3.73096,
	3.36214 3.74164,
	3.36214 3.75231,
	3.36214 3.75764,
	3.36414 3.76298,
	3.36481 3.76832,
	3.36481 3.77098,
	3.37481 3.79233,
	3.37681 3.79766,
	3.37748 3.80033,
	3.38081 3.80567,
	3.38281 3.811,
	3.38615 3.81634,
	3.38748 3.81901,
	3.38815 3.81967,
	3.39415 3.82768,
	3.39549 3.83035,
	3.39816 3.83301,
	3.39949 3.83568,
	3.41016 3.84635,
	3.41683 3.85703,
	3.42017 3.87837,
	3.42083 3.88371,
	3.42617 3.89438,
	3.44018 3.91572,
	3.44618 3.92639,
	3.44951 3.93173,
	3.45218 3.9344,
	3.46486 3.95574,
	3.48553 3.99843,
	3.48753 4.00376,
	3.48887 4.01444,
	3.48953 4.01977,
	3.4902 4.02244,
	3.48687 4.02778,
	3.47619 4.03311,
	3.46552 4.03711,
	3.44418 4.04112,
	3.43351 4.04245,
	3.42817 4.04245,
	3.4255 4.04312,
	3.40416 4.03778,
	3.38281 4.03445,
	3.37214 4.03178,
	3.36147 4.03111,
	3.35614 4.03378,
	3.35147 4.03778,
	3.34746 4.04845,
	3.3448 4.05912,
	3.33879 4.0698,
	3.33346 4.07447,
	3.32279 4.08047,
	3.31211 4.07913,
	3.30144 4.0758,
	3.29877 4.07647,
	3.2881 4.07447,
	3.27743 4.07113,
	3.25609 4.06113,
	3.23474 4.04845,
	3.19205 4.02644,
	3.14937 3.98709,
	3.12869 3.96575,
	3.11935 3.95507,
	3.10668 3.93373,
	3.10068 3.92306,
	3.09334 3.91239,
	3.084 3.90171,
	3.07333 3.89171,
	3.05199 3.87503,
	3.04131 3.86703,
	3.03064 3.85703,
	3.0093 3.84035,
	2.99863 3.83168,
	2.98795 3.82101,
	2.95394 3.77832,
	2.93526 3.75698,
	2.91459 3.73563,
	2.8719 3.69761,
	2.86123 3.68828,
	2.85789 3.68294,
	2.83855 3.6616,
	2.82921 3.65092,
	2.8172 3.62958,
	2.81053 3.61891,
	2.80186 3.60824,
	2.79653 3.59757,
	2.79386 3.59223,
	2.77852 3.54954,
	2.77052 3.5282,
	2.76518 3.51753,
	2.76251 3.51219,
	2.75584 3.49085,
	2.75317 3.48017,
	2.75051 3.45883,
	2.74984 3.45349,
	2.74183 3.43215,
	2.72249 3.38946,
	2.71849 3.37879,
	2.71782 3.37612,
	2.71782 3.37546,
	"/>
</Transform>

<Transform dim="0"
 xcoef=" 0 1 0 0 0 0"
 ycoef=" 0 0 1 0 0 0">
<Contour name="Ea4(ER)" hidden="false" closed="true" simplified="true" border="0.580392 0.988235 0.87451" fill="0.733 0.753 0.949" mode="9"
 points="3.00618 3.9908,
	3.0074 3.98958,
	3.01714 3.99689,
	3.04878 4.03583,
	3.06826 4.07478,
	3.08043 4.09425,
	3.08651 4.10277,
	3.08164 4.10399,
	3.07191 4.09912,
	3.05243 4.08086,
	3.04391 4.07113,
	3.02687 4.03218,
	3.01349 4.01271,
	3.0074 3.99324,
	3.00618 3.99202,
	"/>
</Transform>

<Transform dim="0"
 xcoef=" 0 1 0 0 0 0"
 ycoef=" 0 0 1 0 0 0">
<Contour name="Ea4" hidden="false" closed="true" simplified="true" border="0.984 0.208 0.016" fill="1 1 0.69" mode="9"
 points="2.80653 3.73163,
	2.80987 3.7263,
	2.81187 3.72363,
	2.82254 3.71896,
	2.84388 3.71896,
	2.86523 3.72363,
	2.8759 3.7283,
	2.88657 3.7343,
	2.89724 3.7423,
	2.91258 3.76365,
	2.9466 3.80633,
	2.95661 3.81701,
	2.96394 3.82768,
	2.97461 3.83568,
	2.99262 3.85703,
	3.0033 3.8677,
	3.01397 3.8757,
	3.02464 3.88571,
	3.02931 3.89104,
	3.05065 3.90505,
	3.072 3.92106,
	3.08267 3.92906,
	3.09868 3.9504,
	3.11268 3.97175,
	3.11869 3.98242,
	3.12736 3.99309,
	3.13269 3.99843,
	3.13803 4.00243,
	3.1467 4.0131,
	3.15871 4.03445,
	3.16938 4.04312,
	3.18005 4.04912,
	3.18538 4.04979,
	3.18805 4.04912,
	3.19872 4.05245,
	3.20406 4.05512,
	3.21473 4.06446,
	3.22941 4.0858,
	3.23808 4.09648,
	3.24808 4.10715,
	3.26209 4.12849,
	3.27743 4.14984,
	3.28143 4.15517,
	3.2921 4.16518,
	3.30278 4.17318,
	3.30811 4.17785,
	3.32078 4.19919,
	3.32745 4.20987,
	3.33679 4.22054,
	3.35814 4.23321,
	3.36881 4.24055,
	3.39015 4.26122,
	3.40949 4.28257,
	3.41817 4.29324,
	3.42217 4.29858,
	3.43151 4.31992,
	3.43617 4.34126,
	3.44018 4.38395,
	3.43684 4.42664,
	3.43551 4.43731,
	3.44618 4.48,
	3.44951 4.49067,
	3.46019 4.51201,
	3.46619 4.52269,
	3.47353 4.53336,
	3.49153 4.5547,
	3.51088 4.57604,
	3.54289 4.61873,
	3.55223 4.6294,
	3.58358 4.67209,
	3.59959 4.69344,
	3.64027 4.73612,
	3.64561 4.74146,
	3.64895 4.74679,
	3.65028 4.74813,
	3.65028 4.7488,
	3.65161 4.7528,
	3.65161 4.75813,
	3.65161 4.76013,
	3.65028 4.7668,
	3.64161 4.77748,
	3.63627 4.78281,
	3.63094 4.78681,
	3.60959 4.79882,
	3.59892 4.80482,
	3.59358 4.80749,
	3.58558 4.8175,
	3.58024 4.82817,
	3.57824 4.8335,
	3.57424 4.87619,
	3.57357 4.88153,
	3.57157 4.88686,
	3.56824 4.8922,
	3.5589 4.90287,
	3.55357 4.90754,
	3.5509 4.90954,
	3.52955 4.91021,
	3.52422 4.90954,
	3.51355 4.90621,
	3.50287 4.90154,
	3.48286 4.88086,
	3.47286 4.87019,
	3.46552 4.85952,
	3.46219 4.85418,
	3.45685 4.84884,
	3.45618 4.84618,
	3.45352 4.84351,
	3.45218 4.84084,
	3.44151 4.83084,
	3.43884 4.8295,
	3.43818 4.82817,
	3.43551 4.8275,
	3.42484 4.81883,
	3.42217 4.8175,
	3.4115 4.80682,
	3.40883 4.80549,
	3.39816 4.79549,
	3.39282 4.79215,
	3.38215 4.78215,
	3.37281 4.77147,
	3.36747 4.76614,
	3.36614 4.76347,
	3.3468 4.74213,
	3.32479 4.69944,
	3.31945 4.68877,
	3.31211 4.66742,
	3.30611 4.64608,
	3.30211 4.62474,
	3.29944 4.61406,
	3.29477 4.60339,
	3.28877 4.58205,
	3.26743 4.53936,
	3.26142 4.52869,
	3.25875 4.52335,
	3.25609 4.51268,
	3.25075 4.50201,
	3.24742 4.49667,
	3.24275 4.49134,
	3.23541 4.48066,
	3.22674 4.46999,
	3.2194 4.45932,
	3.2134 4.44865,
	3.20606 4.43798,
	3.19739 4.42731,
	3.19339 4.42197,
	3.18872 4.4113,
	3.17671 4.36861,
	3.17205 4.35794,
	3.16871 4.34727,
	3.16671 4.34193,
	3.16471 4.33126,
	3.1567 4.30991,
	3.14403 4.28857,
	3.11468 4.24588,
	3.08333 4.2032,
	3.076 4.19252,
	3.04198 4.14984,
	3.03331 4.13916,
	3.0113 4.09648,
	3.0053 4.0858,
	3.00196 4.08047,
	2.98128 4.05912,
	2.96995 4.03778,
	2.96661 4.02711,
	2.96528 4.02511,
	2.97061 4.01444,
	2.97328 4.0091,
	2.98395 3.99843,
	2.98862 3.98776,
	2.99196 3.97708,
	2.99329 3.96641,
	2.99196 3.95574,
	2.98862 3.9504,
	2.97795 3.94307,
	2.96728 3.9344,
	2.95661 3.92439,
	2.95127 3.92106,
	2.9406 3.91105,
	2.91925 3.89838,
	2.90858 3.88771,
	2.90391 3.88237,
	2.89924 3.8717,
	2.89724 3.86103,
	2.89658 3.85569,
	2.89458 3.85036,
	2.88457 3.83968,
	2.87923 3.83501,
	2.87657 3.83235,
	2.8659 3.82568,
	2.86123 3.82034,
	2.84789 3.799,
	2.83588 3.77765,
	2.82054 3.75631,
	2.81387 3.74564,
	2.80853 3.73497,
	2.80653 3.7323,
	"/>
</Transform>

<Transform dim="0"
 xcoef=" 0 1 0 0 0 0"
 ycoef=" 0 0 1 0 0 0">
<Contour name="Ea4(AZ1)" hidden="false" closed="true" simplified="true" border="1 0.501961 0.752941" fill="1 0.501961 1" mode="9"
 points="3.36136 4.24246,
	3.36396 4.23552,
	3.37263 4.22165,
	3.37437 4.21818,
	3.3761 4.21644,
	3.40385 4.23812,
	3.41773 4.2494,
	3.42467 4.2546,
	3.42554 4.25547,
	3.40299 4.28322,
	3.40212 4.28409,
	3.39518 4.27715,
	3.39171 4.27021,
	3.38044 4.25634,
	3.37784 4.25287,
	3.36396 4.24506,
	3.36136 4.24333,
	"/>
</Transform>

</Section>