<?xml version="1.0"?>
<!DOCTYPE Section SYSTEM "section.dtd">

<Section index="21" thickness="0.05" alignLocked="true">
<Transform dim="6"
 xcoef=" 0.454241557984895 0.77816390778316 0.424176061687271 0 0 0"
 ycoef=" 2.36735438530744 -0.555337659193393 0.78207696258005 0 0 0">
<Image mag="0.0022159" contrast="1" brightness="0"
 src="R34CA1-B_S12.121.jpg" />
<Contour name="domain1" hidden="false" closed="true" simplified="false" border="1 0 1" fill="1 0 1" mode="11"
 points="0 0,
	4096 0,
	4096 4096,
	0 4096,
	"/>
</Transform>

<Transform dim="0"
 xcoef=" 0 1 0 0 0 0"
 ycoef=" 0 0 1 0 0 0">
<Contour name="Ea5(ER)" hidden="false" closed="true" simplified="true" border="0 0.882 0.882" fill="0.502 1 1" mode="9"
 points="3.03267 2.38177,
	3.03655 2.37789,
	3.04432 2.37255,
	3.05985 2.36818,
	3.06179 2.3677,
	3.06956 2.36964,
	3.07344 2.36964,
	3.07539 2.36964,
	3.07927 2.36624,
	3.08072 2.3643,
	3.08218 2.36042,
	3.08315 2.35265,
	3.08315 2.35168,
	3.08995 2.3444,
	3.09771 2.341,
	3.1016 2.33954,
	3.10936 2.33954,
	3.1113 2.33954,
	3.11858 2.34391,
	3.12198 2.35168,
	3.12295 2.35556,
	3.12198 2.36333,
	3.1215 2.36721,
	3.12101 2.36915,
	3.12101 2.37012,
	3.11422 2.37789,
	3.10645 2.38566,
	3.09868 2.39197,
	3.09674 2.39391,
	3.0948 2.39488,
	3.08703 2.39488,
	3.07927 2.39828,
	3.07344 2.40604,
	3.06665 2.41332,
	3.05888 2.41429,
	3.05694 2.41429,
	3.04917 2.4109,
	3.04529 2.40944,
	3.03753 2.4041,
	3.0351 2.40022,
	3.03364 2.39633,
	3.03267 2.39439,
	3.03267 2.38663,
	3.03267 2.38274,
	3.03267 2.38226,
	"/>
<Contour name="Ea1(v1)" hidden="false" closed="true" simplified="true" border="0.996078 0.270588 0.027451" fill="1 0 0" mode="9"
 points="2.30064 2.17843,
	2.301 2.17518,
	2.30208 2.17208,
	2.30382 2.16925,
	2.30615 2.16682,
	2.30897 2.1649,
	2.31215 2.16357,
	2.31556 2.16289,
	2.31904 2.16289,
	2.32245 2.16357,
	2.32563 2.1649,
	2.32845 2.16682,
	2.33078 2.16925,
	2.33252 2.17208,
	2.3336 2.17518,
	2.33396 2.17843,
	2.3336 2.18168,
	2.33252 2.18478,
	2.33078 2.18761,
	2.32845 2.19004,
	2.32563 2.19196,
	2.32245 2.19328,
	2.31904 2.19396,
	2.31556 2.19396,
	2.31215 2.19328,
	2.30897 2.19196,
	2.30615 2.19004,
	2.30382 2.18761,
	2.30208 2.18478,
	2.301 2.18168,
	"/>
<Contour name="Ea1(v2)" hidden="false" closed="true" simplified="true" border="0.996078 0.270588 0.027451" fill="1 0 0" mode="9"
 points="2.28502 2.06909,
	2.28535 2.06583,
	2.28634 2.06268,
	2.28795 2.05972,
	2.29014 2.05704,
	2.29283 2.05473,
	2.29595 2.05286,
	2.29941 2.05148,
	2.30309 2.05063,
	2.30689 2.05035,
	2.31069 2.05063,
	2.31437 2.05148,
	2.31782 2.05286,
	2.32094 2.05473,
	2.32364 2.05704,
	2.32583 2.05972,
	2.32744 2.06268,
	2.32842 2.06583,
	2.32876 2.06909,
	2.32842 2.07234,
	2.32744 2.0755,
	2.32583 2.07846,
	2.32364 2.08114,
	2.32094 2.08345,
	2.31782 2.08532,
	2.31437 2.0867,
	2.31069 2.08755,
	2.30689 2.08783,
	2.30309 2.08755,
	2.29941 2.0867,
	2.29595 2.08532,
	2.29283 2.08345,
	2.29014 2.08114,
	2.28795 2.07846,
	2.28634 2.0755,
	2.28535 2.07234,
	"/>
<Contour name="Ea5(endo1)" hidden="false" closed="true" simplified="true" border="1 1 0" fill="1 1 1" mode="9"
 points="3.51004 1.65063,
	3.51346 1.64149,
	3.51575 1.63692,
	3.52032 1.63578,
	3.5226 1.63464,
	3.53174 1.63921,
	3.53745 1.65749,
	3.53403 1.66663,
	3.53174 1.6712,
	3.5226 1.67462,
	3.51803 1.67576,
	3.51461 1.6712,
	3.51232 1.66891,
	"/>
<Contour name="Ea5(v10)" hidden="false" closed="true" simplified="true" border="1 0 0" fill="1 1 1" mode="9"
 points="3.06274 1.90897,
	3.06335 1.90434,
	3.06512 1.89996,
	3.06796 1.89607,
	3.07173 1.89287,
	3.07622 1.89054,
	3.08118 1.8892,
	3.08635 1.88893,
	3.09145 1.88974,
	3.09621 1.89159,
	3.10036 1.89437,
	3.10369 1.89794,
	3.10601 1.90211,
	3.10721 1.90664,
	3.10721 1.9113,
	3.10601 1.91584,
	3.10369 1.92001,
	3.10036 1.92358,
	3.09621 1.92636,
	3.09145 1.92821,
	3.08635 1.92902,
	3.08118 1.92874,
	3.07622 1.92741,
	3.07173 1.92508,
	3.06796 1.92188,
	3.06512 1.91798,
	"/>
<Contour name="Ea5(v11)" hidden="false" closed="true" simplified="true" border="1 0 0" fill="1 1 1" mode="9"
 points="3.05977 1.80933,
	3.06031 1.80402,
	3.06191 1.79899,
	3.06447 1.79452,
	3.06786 1.79084,
	3.07189 1.78817,
	3.07636 1.78663,
	3.08101 1.78632,
	3.0856 1.78725,
	3.08988 1.78937,
	3.09362 1.79257,
	3.09662 1.79667,
	3.09871 1.80145,
	3.09979 1.80666,
	3.09979 1.81201,
	3.09871 1.81722,
	3.09662 1.822,
	3.09362 1.8261,
	3.08988 1.8293,
	3.0856 1.83142,
	3.08101 1.83235,
	3.07636 1.83203,
	3.07189 1.8305,
	3.06786 1.82782,
	3.06447 1.82415,
	3.06191 1.81968,
	"/>
<Contour name="Ea5(v12)" hidden="false" closed="true" simplified="true" border="1 0 0" fill="1 1 1" mode="9"
 points="3.06126 1.9811,
	3.06169 1.97563,
	3.06296 1.97035,
	3.06504 1.96544,
	3.06786 1.96106,
	3.0713 1.95736,
	3.07527 1.95447,
	3.07962 1.95249,
	3.08421 1.95148,
	3.08887 1.95148,
	3.09346 1.95249,
	3.09781 1.95447,
	3.10177 1.95736,
	3.10522 1.96106,
	3.10803 1.96544,
	3.11011 1.97035,
	3.11139 1.97563,
	3.11182 1.9811,
	3.11139 1.98656,
	3.11011 1.99184,
	3.10803 1.99676,
	3.10522 2.00114,
	3.10177 2.00483,
	3.09781 2.00772,
	3.09346 2.00971,
	3.08887 2.01072,
	3.08421 2.01072,
	3.07962 2.00971,
	3.07527 2.00772,
	3.0713 2.00483,
	3.06786 2.00114,
	3.06504 1.99676,
	3.06296 1.99184,
	3.06169 1.98656,
	"/>
<Contour name="Ea5(v14)" hidden="false" closed="true" simplified="true" border="1 0 0" fill="1 1 1" mode="9"
 points="3.08505 2.05397,
	3.08554 2.04871,
	3.08698 2.04369,
	3.08931 2.03911,
	3.09243 2.03518,
	3.09621 2.03207,
	3.10047 2.02993,
	3.10503 2.02883,
	3.10969 2.02883,
	3.11425 2.02993,
	3.11851 2.03207,
	3.12229 2.03518,
	3.12541 2.03911,
	3.12774 2.04369,
	3.12918 2.04871,
	3.12967 2.05397,
	3.12918 2.05923,
	3.12774 2.06425,
	3.12541 2.06883,
	3.12229 2.07276,
	3.11851 2.07586,
	3.11425 2.07801,
	3.10969 2.07911,
	3.10503 2.07911,
	3.10047 2.07801,
	3.09621 2.07586,
	3.09243 2.07276,
	3.08931 2.06883,
	3.08698 2.06425,
	3.08554 2.05923,
	"/>
<Contour name="Ea5(v15)" hidden="false" closed="true" simplified="true" border="1 0 0" fill="1 1 1" mode="9"
 points="2.61288 2.64213,
	2.61355 2.63752,
	2.61548 2.63325,
	2.61855 2.62963,
	2.62252 2.62695,
	2.6271 2.62539,
	2.63195 2.62507,
	2.63671 2.62602,
	2.64102 2.62816,
	2.64457 2.63134,
	2.6471 2.63532,
	2.64841 2.63981,
	2.64841 2.64446,
	2.6471 2.64895,
	2.64457 2.65293,
	2.64102 2.65611,
	2.63671 2.65825,
	2.63195 2.6592,
	2.6271 2.65888,
	2.62252 2.65732,
	2.61855 2.65463,
	2.61548 2.65102,
	2.61355 2.64675,
	"/>
<Contour name="Ea5(v16)" hidden="false" closed="true" simplified="true" border="1 0 0" fill="1 1 1" mode="9"
 points="2.62924 2.52019,
	2.62977 2.51554,
	2.63132 2.51107,
	2.63385 2.50692,
	2.63725 2.50326,
	2.64142 2.5002,
	2.6462 2.49787,
	2.6514 2.49634,
	2.65686 2.49568,
	2.66237 2.4959,
	2.66773 2.497,
	2.67274 2.49894,
	2.67723 2.50164,
	2.68104 2.50502,
	2.68402 2.50894,
	2.68607 2.51328,
	2.68711 2.51786,
	2.68711 2.52252,
	2.68607 2.5271,
	2.68402 2.53143,
	2.68104 2.53536,
	2.67723 2.53873,
	2.67274 2.54144,
	2.66773 2.54338,
	2.66237 2.54448,
	2.65686 2.5447,
	2.6514 2.54403,
	2.6462 2.54251,
	2.64142 2.54018,
	2.63725 2.53712,
	2.63385 2.53345,
	2.63132 2.52931,
	"/>
<Contour name="Ea5(v18)" hidden="false" closed="true" simplified="true" border="1 0 0" fill="1 1 1" mode="9"
 points="2.51176 3.49873,
	2.51232 3.49357,
	2.51397 3.48871,
	2.51662 3.48443,
	2.52011 3.48098,
	2.52424 3.47857,
	2.52876 3.47732,
	2.53342 3.47732,
	2.53795 3.47857,
	2.54207 3.48098,
	2.54556 3.48443,
	2.54821 3.48871,
	2.54986 3.49357,
	2.55042 3.49873,
	2.54986 3.50389,
	2.54821 3.50875,
	2.54556 3.51303,
	2.54207 3.51647,
	2.53795 3.51889,
	2.53342 3.52013,
	2.52876 3.52013,
	2.52424 3.51889,
	2.52011 3.51647,
	2.51662 3.51303,
	2.51397 3.50875,
	2.51232 3.50389,
	"/>
<Contour name="Ea5(v19)" hidden="false" closed="true" simplified="true" border="1 0 0" fill="1 1 1" mode="9"
 points="2.5653 3.42363,
	2.56595 3.41811,
	2.56785 3.41314,
	2.57081 3.40919,
	2.57454 3.40665,
	2.57868 3.40578,
	2.58282 3.40665,
	2.58655 3.40919,
	2.58951 3.41314,
	2.59141 3.41811,
	2.59206 3.42363,
	2.59141 3.42914,
	2.58951 3.43412,
	2.58655 3.43806,
	2.58282 3.4406,
	2.57868 3.44147,
	2.57454 3.4406,
	2.57081 3.43806,
	2.56785 3.43412,
	"/>
<Contour name="Ea5(v20)" hidden="false" closed="true" simplified="true" border="1 0 0" fill="1 1 1" mode="9"
 points="2.60991 3.34035,
	2.6106 3.33421,
	2.61262 3.32862,
	2.61579 3.32407,
	2.61982 3.32097,
	2.62436 3.31959,
	2.629 3.32005,
	2.63333 3.32232,
	2.63697 3.32619,
	2.63959 3.33131,
	2.64097 3.33724,
	2.64097 3.34345,
	2.63959 3.34938,
	2.63697 3.35451,
	2.63333 3.35838,
	2.629 3.36064,
	2.62436 3.36111,
	2.61982 3.35973,
	2.61579 3.35662,
	2.61262 3.35208,
	"/>
<Contour name="Ea5(v21)" hidden="false" closed="true" simplified="true" border="1 0 0" fill="1 1 1" mode="9"
 points="2.56827 3.33291,
	2.5689 3.3281,
	2.57076 3.32364,
	2.5737 3.31987,
	2.5775 3.31707,
	2.58189 3.31544,
	2.58654 3.31511,
	2.5911 3.3161,
	2.59523 3.31833,
	2.59864 3.32165,
	2.60106 3.3258,
	2.60231 3.33048,
	2.60231 3.33534,
	2.60106 3.34002,
	2.59864 3.34417,
	2.59523 3.34749,
	2.5911 3.34973,
	2.58654 3.35072,
	2.58189 3.35038,
	2.5775 3.34876,
	2.5737 3.34595,
	2.57076 3.34218,
	2.5689 3.33773,
	"/>
<Contour name="Ea5(v22)" hidden="false" closed="true" simplified="true" border="1 0 0" fill="1 1 1" mode="9"
 points="2.58165 3.27863,
	2.58218 3.27383,
	2.58372 3.26927,
	2.5862 3.26519,
	2.58949 3.26177,
	2.59344 3.2592,
	2.59784 3.25761,
	2.60247 3.25707,
	2.60711 3.25761,
	2.61151 3.2592,
	2.61546 3.26177,
	2.61875 3.26519,
	2.62123 3.26927,
	2.62277 3.27383,
	2.62329 3.27863,
	2.62277 3.28343,
	2.62123 3.28799,
	2.61875 3.29208,
	2.61546 3.29549,
	2.61151 3.29806,
	2.60711 3.29965,
	2.60247 3.30019,
	2.59784 3.29965,
	2.59344 3.29806,
	2.58949 3.29549,
	2.5862 3.29208,
	2.58372 3.28799,
	"/>
<Contour name="Ea5(v23)" hidden="false" closed="true" simplified="true" border="1 0 0" fill="1 1 1" mode="9"
 points="2.59653 3.22212,
	2.59711 3.21639,
	2.59882 3.21101,
	2.60156 3.20634,
	2.60515 3.20266,
	2.60937 3.2002,
	2.61395 3.19911,
	2.6186 3.19948,
	2.62303 3.20126,
	2.62696 3.20436,
	2.63015 3.20857,
	2.6324 3.21363,
	2.63356 3.21923,
	2.63356 3.22501,
	2.6324 3.2306,
	2.63015 3.23567,
	2.62696 3.23988,
	2.62303 3.24298,
	2.6186 3.24476,
	2.61395 3.24512,
	2.60937 3.24404,
	2.60515 3.24158,
	2.60156 3.2379,
	2.59882 3.23322,
	2.59711 3.22785,
	"/>
<Contour name="Ea5(v25)" hidden="false" closed="true" simplified="true" border="1 0 0" fill="1 1 1" mode="9"
 points="2.5415 3.24443,
	2.54214 3.23901,
	2.54399 3.23399,
	2.54693 3.22975,
	2.55074 3.2266,
	2.55512 3.22477,
	2.55977 3.2244,
	2.56433 3.22551,
	2.56847 3.22802,
	2.57187 3.23176,
	2.57429 3.23643,
	2.57555 3.24169,
	2.57555 3.24716,
	2.57429 3.25242,
	2.57187 3.2571,
	2.56847 3.26083,
	2.56433 3.26334,
	2.55977 3.26446,
	2.55512 3.26408,
	2.55074 3.26225,
	2.54693 3.2591,
	2.54399 3.25486,
	2.54214 3.24984,
	"/>
<Contour name="Ea5(v26)" hidden="false" closed="true" simplified="true" border="1 0 0" fill="1 1 1" mode="9"
 points="2.51919 3.17379,
	2.51989 3.16918,
	2.52191 3.16494,
	2.5251 3.16142,
	2.52919 3.15891,
	2.53386 3.1576,
	2.53873 3.1576,
	2.5434 3.15891,
	2.5475 3.16142,
	2.55068 3.16494,
	2.55271 3.16918,
	2.5534 3.17379,
	2.55271 3.1784,
	2.55068 3.18263,
	2.5475 3.18615,
	2.5434 3.18867,
	2.53873 3.18998,
	2.53386 3.18998,
	2.52919 3.18867,
	2.5251 3.18615,
	2.52191 3.18263,
	2.51989 3.1784,
	"/>
<Contour name="Ea5(v27)" hidden="false" closed="true" simplified="true" border="1 0 0" fill="1 1 1" mode="9"
 points="2.47904 3.08605,
	2.47955 3.08125,
	2.48103 3.07668,
	2.48344 3.07255,
	2.48664 3.06904,
	2.4905 3.06634,
	2.49484 3.06455,
	2.49944 3.06377,
	2.50409 3.06403,
	2.50859 3.06532,
	2.51271 3.06758,
	2.51626 3.07071,
	2.51908 3.07455,
	2.52104 3.07892,
	2.52204 3.08363,
	2.52204 3.08846,
	2.52104 3.09317,
	2.51908 3.09755,
	2.51626 3.10139,
	2.51271 3.10451,
	2.50859 3.10677,
	2.50409 3.10806,
	2.49944 3.10832,
	2.49484 3.10754,
	2.4905 3.10575,
	2.48664 3.10305,
	2.48344 3.09955,
	2.48103 3.09541,
	"/>
<Contour name="Ea5(v28)" hidden="false" closed="true" simplified="true" border="1 0 0" fill="1 1 1" mode="9"
 points="2.51473 3.39388,
	2.51534 3.38888,
	2.51712 3.38422,
	2.51996 3.38021,
	2.52366 3.37714,
	2.52796 3.37521,
	2.53258 3.37455,
	2.5372 3.37521,
	2.5415 3.37714,
	2.5452 3.38021,
	2.54803 3.38422,
	2.54982 3.38888,
	2.55042 3.39388,
	2.54982 3.39889,
	2.54803 3.40355,
	2.5452 3.40755,
	2.5415 3.41063,
	2.5372 3.41256,
	2.53258 3.41322,
	2.52796 3.41256,
	2.52366 3.41063,
	2.51996 3.40755,
	2.51712 3.40355,
	"/>
<Contour name="Ea5(v29)" hidden="false" closed="true" simplified="true" border="1 0 0" fill="1 1 1" mode="9"
 points="2.4612 3.41991,
	2.46183 3.41529,
	2.46369 3.41102,
	2.46662 3.40741,
	2.47043 3.40472,
	2.47482 3.40316,
	2.47946 3.40285,
	2.48402 3.40379,
	2.48816 3.40594,
	2.49156 3.40912,
	2.49398 3.4131,
	2.49524 3.41758,
	2.49524 3.42224,
	2.49398 3.42672,
	2.49156 3.4307,
	2.48816 3.43388,
	2.48402 3.43602,
	2.47946 3.43697,
	2.47482 3.43665,
	2.47043 3.43509,
	2.46662 3.43241,
	2.46369 3.4288,
	2.46183 3.42452,
	"/>
<Contour name="Ea5(v3)" hidden="false" closed="true" simplified="true" border="1 0 0" fill="1 1 1" mode="9"
 points="3.17428 1.62344,
	3.17484 1.61864,
	3.17649 1.61411,
	3.17914 1.61013,
	3.18263 1.60692,
	3.18676 1.60467,
	3.19128 1.60351,
	3.19594 1.60351,
	3.20047 1.60467,
	3.2046 1.60692,
	3.20808 1.61013,
	3.21073 1.61411,
	3.21238 1.61864,
	3.21295 1.62344,
	3.21238 1.62825,
	3.21073 1.63277,
	3.20808 1.63675,
	3.2046 1.63996,
	3.20047 1.64221,
	3.19594 1.64337,
	3.19128 1.64337,
	3.18676 1.64221,
	3.18263 1.63996,
	3.17914 1.63675,
	3.17649 1.63277,
	3.17484 1.62825,
	"/>
<Contour name="Ea5(v30)" hidden="false" closed="true" simplified="true" border="1 0 0" fill="1 1 1" mode="9"
 points="2.51771 3.3106,
	2.51837 3.30474,
	2.5203 3.29935,
	2.52335 3.29487,
	2.52727 3.29167,
	2.53174 3.29,
	2.53639 3.29,
	2.54086 3.29167,
	2.54478 3.29487,
	2.54783 3.29935,
	2.54976 3.30474,
	2.55042 3.3106,
	2.54976 3.31647,
	2.54783 3.32186,
	2.54478 3.32634,
	2.54086 3.32954,
	2.53639 3.33121,
	2.53174 3.33121,
	2.52727 3.32954,
	2.52335 3.32634,
	2.5203 3.32186,
	2.51837 3.31647,
	"/>
<Contour name="Ea5(v31)" hidden="false" closed="true" simplified="true" border="1 0 0" fill="1 1 1" mode="9"
 points="2.46095 3.3671,
	2.46157 3.36279,
	2.46335 3.3589,
	2.46613 3.35582,
	2.46962 3.35384,
	2.4735 3.35316,
	2.47738 3.35384,
	2.48087 3.35582,
	2.48365 3.3589,
	2.48543 3.36279,
	2.48605 3.3671,
	2.48543 3.3714,
	2.48365 3.37529,
	2.48087 3.37837,
	2.47738 3.38035,
	2.4735 3.38104,
	2.46962 3.38035,
	2.46613 3.37837,
	2.46335 3.37529,
	"/>
<Contour name="Ea5(v32)" hidden="false" closed="true" simplified="true" border="1 0 0" fill="1 1 1" mode="9"
 points="2.46932 3.30506,
	2.46987 3.30073,
	2.47147 3.29667,
	2.47404 3.29313,
	2.47741 3.29035,
	2.48136 3.28849,
	2.48565 3.28767,
	2.49001 3.28795,
	2.49416 3.2893,
	2.49785 3.29164,
	2.50084 3.29482,
	2.50294 3.29865,
	2.50403 3.30288,
	2.50403 3.30725,
	2.50294 3.31148,
	2.50084 3.3153,
	2.49785 3.31849,
	2.49416 3.32083,
	2.49001 3.32218,
	2.48565 3.32245,
	2.48136 3.32164,
	2.47741 3.31978,
	2.47404 3.31699,
	2.47147 3.31346,
	2.46987 3.3094,
	"/>
<Contour name="Ea5(v33)" hidden="false" closed="true" simplified="true" border="1 0 0" fill="1 1 1" mode="9"
 points="2.4735 3.2026,
	2.47407 3.19791,
	2.47574 3.19354,
	2.4784 3.18979,
	2.48186 3.18691,
	2.4859 3.1851,
	2.49023 3.18448,
	2.49456 3.1851,
	2.49859 3.18691,
	2.50206 3.18979,
	2.50472 3.19354,
	2.50639 3.19791,
	2.50696 3.2026,
	2.50639 3.20729,
	2.50472 3.21166,
	2.50206 3.21542,
	2.49859 3.2183,
	2.49456 3.22011,
	2.49023 3.22072,
	2.4859 3.22011,
	2.48186 3.2183,
	2.4784 3.21542,
	2.47574 3.21166,
	"/>
<Contour name="Ea5(v4)" hidden="false" closed="true" simplified="true" border="1 0 0" fill="1 1 1" mode="9"
 points="3.19659 1.55801,
	3.1972 1.55243,
	3.19898 1.54723,
	3.20181 1.54276,
	3.20551 1.53933,
	3.20981 1.53718,
	3.21443 1.53644,
	3.21905 1.53718,
	3.22336 1.53933,
	3.22705 1.54276,
	3.22989 1.54723,
	3.23167 1.55243,
	3.23228 1.55801,
	3.23167 1.56359,
	3.22989 1.56879,
	3.22705 1.57326,
	3.22336 1.57668,
	3.21905 1.57884,
	3.21443 1.57957,
	3.20981 1.57884,
	3.20551 1.57668,
	3.20181 1.57326,
	3.19898 1.56879,
	"/>
<Contour name="Ea5(v464)" hidden="false" closed="true" simplified="true" border="1 0 0" fill="1 1 1" mode="9"
 points="3.34381 1.58626,
	3.34445 1.58085,
	3.3463 1.57583,
	3.34924 1.57159,
	3.35305 1.56844,
	3.35744 1.56661,
	3.36208 1.56623,
	3.36664 1.56735,
	3.37078 1.56986,
	3.37418 1.57359,
	3.3766 1.57826,
	3.37786 1.58353,
	3.37786 1.589,
	3.3766 1.59426,
	3.37418 1.59893,
	3.37078 1.60266,
	3.36664 1.60518,
	3.36208 1.60629,
	3.35744 1.60592,
	3.35305 1.60409,
	3.34924 1.60094,
	3.3463 1.59669,
	3.34445 1.59168,
	"/>
<Contour name="Ea5(v5)" hidden="false" closed="true" simplified="true" border="1 0 0" fill="1 1 1" mode="9"
 points="3.11926 1.81231,
	3.11982 1.80715,
	3.12147 1.80229,
	3.12412 1.79801,
	3.12761 1.79456,
	3.13173 1.79215,
	3.13626 1.7909,
	3.14092 1.7909,
	3.14544 1.79215,
	3.14957 1.79456,
	3.15306 1.79801,
	3.15571 1.80229,
	3.15736 1.80715,
	3.15792 1.81231,
	3.15736 1.81747,
	3.15571 1.82233,
	3.15306 1.82661,
	3.14957 1.83006,
	3.14544 1.83247,
	3.14092 1.83372,
	3.13626 1.83372,
	3.13173 1.83247,
	3.12761 1.83006,
	3.12412 1.82661,
	3.12147 1.82233,
	3.11982 1.81747,
	"/>
<Contour name="Ea5(v6)" hidden="false" closed="true" simplified="true" border="1 0 0" fill="1 1 1" mode="9"
 points="3.09397 1.74762,
	3.09456 1.74207,
	3.09627 1.73687,
	3.09901 1.73235,
	3.1026 1.72878,
	3.10682 1.7264,
	3.1114 1.72535,
	3.11605 1.72571,
	3.12048 1.72743,
	3.12441 1.73043,
	3.1276 1.73451,
	3.12985 1.73941,
	3.13101 1.74482,
	3.13101 1.75041,
	3.12985 1.75583,
	3.1276 1.76073,
	3.12441 1.76481,
	3.12048 1.7678,
	3.11605 1.76953,
	3.1114 1.76988,
	3.10682 1.76883,
	3.1026 1.76645,
	3.09901 1.76289,
	3.09627 1.75836,
	3.09456 1.75317,
	"/>
<Contour name="Ea5(v7)" hidden="false" closed="true" simplified="true" border="1 0 0" fill="1 1 1" mode="9"
 points="3.15346 1.76769,
	3.15409 1.76268,
	3.15595 1.75804,
	3.15889 1.75411,
	3.16269 1.75119,
	3.16708 1.74949,
	3.17173 1.74915,
	3.17629 1.75018,
	3.18042 1.75251,
	3.18383 1.75596,
	3.18625 1.76029,
	3.18751 1.76516,
	3.18751 1.77023,
	3.18625 1.7751,
	3.18383 1.77943,
	3.18042 1.78288,
	3.17629 1.78521,
	3.17173 1.78624,
	3.16708 1.78589,
	3.16269 1.7842,
	3.15889 1.78128,
	3.15595 1.77735,
	3.15409 1.77271,
	"/>
<Contour name="Ea5(v8)" hidden="false" closed="true" simplified="true" border="1 0 0" fill="1 1 1" mode="9"
 points="3.14454 1.72308,
	3.14523 1.71804,
	3.14725 1.71345,
	3.15042 1.70971,
	3.15445 1.70716,
	3.15899 1.70603,
	3.16363 1.70641,
	3.16796 1.70827,
	3.1716 1.71145,
	3.17422 1.71566,
	3.17559 1.72053,
	3.17559 1.72563,
	3.17422 1.7305,
	3.1716 1.73471,
	3.16796 1.73789,
	3.16363 1.73975,
	3.15899 1.74013,
	3.15445 1.739,
	3.15042 1.73645,
	3.14725 1.73271,
	"/>
<Contour name="Ea5(v9)" hidden="false" closed="true" simplified="true" border="1 0 0" fill="1 1 1" mode="9"
 points="3.21295 1.65988,
	3.21361 1.65443,
	3.21554 1.64942,
	3.21859 1.64527,
	3.22251 1.64229,
	3.22698 1.64074,
	3.23163 1.64074,
	3.2361 1.64229,
	3.24002 1.64527,
	3.24307 1.64942,
	3.245 1.65443,
	3.24566 1.65988,
	3.245 1.66532,
	3.24307 1.67033,
	3.24002 1.67449,
	3.2361 1.67746,
	3.23163 1.67901,
	3.22698 1.67901,
	3.22251 1.67746,
	3.21859 1.67449,
	3.21554 1.67033,
	3.21361 1.66532,
	"/>
<Contour name="Ed1" hidden="false" closed="true" simplified="true" border="0.541176 0.756863 0.0352941" fill="0.501961 1 1" mode="9"
 points="2.45117 2.26753,
	2.45986 2.2397,
	2.46682 2.22579,
	2.47899 2.21188,
	2.48421 2.20493,
	2.49812 2.19971,
	2.51203 2.19797,
	2.51899 2.19623,
	2.57463 2.21884,
	2.58158 2.22405,
	2.60941 2.22405,
	2.63723 2.2171,
	2.64071 2.2171,
	2.66157 2.22232,
	2.68766 2.2484,
	2.69461 2.27622,
	2.69287 2.29013,
	2.67896 2.31795,
	2.67201 2.33186,
	2.66853 2.33882,
	2.65636 2.35099,
	2.6494 2.35795,
	2.59376 2.38403,
	2.56593 2.39273,
	2.55202 2.39446,
	2.5242 2.38055,
	2.51029 2.37186,
	2.49638 2.35969,
	2.48073 2.33186,
	2.47204 2.31795,
	2.45812 2.30404,
	2.45291 2.29013,
	2.45117 2.27622,
	2.45117 2.26927,
	"/>
<Contour name="Ed10" hidden="false" closed="true" simplified="true" border="0.541 0.757 0.035" fill="0.502 1 1" mode="9"
 points="2.15624 3.75171,
	2.15986 3.74448,
	2.16166 3.74086,
	2.16889 3.73635,
	2.17251 3.73454,
	2.18696 3.73544,
	2.20142 3.73815,
	2.23033 3.73906,
	2.24479 3.74177,
	2.25925 3.74809,
	2.26648 3.75261,
	2.27009 3.75532,
	2.28635 3.78424,
	2.28816 3.78785,
	2.28816 3.79508,
	2.28816 3.79869,
	2.28816 3.8005,
	2.28635 3.80231,
	2.28635 3.80411,
	2.28455 3.80592,
	2.28364 3.81315,
	2.28003 3.82038,
	2.27822 3.82309,
	2.27009 3.83212,
	2.25925 3.84568,
	2.25563 3.85291,
	2.24931 3.86013,
	2.24298 3.86465,
	2.23124 3.8502,
	2.22582 3.84297,
	2.21136 3.83032,
	2.20413 3.82399,
	2.1969 3.82038,
	2.16799 3.79779,
	2.16257 3.79056,
	2.15624 3.7761,
	2.15805 3.76165,
	2.15624 3.75442,
	2.15624 3.75261,
	"/>
<Contour name="Ed2" hidden="false" closed="true" simplified="true" border="0.541176 0.756863 0.0352941" fill="0.501961 1 1" mode="9"
 points="-0.0873605 1.31983,
	-0.0766832 1.3043,
	-0.0718299 1.29654,
	-0.0572699 1.28101,
	-0.0417392 1.27324,
	-0.0106779 1.27033,
	0.00485271 1.26839,
	0.0203834 1.26936,
	0.035914 1.27421,
	0.0669753 1.28004,
	0.129098 1.28198,
	0.160159 1.28683,
	0.17569 1.29168,
	0.206751 1.29751,
	0.210634 1.29751,
	0.211604 1.30139,
	0.227135 1.3043,
	0.2349 1.30624,
	0.238783 1.30624,
	0.254314 1.31401,
	0.269844 1.32372,
	0.300906 1.35478,
	0.314495 1.37031,
	0.330026 1.38001,
	0.337791 1.3839,
	0.345556 1.38487,
	0.376618 1.38098,
	0.407679 1.37419,
	0.42321 1.37225,
	0.454271 1.38681,
	0.469802 1.39457,
	0.485332 1.40525,
	0.500863 1.41787,
	0.562985 1.44893,
	0.570751 1.45378,
	0.574633 1.45767,
	0.583369 1.4732,
	0.595017 1.48873,
	0.65714 1.52561,
	0.672671 1.53823,
	0.688201 1.55279,
	0.695967 1.55959,
	0.711497 1.56929,
	0.719263 1.57318,
	0.727028 1.579,
	0.733823 1.58677,
	0.743529 1.6023,
	0.75906 1.61492,
	0.821183 1.64501,
	0.836713 1.65374,
	0.844479 1.6586,
	0.852244 1.66054,
	0.883305 1.67607,
	0.89107 1.68092,
	0.903689 1.69645,
	0.924073 1.72751,
	0.941545 1.75857,
	0.951252 1.7741,
	0.982313 1.80031,
	0.998814 1.83137,
	1.0027 1.83914,
	1.03376 1.8702,
	1.04929 1.87894,
	1.05705 1.88185,
	1.06482 1.88282,
	1.12694 1.87602,
	1.13082 1.87505,
	1.14636 1.86146,
	1.17742 1.84011,
	1.19295 1.82943,
	1.20848 1.82167,
	1.21624 1.81875,
	1.22401 1.81778,
	1.22789 1.81681,
	1.24342 1.82361,
	1.27448 1.83331,
	1.28225 1.83429,
	1.31331 1.84885,
	1.32884 1.86146,
	1.34437 1.8702,
	1.3599 1.87505,
	1.36767 1.87797,
	1.37155 1.87797,
	1.37932 1.88088,
	1.3832 1.88088,
	1.39873 1.8867,
	1.42979 1.89155,
	1.46085 1.89155,
	1.49191 1.88961,
	1.52297 1.88379,
	1.53074 1.87894,
	1.54433 1.86341,
	1.55112 1.84787,
	1.55306 1.83234,
	1.55695 1.82458,
	1.56083 1.82264,
	1.56957 1.80711,
	1.57248 1.79158,
	1.57054 1.77605,
	1.56471 1.76051,
	1.56083 1.74498,
	1.55986 1.73722,
	1.55889 1.73528,
	1.5618 1.71975,
	1.56374 1.71198,
	1.56471 1.71004,
	1.57248 1.70227,
	1.6346 1.7013,
	1.6414 1.69936,
	1.64528 1.69742,
	1.64722 1.69742,
	1.65013 1.69451,
	1.65693 1.6916,
	1.66081 1.69063,
	1.66372 1.68772,
	1.67149 1.68577,
	1.67828 1.68189,
	1.68605 1.67995,
	1.68896 1.67704,
	1.70449 1.67316,
	1.71128 1.67024,
	1.71905 1.66927,
	1.72293 1.6683,
	1.72487 1.66636,
	1.73264 1.66636,
	1.73458 1.66636,
	1.73555 1.66442,
	1.79767 1.66442,
	1.79961 1.66442,
	1.80058 1.66636,
	1.80835 1.66636,
	1.83941 1.68092,
	1.84329 1.68286,
	1.85591 1.69839,
	1.87435 1.72945,
	1.88212 1.73625,
	1.91318 1.75275,
	1.92871 1.76149,
	1.94424 1.77216,
	2.00637 1.80322,
	2.03743 1.81487,
	2.06849 1.82167,
	2.08402 1.82458,
	2.09178 1.82555,
	2.21603 1.88767,
	2.23156 1.90029,
	2.23738 1.90806,
	2.24127 1.91194,
	2.24903 1.92747,
	2.25389 1.943,
	2.23738 1.97406,
	2.23253 1.98183,
	2.217 1.9925,
	2.18594 2.00998,
	2.17817 2.0158,
	2.15099 2.04686,
	2.13643 2.06239,
	2.10537 2.08278,
	2.08984 2.09151,
	2.07431 2.10219,
	2.05005 2.13325,
	2.03937 2.14878,
	2.03354 2.15655,
	2.02578 2.16334,
	1.99472 2.1779,
	1.97919 2.18275,
	1.97142 2.18567,
	1.9093 2.19537,
	1.87824 2.19731,
	1.81611 2.19149,
	1.80058 2.19052,
	1.78505 2.18664,
	1.75399 2.17111,
	1.73846 2.15752,
	1.72584 2.14199,
	1.72487 2.14102,
	1.73264 2.12549,
	1.73749 2.11772,
	1.75205 2.10219,
	1.75399 2.09831,
	1.74526 2.06725,
	1.74331 2.03618,
	1.73943 2.02065,
	1.73846 2.00512,
	1.74429 1.98959,
	1.73555 1.97406,
	1.72778 1.96727,
	1.66566 1.93523,
	1.65013 1.92553,
	1.63654 1.91,
	1.63169 1.90223,
	1.61616 1.8935,
	1.61228 1.89253,
	1.59674 1.89932,
	1.58121 1.91388,
	1.57345 1.91873,
	1.54239 1.94688,
	1.53559 1.95465,
	1.53171 1.95562,
	1.52394 1.96047,
	1.50841 1.96338,
	1.49288 1.96338,
	1.48512 1.96435,
	1.48124 1.96727,
	1.4657 1.96921,
	1.45794 1.96921,
	1.44241 1.97309,
	1.44047 1.97309,
	1.40941 1.99736,
	1.40164 2.00415,
	1.38611 2.01095,
	1.37058 2.02162,
	1.36281 2.02745,
	1.35893 2.02842,
	1.35117 2.03327,
	1.3434 2.03618,
	1.33564 2.04104,
	1.30457 2.05366,
	1.28904 2.06045,
	1.28128 2.0653,
	1.26575 2.07016,
	1.20362 2.09831,
	1.18809 2.10607,
	1.17256 2.11093,
	1.15703 2.11384,
	1.12597 2.1119,
	1.11044 2.10995,
	1.07938 2.1119,
	1.04832 2.11772,
	1.01726 2.12063,
	0.986196 2.12743,
	0.955134 2.13616,
	0.924073 2.15169,
	0.899806 2.18275,
	0.882334 2.21382,
	0.868745 2.24488,
	0.86098 2.26041,
	0.856126 2.26817,
	0.848361 2.27497,
	0.832831 2.27885,
	0.8173 2.28079,
	0.801769 2.27691,
	0.770708 2.26332,
	0.755177 2.25555,
	0.739647 2.24973,
	0.708585 2.24197,
	0.693055 2.24002,
	0.685289 2.24002,
	0.623167 2.22352,
	0.607636 2.21867,
	0.576575 2.20508,
	0.568809 2.2012,
	0.537748 2.17693,
	0.522218 2.16334,
	0.499892 2.13228,
	0.49601 2.12451,
	0.473684 2.09345,
	0.463007 2.07792,
	0.446506 2.04686,
	0.418356 1.98474,
	0.402826 1.95368,
	0.393119 1.93815,
	0.366911 1.90709,
	0.35138 1.89447,
	0.328084 1.86341,
	0.3077 1.83234,
	0.295082 1.81681,
	0.280522 1.80128,
	0.273727 1.79352,
	0.257226 1.76246,
	0.24946 1.74693,
	0.237812 1.71586,
	0.232959 1.70033,
	0.217428 1.66927,
	0.176661 1.60715,
	0.156277 1.57609,
	0.144629 1.56056,
	0.130069 1.54503,
	0.114538 1.53338,
	0.0834766 1.51591,
	0.067946 1.50911,
	0.0368847 1.50038,
	-0.0252379 1.47805,
	-0.0330032 1.47514,
	-0.0407686 1.47029,
	-0.0475632 1.46252,
	-0.0630939 1.43146,
	-0.0708592 1.41593,
	-0.0805659 1.38487,
	-0.0863899 1.35381,
	-0.0873605 1.32274,
	-0.0873605 1.3208,
	"/>
<Contour name="Ed4" hidden="false" closed="true" simplified="true" border="0.541176 0.756863 0.0352941" fill="0.501961 1 1" mode="9"
 points="1.54175 2.83456,
	1.55036 2.82472,
	1.5602 2.81856,
	1.57988 2.81364,
	1.59957 2.81118,
	1.61925 2.81118,
	1.63893 2.80872,
	1.64878 2.80872,
	1.68814 2.79765,
	1.70783 2.7915,
	1.7472 2.77428,
	1.76688 2.76443,
	1.77672 2.75951,
	1.79641 2.74229,
	1.83577 2.72261,
	1.84562 2.71645,
	1.85546 2.70784,
	1.87514 2.69677,
	1.89482 2.69062,
	1.91451 2.69431,
	1.99324 2.72999,
	2.03261 2.74229,
	2.11135 2.74844,
	2.15071 2.74967,
	2.19008 2.77058,
	2.19992 2.7792,
	2.20485 2.78412,
	2.20115 2.82349,
	2.20115 2.84317,
	2.20115 2.85301,
	2.20731 2.86285,
	2.22576 2.88254,
	2.23068 2.88746,
	2.23929 2.90714,
	2.27005 2.94651,
	2.27866 2.95635,
	2.29834 2.96742,
	2.30819 2.97357,
	2.34755 2.97727,
	2.36724 2.9785,
	2.37708 2.9785,
	2.39676 2.98342,
	2.40168 2.98465,
	2.42137 2.99941,
	2.42629 3.00433,
	2.43244 3.02401,
	2.43367 3.03386,
	2.43244 3.05354,
	2.42629 3.07199,
	2.42875 3.09168,
	2.42875 3.11136,
	2.42875 3.11628,
	2.42875 3.11751,
	2.42629 3.12981,
	2.42629 3.13228,
	2.42383 3.13966,
	2.42383 3.17902,
	2.41891 3.19871,
	2.41768 3.21839,
	2.41768 3.22823,
	2.41153 3.24792,
	2.40784 3.25776,
	2.40168 3.3365,
	2.39553 3.37586,
	2.39307 3.39555,
	2.39184 3.47428,
	2.38446 3.51365,
	2.38938 3.55302,
	2.39061 3.56286,
	2.38938 3.5727,
	2.382 3.59239,
	2.37339 3.60223,
	2.3537 3.61084,
	2.31434 3.61453,
	2.29465 3.61576,
	2.21592 3.63175,
	2.20608 3.63298,
	2.20115 3.63298,
	2.16179 3.61699,
	2.15195 3.6133,
	2.13226 3.61084,
	2.11258 3.61084,
	2.09289 3.60715,
	2.08305 3.60592,
	2.07321 3.60223,
	2.05353 3.58869,
	1.97479 3.55056,
	1.93542 3.5321,
	1.91574 3.52841,
	1.9059 3.52718,
	1.82716 3.54195,
	1.80748 3.54072,
	1.78779 3.53579,
	1.78287 3.53456,
	1.76688 3.51488,
	1.75704 3.4952,
	1.74228 3.45583,
	1.72505 3.43738,
	1.70537 3.42138,
	1.666 3.39432,
	1.65616 3.38694,
	1.61679 3.36725,
	1.59711 3.35741,
	1.59219 3.35495,
	1.58234 3.34511,
	1.57742 3.34019,
	1.56881 3.3205,
	1.56512 3.30082,
	1.56389 3.2959,
	1.57127 3.27621,
	1.57496 3.26637,
	1.57742 3.26145,
	1.57865 3.22208,
	1.57865 3.21224,
	1.57004 3.17287,
	1.56758 3.15319,
	1.56758 3.14335,
	1.57496 3.10398,
	1.57619 3.09414,
	1.57496 3.0843,
	1.57127 3.07445,
	1.55897 3.05477,
	1.55528 3.04985,
	1.54913 3.03017,
	1.54298 2.9908,
	1.54298 2.98096,
	1.53067 2.94159,
	1.52575 2.9219,
	1.52452 2.90222,
	1.52944 2.86285,
	1.53806 2.84317,
	1.54052 2.83825,
	1.54052 2.83579,
	"/>
</Transform>

<Transform dim="0"
 xcoef=" 0 1 0 0 0 0"
 ycoef=" 0 0 1 0 0 0">
<Contour name="Ea5(ER)" hidden="false" closed="true" simplified="true" border="0 0.882 0.882" fill="0.502 1 1" mode="9"
 points="2.54509 2.88259,
	2.55196 2.87916,
	2.56569 2.87744,
	2.56913 2.87658,
	2.576 2.88002,
	2.582 2.88688,
	2.58544 2.89375,
	2.58715 2.89718,
	2.59402 2.90233,
	2.5966 2.90577,
	2.59745 2.9092,
	2.59488 2.91178,
	2.58115 2.91264,
	2.56741 2.91693,
	2.56054 2.91779,
	2.55368 2.91693,
	2.55024 2.91693,
	2.54338 2.91264,
	2.53909 2.90577,
	2.53823 2.89203,
	2.53994 2.88946,
	2.53994 2.8886,
	"/>
</Transform>

<Transform dim="0"
 xcoef=" 0 1 0 0 0 0"
 ycoef=" 0 0 1 0 0 0">
<Contour name="Ea5(ER)" hidden="false" closed="true" simplified="true" border="0 0.882 0.882" fill="0.502 1 1" mode="9"
 points="2.60604 2.76328,
	2.60775 2.75985,
	2.61462 2.7547,
	2.61634 2.75298,
	2.64381 2.74611,
	2.65325 2.73324,
	2.65754 2.7195,
	2.65754 2.71607,
	2.66097 2.7092,
	2.68672 2.68259,
	2.69016 2.68002,
	2.69187 2.68002,
	2.69273 2.68689,
	2.68072 2.71435,
	2.67642 2.72809,
	2.6584 2.75555,
	2.65496 2.76242,
	2.65754 2.77616,
	2.65582 2.78989,
	2.65325 2.79332,
	2.65239 2.79504,
	2.63866 2.79676,
	2.63179 2.7959,
	2.61805 2.78646,
	2.61119 2.78045,
	2.60861 2.77701,
	"/>
</Transform>

<Transform dim="0"
 xcoef=" 0 1 0 0 0 0"
 ycoef=" 0 0 1 0 0 0">
<Contour name="Ea5(ER)" hidden="false" closed="true" simplified="true" border="0 0.882 0.882" fill="0.502 1 1" mode="9"
 points="2.71677 2.6062,
	2.71848 2.59933,
	2.71848 2.59762,
	2.72535 2.59418,
	2.72878 2.59332,
	2.7305 2.59247,
	2.73737 2.5959,
	2.7408 2.59676,
	2.74767 2.60191,
	2.7511 2.60534,
	2.75797 2.60792,
	2.76054 2.61135,
	2.7614 2.61478,
	2.76054 2.61822,
	2.75024 2.63195,
	2.74509 2.63882,
	2.74423 2.63968,
	2.7408 2.64053,
	2.73308 2.63453,
	2.72106 2.62079,
	2.71763 2.61392,
	2.71677 2.60706,
	"/>
</Transform>

<Transform dim="0"
 xcoef=" 0 1 0 0 0 0"
 ycoef=" 0 0 1 0 0 0">
<Contour name="Ea5(ER)" hidden="false" closed="true" simplified="true" border="0 0.882 0.882" fill="0.502 1 1" mode="9"
 points="2.81462 2.54011,
	2.81977 2.52637,
	2.83265 2.51264,
	2.86011 2.48946,
	2.87385 2.48002,
	2.88071 2.47659,
	2.88415 2.47573,
	2.90904 2.44826,
	2.91591 2.44139,
	2.91848 2.43796,
	2.91934 2.4371,
	2.92363 2.43538,
	2.92535 2.43453,
	2.92878 2.43453,
	2.94252 2.43968,
	2.94938 2.44139,
	2.95625 2.4371,
	2.95968 2.43023,
	2.96483 2.42337,
	2.9717 2.42079,
	2.97857 2.42165,
	2.9923 2.4268,
	2.99488 2.43023,
	2.99574 2.4371,
	2.99574 2.44054,
	2.99316 2.4474,
	2.9923 2.45427,
	2.9923 2.4577,
	2.98801 2.46457,
	2.982 2.47144,
	2.95453 2.48603,
	2.94767 2.48775,
	2.93393 2.49547,
	2.9305 2.49805,
	2.92707 2.50405,
	2.92277 2.51779,
	2.92106 2.53152,
	2.91848 2.53839,
	2.91762 2.54182,
	2.90818 2.55556,
	2.89531 2.56929,
	2.8893 2.57616,
	2.88586 2.57873,
	2.87213 2.58131,
	2.87041 2.58131,
	2.86612 2.57444,
	2.86355 2.56757,
	2.86269 2.56071,
	2.86698 2.54697,
	2.86698 2.54526,
	2.86956 2.54182,
	2.87041 2.53496,
	2.8687 2.52809,
	2.8687 2.52465,
	2.86612 2.52122,
	2.85239 2.51693,
	2.85067 2.51607,
	2.8438 2.5195,
	2.83694 2.52465,
	2.82835 2.53839,
	2.82406 2.54526,
	2.82149 2.54869,
	2.81805 2.54783,
	2.81462 2.54096,
	"/>
</Transform>

<Transform dim="0"
 xcoef=" 0 1 0 0 0 0"
 ycoef=" 0 0 1 0 0 0">
<Contour name="Ea5(ER)" hidden="false" closed="true" simplified="true" border="0 0.882 0.882" fill="0.502 1 1" mode="9"
 points="3.12535 2.32537,
	3.12568 2.32004,
	3.12701 2.31472,
	3.13067 2.30408,
	3.132 2.29875,
	3.13333 2.28811,
	3.13333 2.28544,
	3.13466 2.28012,
	3.13533 2.27746,
	3.14065 2.27214,
	3.1513 2.26648,
	3.15396 2.26548,
	3.15862 2.26082,
	3.16128 2.2585,
	3.17193 2.25184,
	3.17459 2.25118,
	3.17991 2.24752,
	3.18257 2.24552,
	3.18856 2.23521,
	3.18989 2.23254,
	3.19422 2.22722,
	3.20187 2.21658,
	3.2042 2.21391,
	3.20919 2.20992,
	3.21983 2.20526,
	3.22516 2.2026,
	3.23048 2.20094,
	3.2358 2.19794,
	3.23847 2.19595,
	3.24579 2.1853,
	3.2561 2.17599,
	3.26142 2.17199,
	3.26408 2.17,
	3.26841 2.16467,
	3.26941 2.16334,
	3.28005 2.15802,
	3.2907 2.15436,
	3.30135 2.15403,
	3.30667 2.15403,
	3.30933 2.15403,
	3.31998 2.15037,
	3.3253 2.14704,
	3.33029 2.14172,
	3.33362 2.13639,
	3.33761 2.12575,
	3.33894 2.12309,
	3.3446 2.10179,
	3.35325 2.09115,
	3.35691 2.08582,
	3.36256 2.07518,
	3.36389 2.07252,
	3.36423 2.06187,
	3.36423 2.05655,
	3.36456 2.05389,
	3.36456 2.05255,
	3.36722 2.04723,
	3.36855 2.04457,
	3.37354 2.03925,
	3.38419 2.03392,
	3.38685 2.03226,
	3.39217 2.02794,
	3.3975 2.02494,
	3.40282 2.02294,
	3.40814 2.02195,
	3.4108 2.02128,
	3.42145 2.02228,
	3.42677 2.02494,
	3.4321 2.02927,
	3.44108 2.03991,
	3.44308 2.04257,
	3.44607 2.05322,
	3.44707 2.05854,
	3.4474 2.06387,
	3.4464 2.06919,
	3.44474 2.07451,
	3.43809 2.08516,
	3.43609 2.08782,
	3.43343 2.09314,
	3.43243 2.09581,
	3.43176 2.09714,
	3.4311 2.10778,
	3.43343 2.11311,
	3.43476 2.11577,
	3.43542 2.1171,
	3.43975 2.12242,
	3.44108 2.12508,
	3.44174 2.12774,
	3.44241 2.12908,
	3.44208 2.1344,
	3.44075 2.13972,
	3.44075 2.14072,
	3.43942 2.14205,
	3.43809 2.14205,
	3.43742 2.14205,
	3.43576 2.14139,
	3.43043 2.13706,
	3.42777 2.13573,
	3.42711 2.1354,
	3.42178 2.13906,
	3.41912 2.14105,
	3.40947 2.1517,
	3.40681 2.15436,
	3.40282 2.15968,
	3.3965 2.17033,
	3.39251 2.17565,
	3.38718 2.17965,
	3.38452 2.18098,
	3.37387 2.18297,
	3.37254 2.18331,
	3.36755 2.18863,
	3.36489 2.19062,
	3.36356 2.19196,
	3.35291 2.19628,
	3.34227 2.19828,
	3.33162 2.19928,
	3.3263 2.19961,
	3.30501 2.20992,
	3.29968 2.21258,
	3.28904 2.21558,
	3.27839 2.21757,
	3.27307 2.21857,
	3.27174 2.21857,
	3.26109 2.22389,
	3.25976 2.22489,
	3.25909 2.22523,
	3.25676 2.23587,
	3.2561 2.23853,
	3.2561 2.2392,
	3.25078 2.24319,
	3.24944 2.24419,
	3.24878 2.24485,
	3.24346 2.24452,
	3.23813 2.24219,
	3.23281 2.23887,
	3.22749 2.2412,
	3.22483 2.24253,
	3.22183 2.24785,
	3.21817 2.2585,
	3.21717 2.26116,
	3.21684 2.26249,
	3.20619 2.2718,
	3.20087 2.27513,
	3.19821 2.27713,
	3.19322 2.28245,
	3.18557 2.2931,
	3.18157 2.29842,
	3.17692 2.30374,
	3.17392 2.30907,
	3.17226 2.31173,
	3.16161 2.32237,
	3.15363 2.33302,
	3.15097 2.33535,
	3.14564 2.33868,
	3.14032 2.34001,
	3.13766 2.34067,
	3.13633 2.341,
	3.131 2.33934,
	3.12834 2.33768,
	3.12635 2.33502,
	3.12568 2.33435,
	3.12535 2.32903,
	3.12535 2.32637,
	3.12535 2.3257,
	"/>
</Transform>

<Transform dim="0"
 xcoef=" 0 1 0 0 0 0"
 ycoef=" 0 0 1 0 0 0">
<Contour name="Ea5(ER)" hidden="false" closed="true" simplified="true" border="0 0.882 0.882" fill="0.502 1 1" mode="9"
 points="2.61963 2.83812,
	2.62171 2.82703,
	2.6224 2.82426,
	2.62794 2.82287,
	2.63072 2.82218,
	2.6418 2.82634,
	2.64458 2.82842,
	2.64666 2.83257,
	2.64804 2.84366,
	2.64804 2.85475,
	2.64735 2.8603,
	2.64527 2.86584,
	2.64458 2.87693,
	2.6425 2.88802,
	2.63765 2.89287,
	2.63695 2.89356,
	2.63349 2.89772,
	2.6321 2.89772,
	2.62933 2.89911,
	2.62517 2.89426,
	2.6224 2.8499,
	2.61963 2.83881,
	"/>
</Transform>

<Transform dim="0"
 xcoef=" 0 1 0 0 0 0"
 ycoef=" 0 0 1 0 0 0">
<Contour name="Ea5(mito1)" hidden="false" closed="true" simplified="true" border="0 0 1" fill="0 0 1" mode="9"
 points="2.57564 3.59878,
	2.57769 3.56602,
	2.58383 3.54963,
	2.58588 3.54554,
	2.59407 3.53939,
	2.59509 3.5312,
	2.59612 3.52711,
	2.59305 3.51072,
	2.591 3.50253,
	2.58997 3.49844,
	2.59509 3.48205,
	2.59612 3.47796,
	2.59407 3.46976,
	2.59509 3.46567,
	2.62069 3.4329,
	2.62889 3.42471,
	2.63708 3.42061,
	2.64527 3.41857,
	2.64936 3.41754,
	2.65756 3.41037,
	2.66165 3.40628,
	2.66677 3.39809,
	2.67496 3.3899,
	2.67599 3.38785,
	2.68316 3.3817,
	2.69032 3.37351,
	2.69442 3.36532,
	2.69647 3.34894,
	2.68316 3.31617,
	2.67701 3.29979,
	2.67292 3.2834,
	2.6596 3.25064,
	2.65346 3.23425,
	2.65244 3.20149,
	2.65039 3.1851,
	2.64834 3.18101,
	2.634 3.16462,
	2.62684 3.15643,
	2.61762 3.14005,
	2.61557 3.13186,
	2.59817 3.09909,
	2.59612 3.08271,
	2.59714 3.04994,
	2.60021 3.03355,
	2.60226 3.02536,
	2.60943 3.00898,
	2.61148 3.00488,
	2.6125 2.9885,
	2.61148 2.97212,
	2.61045 2.96392,
	2.61148 2.96085,
	2.62786 2.95266,
	2.63196 2.95061,
	2.634 2.94959,
	2.65039 2.95471,
	2.65448 2.95676,
	2.6678 2.97314,
	2.67496 2.98952,
	2.67906 3.00591,
	2.68111 3.0141,
	2.68828 3.03048,
	2.6934 3.04687,
	2.69544 3.05506,
	2.69544 3.05915,
	2.72923 3.12469,
	2.73128 3.13288,
	2.72923 3.14926,
	2.72923 3.16565,
	2.7364 3.18203,
	2.74562 3.19841,
	2.75279 3.20661,
	2.75688 3.2107,
	2.76405 3.22708,
	2.77326 3.25985,
	2.77634 3.27624,
	2.77326 3.309,
	2.76302 3.37454,
	2.75791 3.4073,
	2.75586 3.41549,
	2.762 3.43188,
	2.77838 3.46465,
	2.78146 3.47284,
	2.78248 3.47693,
	2.78043 3.49332,
	2.77838 3.50151,
	2.77838 3.5056,
	2.76098 3.53837,
	2.75176 3.55475,
	2.73538 3.56909,
	2.71899 3.57933,
	2.70363 3.59571,
	2.69851 3.6039,
	2.69544 3.608,
	2.69135 3.62438,
	2.69032 3.64077,
	2.68828 3.64896,
	2.68316 3.65715,
	2.68111 3.66125,
	2.67906 3.66329,
	2.66268 3.65818,
	2.65756 3.64998,
	2.65448 3.6336,
	2.65346 3.61722,
	2.65244 3.61312,
	2.63605 3.60186,
	2.634 3.59981,
	2.61762 3.59571,
	2.60124 3.59878,
	2.59919 3.60698,
	2.59817 3.61107,
	2.58997 3.6121,
	2.58178 3.61107,
	2.57769 3.61005,
	2.57564 3.60902,
	2.57564 3.60083,
	2.57564 3.59981,
	"/>
</Transform>

<Transform dim="0"
 xcoef=" 0 1 0 0 0 0"
 ycoef=" 0 0 1 0 0 0">
<Contour name="Ea5(mito3)" hidden="false" closed="true" simplified="true" border="0 0 1" fill="0 0 1" mode="9"
 points="3.12475 1.94347,
	3.12865 1.93827,
	3.12995 1.93567,
	3.12865 1.93437,
	3.1306 1.93177,
	3.13125 1.92917,
	3.1319 1.92852,
	3.13255 1.92917,
	3.14035 1.91878,
	3.16114 1.89863,
	3.17154 1.88889,
	3.19233 1.87849,
	3.20273 1.87329,
	3.21312 1.86615,
	3.22287 1.8564,
	3.23002 1.846,
	3.23392 1.8408,
	3.23717 1.83041,
	3.23782 1.82001,
	3.23782 1.81481,
	3.23522 1.80442,
	3.23392 1.79922,
	3.23392 1.77843,
	3.23457 1.76803,
	3.24301 1.72644,
	3.25016 1.70565,
	3.25406 1.69526,
	3.26641 1.67446,
	3.27225 1.66407,
	3.27615 1.65887,
	3.2807 1.64847,
	3.2898 1.63808,
	3.30019 1.63288,
	3.30539 1.63028,
	3.31579 1.62703,
	3.33658 1.63028,
	3.34178 1.63158,
	3.34698 1.63418,
	3.35218 1.63808,
	3.35477 1.63938,
	3.35932 1.64457,
	3.36582 1.65497,
	3.36907 1.66537,
	3.37037 1.67056,
	3.37102 1.68096,
	3.37167 1.68616,
	3.36452 1.72774,
	3.35997 1.74854,
	3.35153 1.76933,
	3.33658 1.79012,
	3.31579 1.80962,
	3.29694 1.83041,
	3.2872 1.8408,
	3.27095 1.8616,
	3.26251 1.87199,
	3.25861 1.87719,
	3.24821 1.88304,
	3.23782 1.89019,
	3.23522 1.89149,
	3.22547 1.91228,
	3.21312 1.93307,
	3.19948 1.95387,
	3.19168 1.96426,
	3.18713 1.96881,
	3.17674 1.97531,
	3.16634 1.97661,
	3.15594 1.97596,
	3.15075 1.97531,
	3.14815 1.97531,
	3.14555 1.97401,
	3.13515 1.96556,
	3.128 1.95516,
	3.12605 1.95257,
	3.1254 1.94737,
	3.12475 1.94477,
	3.12475 1.94412,
	"/>
</Transform>

<Transform dim="0"
 xcoef=" 0 1 0 0 0 0"
 ycoef=" 0 0 1 0 0 0">
<Contour name="Ea2(ER)" hidden="false" closed="true" simplified="true" border="0.607843 0.768627 0.956863" fill="0.733333 0.752941 0.94902" mode="9"
 points="0.154358 -0.654099,
	0.161601 -0.657721,
	0.162054 -0.658173,
	0.169296 -0.651836,
	0.175181 -0.644593,
	0.18016 -0.637351,
	0.183329 -0.630108,
	0.185592 -0.626487,
	0.191477 -0.619244,
	0.199172 -0.604759,
	0.203246 -0.597516,
	0.208225 -0.590274,
	0.211847 -0.583031,
	0.21411 -0.57941,
	0.216826 -0.572167,
	0.217731 -0.564925,
	0.2209 -0.557682,
	0.228595 -0.543197,
	0.231764 -0.535954,
	0.234027 -0.532333,
	0.240817 -0.52509,
	0.242175 -0.52328,
	0.243081 -0.519658,
	0.239007 -0.512416,
	0.235385 -0.511058,
	0.23448 -0.510605,
	0.227237 -0.516037,
	0.224069 -0.518753,
	0.216373 -0.533238,
	0.211847 -0.540481,
	0.210036 -0.544102,
	0.205057 -0.551345,
	0.199172 -0.558587,
	0.196003 -0.562209,
	0.19193 -0.569451,
	0.188761 -0.576694,
	0.184234 -0.591179,
	0.170654 -0.62015,
	0.168844 -0.623771,
	0.162959 -0.631014,
	0.161148 -0.632824,
	0.157074 -0.640067,
	0.155716 -0.647309,
	0.154811 -0.650931,
	0.154811 -0.652741,
	0.154358 -0.653647,
	"/>
</Transform>

<Transform dim="0"
 xcoef=" 0 1 0 0 0 0"
 ycoef=" 0 0 1 0 0 0">
<Contour name="Ea2" hidden="false" closed="true" simplified="true" border="0.984314 0.207843 0.0156863" fill="1 1 0.690196" mode="9"
 points="0.0712275 -0.643026,
	0.0850772 -0.674682,
	0.0890343 -0.682596,
	0.101895 -0.698425,
	0.112777 -0.714253,
	0.117723 -0.74591,
	0.117723 -0.753824,
	0.118712 -0.757781,
	0.131573 -0.773609,
	0.134541 -0.777566,
	0.138498 -0.779545,
	0.141466 -0.771631,
	0.146412 -0.763717,
	0.153337 -0.755802,
	0.157294 -0.751845,
	0.161251 -0.743931,
	0.192908 -0.721178,
	0.209725 -0.689521,
	0.21665 -0.673693,
	0.218629 -0.669736,
	0.245339 -0.638079,
	0.252264 -0.630165,
	0.270071 -0.598508,
	0.275017 -0.590594,
	0.280953 -0.574766,
	0.282931 -0.558938,
	0.283921 -0.551024,
	0.28491 -0.547066,
	0.28491 -0.545088,
	0.300738 -0.536184,
	0.309642 -0.520356,
	0.316566 -0.504528,
	0.318545 -0.496614,
	0.328438 -0.480785,
	0.335363 -0.464957,
	0.336352 -0.461,
	0.357127 -0.429343,
	0.365041 -0.413515,
	0.37889 -0.397687,
	0.387794 -0.381858,
	0.394719 -0.36603,
	0.398676 -0.358116,
	0.404612 -0.350202,
	0.409558 -0.334373,
	0.416483 -0.328438,
	0.432311 -0.319534,
	0.463968 -0.289856,
	0.494635 -0.263146,
	0.507496 -0.247318,
	0.51541 -0.240393,
	0.523324 -0.224564,
	0.534206 -0.208736,
	0.540142 -0.200822,
	0.556959 -0.169165,
	0.564873 -0.153337,
	0.570809 -0.137509,
	0.571798 -0.129594,
	0.586637 -0.0979378,
	0.593562 -0.0821094,
	0.597519 -0.0662811,
	0.603455 -0.0504528,
	0.618294 -0.0187961,
	0.627197 -0.00296781,
	0.632144 0.00494635,
	0.645004 0.0207747,
	0.647972 0.0247318,
	0.652918 0.0405601,
	0.65094 0.0445172,
	0.643026 0.0524313,
	0.635111 0.0573777,
	0.631154 0.0593562,
	0.599498 0.0613348,
	0.583669 0.0593562,
	0.575755 0.0563884,
	0.559927 0.0455064,
	0.52827 0.0346245,
	0.512442 0.0267103,
	0.496614 0.0118712,
	0.488699 0.00395708,
	0.471882 -0.0276996,
	0.467925 -0.0356137,
	0.457043 -0.0514421,
	0.449129 -0.0583669,
	0.417472 -0.0771631,
	0.409558 -0.0811202,
	0.396697 -0.0959592,
	0.39373 -0.0999163,
	0.391751 -0.10783,
	0.391751 -0.115745,
	0.390762 -0.117723,
	0.398676 -0.14938,
	0.403622 -0.165208,
	0.400654 -0.173122,
	0.385815 -0.184004,
	0.377901 -0.188951,
	0.369987 -0.191918,
	0.36603 -0.193897,
	0.334373 -0.196865,
	0.326459 -0.196865,
	0.310631 -0.20379,
	0.302717 -0.207747,
	0.286888 -0.223575,
	0.278974 -0.231489,
	0.270071 -0.247318,
	0.255232 -0.278974,
	0.232478 -0.310631,
	0.227532 -0.318545,
	0.225554 -0.334373,
	0.224564 -0.342287,
	0.213682 -0.358116,
	0.207747 -0.36603,
	0.198843 -0.381858,
	0.185983 -0.397687,
	0.179058 -0.413515,
	0.177079 -0.421429,
	0.175101 -0.425386,
	0.177079 -0.429343,
	0.175101 -0.445172,
	0.174112 -0.453086,
	0.144433 -0.484742,
	0.112777 -0.516399,
	0.105852 -0.524313,
	0.0979378 -0.540142,
	0.0949699 -0.548056,
	0.0929914 -0.552013,
	0.0920021 -0.567841,
	0.0811202 -0.599498,
	0.0761738 -0.615326,
	0.0741953 -0.619283,
	0.0722167 -0.635111,
	0.0712275 -0.642036,
	"/>
</Transform>

<Transform dim="0"
 xcoef=" 0 1 0 0 0 0"
 ycoef=" 0 0 1 0 0 0">
<Contour name="Ea2(ER)" hidden="false" closed="true" simplified="true" border="0.607843 0.768627 0.956863" fill="0.733333 0.752941 0.94902" mode="9"
 points="0.313449 -0.42572,
	0.317328 -0.433479,
	0.319753 -0.437359,
	0.323633 -0.440268,
	0.327512 -0.442208,
	0.329452 -0.441723,
	0.333331 -0.437844,
	0.338181 -0.430085,
	0.34109 -0.426205,
	0.344485 -0.418446,
	0.345455 -0.410687,
	0.34497 -0.406808,
	0.348364 -0.399049,
	0.349334 -0.39129,
	0.353214 -0.383531,
	0.354184 -0.381591,
	0.361943 -0.374802,
	0.368247 -0.367043,
	0.376006 -0.362678,
	0.379885 -0.361224,
	0.381825 -0.362193,
	0.389584 -0.358314,
	0.400253 -0.342796,
	0.401707 -0.338917,
	0.397828 -0.331158,
	0.395403 -0.327278,
	0.387644 -0.320974,
	0.379885 -0.316125,
	0.372126 -0.31273,
	0.371156 -0.311275,
	0.371641 -0.307396,
	0.374066 -0.299637,
	0.373581 -0.291878,
	0.373096 -0.290908,
	0.375521 -0.287028,
	0.378915 -0.283149,
	0.380855 -0.281209,
	0.382795 -0.280239,
	0.38425 -0.278299,
	0.38522 -0.27442,
	0.38425 -0.27054,
	0.381825 -0.266661,
	0.38037 -0.264721,
	0.379885 -0.260842,
	0.38037 -0.256962,
	0.380855 -0.255023,
	0.387159 -0.247264,
	0.388614 -0.245324,
	0.388614 -0.241444,
	0.388614 -0.239505,
	0.388614 -0.238535,
	0.388129 -0.236595,
	0.380855 -0.228836,
	0.377461 -0.225441,
	0.373096 -0.217682,
	0.369702 -0.213803,
	0.365822 -0.211378,
	0.358063 -0.209923,
	0.342545 -0.214288,
	0.341575 -0.214773,
	0.34012 -0.222532,
	0.34303 -0.230291,
	0.34497 -0.23417,
	0.352729 -0.240959,
	0.360488 -0.248718,
	0.364367 -0.256477,
	0.362912 -0.264236,
	0.357578 -0.271995,
	0.355153 -0.275875,
	0.354184 -0.277815,
	0.353699 -0.278299,
	0.355638 -0.282179,
	0.359518 -0.285089,
	0.361943 -0.288968,
	0.362912 -0.296727,
	0.363397 -0.300607,
	0.361943 -0.308366,
	0.360488 -0.312245,
	0.352729 -0.319519,
	0.348849 -0.322914,
	0.333331 -0.35395,
	0.327512 -0.369468,
	0.325572 -0.384985,
	0.325087 -0.388865,
	0.319753 -0.404383,
	0.316359 -0.412142,
	0.313934 -0.419901,
	0.313449 -0.42378,
	0.313449 -0.425235,
	"/>
</Transform>

<Transform dim="0"
 xcoef=" 0 1 0 0 0 0"
 ycoef=" 0 0 1 0 0 0">
<Contour name="Ea1" hidden="false" closed="true" simplified="true" border="0.984314 0.207843 0.0156863" fill="1 1 0.690196" mode="9"
 points="2.16836 2.06887,
	2.1777 2.06187,
	2.18354 2.05253,
	2.19054 2.03385,
	2.19288 2.02451,
	2.20222 2.01634,
	2.2209 2.0105,
	2.23958 1.99999,
	2.25475 1.98131,
	2.26409 1.96263,
	2.26876 1.94395,
	2.26993 1.93461,
	2.27227 1.92994,
	2.27694 1.92761,
	2.27927 1.92644,
	2.31663 1.94162,
	2.32597 1.94629,
	2.34465 1.9638,
	2.35399 1.9708,
	2.42871 2.00816,
	2.43338 2.0105,
	2.43571 2.01867,
	2.43104 2.02101,
	2.4217 2.01984,
	2.41236 2.01634,
	2.40886 2.014,
	2.3715 2.014,
	2.36683 2.01517,
	2.3645 2.0175,
	2.36216 2.0175,
	2.35983 2.02684,
	2.35983 2.03618,
	2.35749 2.04552,
	2.35632 2.05019,
	2.35866 2.06887,
	2.35866 2.07821,
	2.37617 2.11557,
	2.39602 2.15293,
	2.40069 2.16227,
	2.40185 2.17161,
	2.39485 2.18095,
	2.38551 2.18679,
	2.36683 2.18912,
	2.35749 2.19146,
	2.35282 2.19146,
	2.33414 2.2008,
	2.29678 2.23582,
	2.28744 2.24399,
	2.26876 2.25216,
	2.25942 2.25567,
	2.22206 2.23815,
	2.20339 2.22181,
	2.19405 2.20313,
	2.18938 2.19379,
	2.18354 2.17511,
	2.1812 2.15643,
	2.16603 2.11907,
	2.16252 2.10973,
	2.16136 2.10039,
	2.16369 2.08171,
	2.16719 2.07237,
	2.16719 2.07004,
	"/>
</Transform>

<Transform dim="0"
 xcoef=" 0 1 0 0 0 0"
 ycoef=" 0 0 1 0 0 0">
<Contour name="Ea5(AZ1)" hidden="false" closed="true" simplified="true" border="1 0.501961 0.752941" fill="1 0.501961 1" mode="9"
 points="3.12784 1.57437,
	3.14177 1.56044,
	3.15483 1.54825,
	3.16354 1.53431,
	3.16964 1.52038,
	3.17312 1.51341,
	3.18705 1.50035,
	3.19402 1.49426,
	3.19924 1.48729,
	3.20186 1.48468,
	3.22972 1.50906,
	3.23059 1.50993,
	3.22537 1.5169,
	3.21143 1.52909,
	3.20447 1.53605,
	3.19924 1.54302,
	3.19663 1.5465,
	3.19228 1.56044,
	3.18357 1.57437,
	3.16964 1.5883,
	3.1557 1.59788,
	3.14874 1.60223,
	3.14787 1.6031,
	3.12871 1.57524,
	"/>
</Transform>

<Transform dim="0"
 xcoef=" 0 1 0 0 0 0"
 ycoef=" 0 0 1 0 0 0">
<Contour name="Ea5" hidden="false" closed="true" simplified="true" border="0.984314 0.207843 0.0156863" fill="1 1 0.690196" mode="9"
 points="2.399 3.50663,
	2.41032 3.47876,
	2.41293 3.4509,
	2.4199 3.43697,
	2.42425 3.42303,
	2.42599 3.41607,
	2.42512 3.40213,
	2.42425 3.39517,
	2.41902 3.38124,
	2.41554 3.3673,
	2.41467 3.36034,
	2.41728 3.3464,
	2.43034 3.31854,
	2.4347 3.30461,
	2.43905 3.27674,
	2.44079 3.26281,
	2.44166 3.25584,
	2.43818 3.22798,
	2.43644 3.21405,
	2.43905 3.20011,
	2.44079 3.19315,
	2.45299 3.16528,
	2.45386 3.1618,
	2.44863 3.13393,
	2.44602 3.10607,
	2.44428 3.09214,
	2.44515 3.06427,
	2.44428 3.03641,
	2.44166 3.00854,
	2.43557 2.98068,
	2.43034 2.96674,
	2.42686 2.95281,
	2.42425 2.94585,
	2.42338 2.94236,
	2.42512 2.9354,
	2.4286 2.92843,
	2.43557 2.92408,
	2.44254 2.92146,
	2.44602 2.92059,
	2.50175 2.88576,
	2.55748 2.85354,
	2.56444 2.84919,
	2.57751 2.837,
	2.58186 2.83003,
	2.58621 2.8161,
	2.58447 2.80217,
	2.5836 2.7952,
	2.57751 2.78127,
	2.56357 2.76821,
	2.53571 2.75166,
	2.52178 2.74383,
	2.50784 2.73425,
	2.49652 2.72119,
	2.48085 2.69332,
	2.47475 2.67939,
	2.4704 2.66546,
	2.46866 2.65849,
	2.46779 2.65501,
	2.47301 2.64107,
	2.50175 2.58534,
	2.51655 2.55748,
	2.53397 2.52961,
	2.54964 2.50175,
	2.55748 2.48782,
	2.60189 2.43209,
	2.61582 2.42077,
	2.62279 2.41554,
	2.63672 2.40248,
	2.66458 2.38158,
	2.66807 2.37984,
	2.67678 2.36591,
	2.67852 2.36417,
	2.67765 2.36242,
	2.69332 2.33456,
	2.70029 2.30669,
	2.70377 2.29276,
	2.70638 2.2858,
	2.71074 2.27883,
	2.73773 2.25096,
	2.74905 2.23703,
	2.76298 2.22832,
	2.77691 2.22136,
	2.79085 2.21962,
	2.79781 2.21962,
	2.80478 2.21787,
	2.81871 2.21178,
	2.83264 2.20743,
	2.84658 2.19959,
	2.87357 2.17172,
	2.87967 2.16476,
	2.88315 2.16127,
	2.88925 2.14734,
	2.89273 2.14038,
	2.90231 2.12644,
	2.91363 2.11338,
	2.92756 2.10729,
	2.94149 2.1038,
	2.94846 2.10206,
	2.95194 2.10119,
	2.95542 2.09858,
	2.96936 2.09684,
	2.98329 2.09074,
	2.99026 2.08639,
	2.99461 2.07942,
	3.0068 2.05156,
	3.01028 2.04459,
	3.01464 2.01672,
	3.01551 2.00279,
	3.02073 1.98886,
	3.02335 1.97493,
	3.02509 1.94706,
	3.02509 1.93313,
	3.02073 1.90526,
	3.01464 1.89133,
	3.01028 1.8774,
	3.00941 1.86347,
	3.01551 1.84954,
	3.02422 1.8356,
	3.02683 1.83212,
	3.02857 1.82515,
	3.02944 1.76942,
	3.03031 1.75549,
	3.03205 1.75201,
	3.03292 1.73808,
	3.03815 1.71021,
	3.05208 1.68235,
	3.06079 1.66841,
	3.08778 1.64142,
	3.14351 1.59527,
	3.17138 1.56914,
	3.18531 1.55608,
	3.18879 1.54912,
	3.19315 1.53518,
	3.19663 1.52822,
	3.19837 1.52473,
	3.2123 1.51603,
	3.21927 1.51167,
	3.22537 1.50558,
	3.24452 1.47771,
	3.25149 1.46378,
	3.25584 1.45681,
	3.28284 1.44114,
	3.29677 1.43417,
	3.30287 1.42982,
	3.3168 1.43766,
	3.32376 1.44114,
	3.35163 1.46204,
	3.36556 1.47249,
	3.3882 1.50035,
	3.39865 1.51429,
	3.40301 1.52038,
	3.43087 1.53693,
	3.4866 1.56305,
	3.49357 1.56566,
	3.49705 1.5674,
	3.51098 1.57959,
	3.51795 1.58569,
	3.53362 1.61355,
	3.54407 1.62749,
	3.5493 1.63445,
	3.55191 1.64142,
	3.55713 1.66928,
	3.55975 1.68322,
	3.55191 1.73895,
	3.54843 1.76681,
	3.54843 1.77378,
	3.54233 1.78771,
	3.54059 1.79468,
	3.54755 1.85041,
	3.55365 1.87827,
	3.56149 1.90614,
	3.56758 1.934,
	3.56323 1.98973,
	3.55975 2.0176,
	3.558 2.03153,
	3.558 2.03849,
	3.558 2.04198,
	3.54407 2.06984,
	3.53711 2.08377,
	3.5284 2.09771,
	3.52404 2.10467,
	3.50227 2.13254,
	3.49095 2.14647,
	3.48573 2.15344,
	3.45786 2.17695,
	3.44393 2.18304,
	3.43697 2.18653,
	3.42303 2.19088,
	3.4091 2.20046,
	3.38124 2.21613,
	3.3673 2.22223,
	3.35337 2.22484,
	3.29764 2.25271,
	3.28371 2.26054,
	3.25584 2.28492,
	3.22798 2.31105,
	3.20011 2.33891,
	3.18618 2.35197,
	3.17399 2.36591,
	3.17051 2.36939,
	3.15657 2.39726,
	3.14525 2.41119,
	3.11826 2.43818,
	3.09475 2.46605,
	3.06688 2.49304,
	3.05295 2.5061,
	2.99722 2.53571,
	2.99374 2.53745,
	2.98155 2.55138,
	2.97545 2.55835,
	2.96152 2.56793,
	2.94759 2.57489,
	2.94062 2.57925,
	2.91798 2.60711,
	2.90579 2.62017,
	2.89882 2.62279,
	2.88489 2.6254,
	2.88141 2.6254,
	2.85354 2.63846,
	2.82568 2.65326,
	2.81175 2.6611,
	2.78911 2.6881,
	2.77517 2.70203,
	2.74731 2.72728,
	2.74034 2.73338,
	2.73338 2.73773,
	2.72728 2.74383,
	2.71161 2.77169,
	2.7029 2.78562,
	2.69942 2.79259,
	2.69767 2.79956,
	2.69158 2.81349,
	2.6881 2.82742,
	2.6881 2.83439,
	2.69158 2.84832,
	2.69245 2.8518,
	2.70203 2.86573,
	2.71335 2.87967,
	2.72293 2.8936,
	2.72815 2.90057,
	2.73163 2.90753,
	2.73599 2.92146,
	2.73947 2.94933,
	2.75079 3.00506,
	2.75515 3.03292,
	2.75602 3.03989,
	2.78301 3.09562,
	2.78649 3.10955,
	2.78998 3.13742,
	2.79085 3.14438,
	2.78998 3.14787,
	2.79781 3.17573,
	2.82481 3.23146,
	2.82742 3.23843,
	2.82916 3.24191,
	2.85267 3.26978,
	2.85964 3.28371,
	2.86225 3.29067,
	2.86399 3.29416,
	2.86486 3.30112,
	2.86399 3.30809,
	2.86573 3.32202,
	2.86922 3.33596,
	2.8788 3.36382,
	2.88315 3.37775,
	2.88576 3.39168,
	2.8875 3.39865,
	2.8875 3.40562,
	2.88837 3.4091,
	2.88141 3.43697,
	2.87793 3.4509,
	2.86661 3.47876,
	2.84048 3.53449,
	2.82655 3.56236,
	2.80478 3.61809,
	2.77691 3.67382,
	2.77256 3.68078,
	2.71683 3.7339,
	2.7029 3.74696,
	2.69942 3.75045,
	2.64369 3.77918,
	2.61582 3.79224,
	2.58796 3.80356,
	2.56009 3.8114,
	2.55312 3.80966,
	2.52526 3.7966,
	2.51133 3.78963,
	2.50436 3.78615,
	2.49043 3.77483,
	2.4765 3.7609,
	2.46082 3.73303,
	2.45908 3.72955,
	2.45734 3.72781,
	2.46082 3.72084,
	2.46692 3.71474,
	2.48085 3.70517,
	2.49478 3.69733,
	2.50175 3.69385,
	2.50871 3.68862,
	2.5122 3.68601,
	2.51481 3.67208,
	2.51742 3.64421,
	2.51481 3.61635,
	2.50175 3.60328,
	2.49478 3.59719,
	2.48085 3.59022,
	2.46692 3.58587,
	2.45299 3.58326,
	2.43905 3.57803,
	2.43209 3.57542,
	2.4286 3.57455,
	2.42251 3.56758,
	2.40683 3.53972,
	2.40161 3.52578,
	2.399 3.51882,
	2.39987 3.51185,
	2.399 3.50837,
	2.399 3.5075,
	"/>
</Transform>

<Transform dim="0"
 xcoef=" 0 1 0 0 0 0"
 ycoef=" 0 0 1 0 0 0">
<Contour name="Ed9" hidden="false" closed="true" simplified="true" border="0.541 0.757 0.035" fill="0.502 1 1" mode="9"
 points="3.0014 1.50683,
	3.00712 1.49375,
	3.01611 1.46759,
	3.0202 1.4545,
	3.02592 1.44142,
	3.0341 1.41526,
	3.03982 1.40218,
	3.04391 1.3891,
	3.04636 1.38256,
	3.05127 1.35639,
	3.05372 1.34331,
	3.05454 1.31715,
	3.05454 1.30407,
	3.05699 1.29098,
	3.05699 1.28444,
	3.05945 1.27136,
	3.06026 1.25828,
	3.05945 1.2452,
	3.05781 1.23866,
	3.05454 1.23212,
	3.05291 1.22885,
	3.05045 1.20268,
	3.04964 1.19941,
	3.05291 1.18633,
	3.05536 1.17979,
	3.05699 1.17652,
	3.06353 1.16998,
	3.0668 1.16671,
	3.07989 1.16017,
	3.08643 1.15772,
	3.09297 1.15772,
	3.09951 1.15608,
	3.11259 1.15036,
	3.11913 1.14954,
	3.12567 1.15118,
	3.12894 1.15199,
	3.13548 1.1569,
	3.14856 1.16998,
	3.15756 1.18306,
	3.16165 1.1896,
	3.16819 1.19451,
	3.17146 1.19614,
	3.18372 1.20923,
	3.18863 1.21577,
	3.19108 1.21904,
	3.19926 1.2452,
	3.20334 1.25828,
	3.20907 1.27136,
	3.21152 1.28444,
	3.21234 1.29098,
	3.21724 1.30407,
	3.22133 1.33023,
	3.22705 1.35639,
	3.23523 1.38256,
	3.24177 1.40872,
	3.24422 1.4218,
	3.24177 1.43488,
	3.23032 1.46105,
	3.2246 1.47413,
	3.22133 1.48067,
	3.21152 1.49375,
	3.19926 1.50683,
	3.19271 1.51337,
	3.178 1.53953,
	3.15919 1.5657,
	3.14693 1.57878,
	3.0946 1.62048,
	3.08806 1.62538,
	3.07907 1.63846,
	3.06599 1.64827,
	3.05291 1.64991,
	3.03982 1.64827,
	3.03328 1.64419,
	3.02347 1.63111,
	3.01857 1.60494,
	3.01611 1.57878,
	3.01857 1.55262,
	3.01938 1.53953,
	3.01938 1.53299,
	3.01775 1.52972,
	3.00549 1.51746,
	3.00303 1.51092,
	3.0014 1.50765,
	"/>
</Transform>

<Transform dim="0"
 xcoef=" 0 1 0 0 0 0"
 ycoef=" 0 0 1 0 0 0">
<Contour name="Ed9" hidden="false" closed="true" simplified="true" border="0.541 0.757 0.035" fill="0.502 1 1" mode="9"
 points="1.78082 0.159788,
	1.78467 0.142193,
	1.78906 0.133396,
	1.79126 0.128998,
	1.79236 0.126799,
	1.80116 0.120201,
	1.80556 0.116352,
	1.81436 0.112503,
	1.81875 0.110304,
	1.83635 0.107005,
	1.87154 0.104806,
	1.88913 0.105356,
	1.89353 0.105906,
	1.90233 0.109205,
	1.91992 0.125149,
	1.93367 0.142743,
	1.93916 0.15154,
	1.94246 0.155939,
	1.96116 0.191127,
	1.9771 0.226315,
	1.98095 0.235112,
	1.99085 0.252706,
	1.99525 0.261503,
	2.00844 0.279097,
	2.02603 0.289544,
	2.03043 0.292293,
	2.06562 0.29999,
	2.08322 0.30054,
	2.1184 0.298891,
	2.136 0.298341,
	2.14479 0.297791,
	2.15359 0.296142,
	2.15799 0.295592,
	2.19318 0.280747,
	2.19758 0.277998,
	2.19978 0.276898,
	2.20802 0.268101,
	2.21297 0.259304,
	2.22892 0.24171,
	2.24046 0.224116,
	2.24431 0.219717,
	2.25311 0.214219,
	2.32348 0.195526,
	2.34108 0.193326,
	2.35867 0.192776,
	2.39386 0.18068,
	2.41146 0.174633,
	2.42025 0.172983,
	2.42465 0.172433,
	2.44224 0.164186,
	2.45104 0.158138,
	2.45984 0.15099,
	2.49503 0.116352,
	2.50217 0.107555,
	2.51042 0.089961,
	2.51537 0.0723669,
	2.51922 0.0547728,
	2.51977 0.0371787,
	2.52032 0.0283817,
	2.51867 0.0107876,
	2.51702 0.00199055,
	2.49998 -0.0331976,
	2.49118 -0.0507917,
	2.47963 -0.0859799,
	2.47688 -0.103574,
	2.47523 -0.121168,
	2.47358 -0.129965,
	2.47248 -0.147559,
	2.47139 -0.151958,
	2.47908 -0.169552,
	2.48568 -0.178349,
	2.48898 -0.182747,
	2.49063 -0.184947,
	2.49943 -0.189345,
	2.50822 -0.191544,
	2.52582 -0.199242,
	2.561 -0.216836,
	2.5786 -0.225083,
	2.59619 -0.228382,
	2.60499 -0.229482,
	2.62258 -0.236629,
	2.63138 -0.240478,
	2.64898 -0.245426,
	2.66657 -0.249275,
	2.67537 -0.249825,
	2.71055 -0.248175,
	2.74574 -0.249825,
	2.76334 -0.250375,
	2.78093 -0.253674,
	2.78973 -0.255323,
	2.79413 -0.256423,
	2.8645 -0.252574,
	2.89969 -0.250924,
	2.91729 -0.250375,
	2.92168 -0.249825,
	2.93928 -0.253124,
	2.94807 -0.256423,
	2.96567 -0.266319,
	2.98326 -0.281164,
	2.98766 -0.284463,
	3.00526 -0.29271,
	3.01405 -0.29491,
	3.03165 -0.296559,
	3.04924 -0.297109,
	3.08443 -0.29491,
	3.10202 -0.291611,
	3.11962 -0.286662,
	3.15481 -0.269068,
	3.1724 -0.260271,
	3.1768 -0.256972,
	3.19274 -0.221784,
	3.19549 -0.217386,
	3.20319 -0.208589,
	3.20759 -0.20474,
	3.21638 -0.203091,
	3.23398 -0.201991,
	3.24278 -0.200891,
	3.24717 -0.200891,
	3.25157 -0.203091,
	3.26917 -0.217936,
	3.28401 -0.23553,
	3.29281 -0.242127,
	3.29721 -0.245426,
	3.3148 -0.253674,
	3.3159 -0.254223,
	3.3335 -0.249275,
	3.36868 -0.245976,
	3.38628 -0.245976,
	3.39507 -0.244327,
	3.41267 -0.238279,
	3.42147 -0.23498,
	3.43906 -0.224533,
	3.47425 -0.201991,
	3.47865 -0.198692,
	3.48744 -0.194293,
	3.49624 -0.190995,
	3.53143 -0.182747,
	3.54023 -0.183297,
	3.54462 -0.183847,
	3.56222 -0.193744,
	3.57981 -0.198692,
	3.58201 -0.199242,
	3.59961 -0.195943,
	3.6084 -0.194843,
	3.6128 -0.193744,
	3.6304 -0.197043,
	3.63919 -0.200341,
	3.64359 -0.201991,
	3.64579 -0.203091,
	3.68098 -0.20419,
	3.69857 -0.20419,
	3.70737 -0.20419,
	3.77775 -0.168452,
	3.78654 -0.161305,
	3.80414 -0.151958,
	3.82173 -0.140961,
	3.83933 -0.133264,
	3.84812 -0.131065,
	3.85692 -0.127766,
	3.86572 -0.123367,
	3.87011 -0.121168,
	3.88771 -0.108522,
	3.89651 -0.101925,
	3.9009 -0.0991754,
	3.93609 -0.0672862,
	3.95369 -0.052991,
	3.98723 -0.0178028,
	4.00207 -0.00020871,
	4.01472 0.0173854,
	4.02516 0.0349795,
	4.0576 0.0701676,
	4.09279 0.105356,
	4.09994 0.114153,
	4.10324 0.118551,
	4.12083 0.133396,
	4.12963 0.140544,
	4.14722 0.157588,
	4.15162 0.161987,
	4.16921 0.174083,
	4.18681 0.18233,
	4.222 0.193876,
	4.23079 0.197175,
	4.26598 0.204872,
	4.28358 0.208721,
	4.31876 0.209821,
	4.33636 0.209821,
	4.37155 0.201573,
	4.38914 0.197725,
	4.40673 0.192776,
	4.41553 0.190027,
	4.42433 0.185079,
	4.43313 0.179031,
	4.43533 0.176832,
	4.43972 0.174633,
	4.44192 0.173533,
	4.44302 0.172983,
	4.46062 0.178481,
	4.46941 0.18233,
	4.47821 0.187278,
	4.75972 0.381363,
	4.7949 0.405555,
	4.8037 0.412153,
	4.8081 0.415452,
	4.8092 0.416001,
	4.796 0.433595,
	4.79161 0.437444,
	4.77401 0.446791,
	4.76521 0.452289,
	4.74762 0.465485,
	4.73882 0.471533,
	4.70363 0.491326,
	4.68604 0.498474,
	4.66845 0.503422,
	4.65965 0.506171,
	4.62446 0.512219,
	4.61566 0.514968,
	4.59807 0.523765,
	4.59367 0.526514,
	4.58597 0.535311,
	4.58158 0.53916,
	4.56398 0.548507,
	4.55518 0.554555,
	4.55079 0.557854,
	4.54859 0.559503,
	4.54804 0.560603,
	4.55079 0.5694,
	4.55189 0.573798,
	4.55244 0.575998,
	4.55683 0.579846,
	4.57443 0.580946,
	4.58323 0.582046,
	4.60082 0.590843,
	4.60522 0.593042,
	4.62281 0.610086,
	4.62776 0.618883,
	4.62941 0.636477,
	4.62941 0.654071,
	4.62941 0.662868,
	4.62941 0.667267,
	4.62446 0.684861,
	4.60522 0.720049,
	4.59972 0.728846,
	4.59697 0.733245,
	4.58817 0.741492,
	4.58378 0.745341,
	4.56618 0.754688,
	4.55738 0.756337,
	4.54859 0.756887,
	4.53099 0.755787,
	4.5222 0.755237,
	4.5046 0.751389,
	4.46941 0.740942,
	4.45182 0.733795,
	4.44302 0.729946,
	4.42543 0.727197,
	4.40783 0.725547,
	4.39904 0.723898,
	4.39024 0.721149,
	4.38144 0.7173,
	4.37265 0.712352,
	4.36825 0.709603,
	4.35065 0.692009,
	4.31547 0.664518,
	4.29787 0.647474,
	4.28248 0.62988,
	4.25334 0.594691,
	4.23739 0.577097,
	4.23299 0.573249,
	4.2242 0.5683,
	4.18901 0.558953,
	4.11863 0.578197,
	4.08344 0.584795,
	4.07465 0.586444,
	4.07025 0.586994,
	4.06805 0.587544,
	4.05045 0.582595,
	4.04166 0.578197,
	4.03726 0.575448,
	4.03506 0.574348,
	4.01857 0.556754,
	4.01252 0.547957,
	4.00757 0.512769,
	4.00922 0.495175,
	4.00977 0.490776,
	4.00702 0.473182,
	4.00647 0.468784,
	4.00482 0.464385,
	3.99602 0.459987,
	3.98723 0.457238,
	3.98503 0.456688,
	3.96743 0.461636,
	3.95864 0.464385,
	3.94104 0.472632,
	3.93664 0.474832,
	3.9196 0.492426,
	3.9141 0.51002,
	3.90695 0.545208,
	3.88991 0.580396,
	3.87011 0.615584,
	3.86077 0.633178,
	3.84482 0.668367,
	3.83768 0.685961,
	3.83383 0.703555,
	3.83273 0.707953,
	3.83218 0.709053,
	3.84922 0.744241,
	3.85307 0.753038,
	3.85582 0.761835,
	3.85692 0.766234,
	3.85747 0.768433,
	3.84922 0.786027,
	3.84042 0.793175,
	3.83163 0.798123,
	3.81403 0.803621,
	3.77885 0.808569,
	3.74366 0.802521,
	3.67328 0.783828,
	3.63809 0.773931,
	3.6205 0.770082,
	3.6161 0.768983,
	3.6073 0.771182,
	3.58971 0.771732,
	3.58091 0.772831,
	3.56332 0.781079,
	3.52813 0.790975,
	3.49294 0.797573,
	3.48414 0.798673,
	3.46655 0.804171,
	3.45775 0.80637,
	3.45336 0.80637,
	3.43576 0.811868,
	3.41817 0.812968,
	3.40937 0.812968,
	3.40057 0.814617,
	3.38298 0.814617,
	3.37418 0.815167,
	3.36978 0.816817,
	3.35219 0.817367,
	3.33459 0.825614,
	3.3258 0.830562,
	3.3236 0.831662,
	3.3071 0.849256,
	3.29996 0.858053,
	3.28841 0.875647,
	3.28181 0.884444,
	3.26422 0.898739,
	3.24662 0.908086,
	3.23783 0.911935,
	3.20264 0.922381,
	3.16745 0.930628,
	3.09707 0.942175,
	3.06189 0.948223,
	3.04429 0.950422,
	3.0091 0.943274,
	2.97392 0.933378,
	2.95632 0.931728,
	2.92113 0.930628,
	2.90354 0.930079,
	2.88595 0.931728,
	2.87715 0.932278,
	2.85955 0.935577,
	2.85076 0.937776,
	2.81557 0.939425,
	2.81117 0.939975,
	2.77598 0.933927,
	2.74079 0.915234,
	2.7232 0.904787,
	2.68801 0.886643,
	2.67042 0.878946,
	2.66162 0.873448,
	2.64403 0.868499,
	2.63963 0.86685,
	2.63248 0.858053,
	2.62918 0.853654,
	2.62478 0.850905,
	2.62039 0.847057,
	2.61159 0.842658,
	2.60719 0.841009,
	2.59839 0.839909,
	2.59399 0.838809,
	2.5852 0.838259,
	2.5764 0.83661,
	2.572 0.834961,
	2.55441 0.820665,
	2.55001 0.816267,
	2.54781 0.814068,
	2.53901 0.810219,
	2.52142 0.80692,
	2.51262 0.80637,
	2.50382 0.804721,
	2.49503 0.801972,
	2.47743 0.794274,
	2.44224 0.775031,
	2.42465 0.764584,
	2.42025 0.761835,
	2.41146 0.757986,
	2.40706 0.756887,
	2.40266 0.754688,
	2.39386 0.74644,
	2.37627 0.735994,
	2.36747 0.731046,
	2.35867 0.727197,
	2.34108 0.71675,
	2.33668 0.713451,
	2.32788 0.709603,
	2.32458 0.705204,
	2.32239 0.704105,
	2.31799 0.699706,
	2.31139 0.690909,
	2.31029 0.68871,
	2.30149 0.681012,
	2.29929 0.678813,
	2.29489 0.676064,
	2.2927 0.673865,
	2.2839 0.669466,
	2.2795 0.668367,
	2.26191 0.667817,
	2.25751 0.668916,
	2.25311 0.668916,
	2.25256 0.668916,
	2.24816 0.667267,
	2.24596 0.666717,
	2.24486 0.665068,
	2.24266 0.664518,
	2.24211 0.663418,
	2.24156 0.663418,
	2.23771 0.661219,
	2.23332 0.65682,
	2.22452 0.651322,
	2.18933 0.640326,
	2.17174 0.632629,
	2.16294 0.62823,
	2.14534 0.614485,
	2.12775 0.59799,
	2.11895 0.589743,
	2.11456 0.585894,
	2.10576 0.581496,
	2.10136 0.579297,
	2.09696 0.578197,
	2.06177 0.549057,
	2.05298 0.540809,
	2.02548 0.505621,
	2.01394 0.488027,
	2.00679 0.47923,
	1.9903 0.461636,
	1.9815 0.453389,
	1.9738 0.444592,
	1.96336 0.426998,
	1.95896 0.418201,
	1.95786 0.416001,
	1.94301 0.398407,
	1.92707 0.380813,
	1.91277 0.363219,
	1.90618 0.354422,
	1.89848 0.345625,
	1.89628 0.341227,
	1.88033 0.323632,
	1.85339 0.288444,
	1.8281 0.253256,
	1.81436 0.235662,
	1.80171 0.218068,
	1.79621 0.209271,
	1.79181 0.200474,
	1.78577 0.18288,
	1.78247 0.174083,
	1.78082 0.165286,
	1.78082 0.160887,
	1.78082 0.160337,
	"/>
</Transform>

</Section>