<?xml version="1.0"?>
<!DOCTYPE Section SYSTEM "section.dtd">

<Section index="23" thickness="0.05" alignLocked="true">
<Transform dim="6"
 xcoef=" 0.426665043574825 0.787559379802262 0.421976240711047 0 0 0"
 ycoef=" 2.33173029322894 -0.557891012104046 0.780822459769179 0 0 0">
<Image mag="0.0022159" contrast="1" brightness="0"
 src="R34CA1-B_S12.123.jpg" />
<Contour name="domain1" hidden="false" closed="true" simplified="false" border="1 0 1" fill="1 0 1" mode="11"
 points="0 0,
	4096 0,
	4096 4096,
	0 4096,
	"/>
</Transform>

<Transform dim="0"
 xcoef=" 0 1 0 0 0 0"
 ycoef=" 0 0 1 0 0 0">
<Contour name="Ed1" hidden="false" closed="true" simplified="true" border="0.541176 0.756863 0.0352941" fill="0.501961 1 1" mode="9"
 points="2.33456 2.42885,
	2.33845 2.41111,
	2.34066 2.40223,
	2.34122 2.39779,
	2.33955 2.38892,
	2.33845 2.38448,
	2.33789 2.38226,
	2.34122 2.37339,
	2.34288 2.36895,
	2.34455 2.36673,
	2.35342 2.36119,
	2.35786 2.35786,
	2.37505 2.34011,
	2.3806 2.33123,
	2.38504 2.32236,
	2.3867 2.31792,
	2.38726 2.3157,
	2.39169 2.31293,
	2.40057 2.3096,
	2.41832 2.30794,
	2.42719 2.30683,
	2.43163 2.30628,
	2.4405 2.30128,
	2.4577 2.28353,
	2.46213 2.2791,
	2.46879 2.27022,
	2.47323 2.26634,
	2.4821 2.26246,
	2.49098 2.25968,
	2.4932 2.25913,
	2.51094 2.2436,
	2.51982 2.23639,
	2.52204 2.23472,
	2.53091 2.23306,
	2.53979 2.23251,
	2.54866 2.23084,
	2.5531 2.23029,
	2.56197 2.23084,
	2.56641 2.23195,
	2.57528 2.23639,
	2.59303 2.25081,
	2.60191 2.25913,
	2.61078 2.26079,
	2.62853 2.26246,
	2.63297 2.26246,
	2.64184 2.26412,
	2.65072 2.26689,
	2.65516 2.26745,
	2.66403 2.27078,
	2.67291 2.27577,
	2.67734 2.27854,
	2.67956 2.28076,
	2.68289 2.28964,
	2.684 2.29851,
	2.684 2.30295,
	2.68122 2.31182,
	2.67512 2.3207,
	2.6718 2.32513,
	2.66292 2.33234,
	2.64517 2.34233,
	2.6363 2.34787,
	2.63408 2.34898,
	2.62576 2.35786,
	2.62243 2.3623,
	2.61411 2.38004,
	2.60801 2.39779,
	2.60635 2.40223,
	2.59803 2.41111,
	2.58915 2.41832,
	2.58028 2.42386,
	2.5653 2.44161,
	2.55143 2.45936,
	2.54311 2.46824,
	2.53036 2.48598,
	2.52592 2.49042,
	2.50817 2.50096,
	2.49042 2.51039,
	2.48598 2.51316,
	2.47711 2.51594,
	2.45936 2.51649,
	2.44161 2.51594,
	2.43717 2.51483,
	2.41943 2.51427,
	2.41055 2.51261,
	2.3928 2.51205,
	2.38393 2.51039,
	2.37505 2.50651,
	2.37283 2.5054,
	2.36396 2.50429,
	2.35952 2.50318,
	2.35065 2.49874,
	2.34621 2.49652,
	2.34288 2.49209,
	2.34011 2.48321,
	2.34177 2.46546,
	2.34177 2.45659,
	2.34233 2.45437,
	2.34011 2.44549,
	2.33623 2.43662,
	2.33512 2.43218,
	2.33456 2.42996,
	2.33456 2.42941,
	"/>
</Transform>

<Transform dim="0"
 xcoef=" 0 1 0 0 0 0"
 ycoef=" 0 0 1 0 0 0">
<Contour name="Ed2" hidden="false" closed="true" simplified="true" border="0.541176 0.756863 0.0352941" fill="0.501961 1 1" mode="9"
 points="-0.179295 1.35557,
	-0.174157 1.33502,
	-0.154892 1.29392,
	-0.138196 1.27337,
	-0.127921 1.2631,
	-0.107372 1.24769,
	-0.0970977 1.24255,
	-0.0765484 1.2387,
	-0.03545 1.24126,
	-0.0149008 1.2464,
	-0.00462617 1.24769,
	0.0364723 1.26053,
	0.0467469 1.26181,
	0.0672961 1.25925,
	0.0775707 1.25668,
	0.0878453 1.25025,
	0.0981199 1.24126,
	0.108395 1.23484,
	0.149493 1.22072,
	0.170042 1.21558,
	0.190591 1.21429,
	0.200866 1.20916,
	0.211141 1.20017,
	0.223984 1.17962,
	0.23169 1.15907,
	0.227837 1.11797,
	0.221415 1.09742,
	0.200866 1.05632,
	0.19316 1.01522,
	0.190591 0.994674,
	0.189307 0.984399,
	0.188023 0.979262,
	0.194444 0.938163,
	0.197013 0.917614,
	0.206003 0.897065,
	0.220131 0.8778,
	0.230406 0.872663,
	0.24068 0.870094,
	0.241964 0.86881,
	0.283063 0.889359,
	0.302328 0.909908,
	0.322877 0.927889,
	0.329299 0.938163,
	0.325446 0.958713,
	0.324161 0.999811,
	0.344711 1.04091,
	0.394799 1.12311,
	0.401221 1.13338,
	0.420486 1.15393,
	0.447457 1.19503,
	0.46929 1.23613,
	0.478281 1.2464,
	0.489839 1.26695,
	0.494977 1.27723,
	0.496261 1.2875,
	0.493692 1.30805,
	0.488555 1.3286,
	0.49883 1.34915,
	0.538644 1.37227,
	0.548918 1.37997,
	0.631115 1.46217,
	0.651665 1.48015,
	0.670929 1.5007,
	0.753126 1.54308,
	0.773676 1.56106,
	0.801931 1.60216,
	0.81349 1.62271,
	0.841745 1.66381,
	0.863578 1.70491,
	0.871284 1.71518,
	0.890549 1.73573,
	0.89954 1.746,
	0.920089 1.76142,
	0.927795 1.77169,
	0.938069 1.79224,
	0.941922 1.81279,
	0.95605 1.85389,
	0.963756 1.87444,
	0.96504 1.87957,
	0.961187 1.90012,
	0.96504 1.92067,
	0.975315 1.94122,
	0.992011 1.96177,
	1.00229 1.96819,
	1.02283 1.97461,
	1.03311 1.97718,
	1.04338 1.98489,
	1.06779 2.02599,
	1.08705 2.04268,
	1.09219 2.04654,
	1.11274 2.05167,
	1.12301 2.05167,
	1.12815 2.05167,
	1.1487 2.03369,
	1.15255 2.01314,
	1.15512 2.00287,
	1.17824 1.96177,
	1.18594 1.94122,
	1.20264 1.92067,
	1.22319 1.87957,
	1.22961 1.85903,
	1.25016 1.81793,
	1.2553 1.80765,
	1.27585 1.78839,
	1.2964 1.77683,
	1.30667 1.77169,
	1.31695 1.77041,
	1.33749 1.77169,
	1.34777 1.77298,
	1.38887 1.76655,
	1.39914 1.76527,
	1.40428 1.76527,
	1.41327 1.75499,
	1.4351 1.7139,
	1.44281 1.70362,
	1.48391 1.68179,
	1.50446 1.6728,
	1.52501 1.66638,
	1.53528 1.66124,
	1.55583 1.65482,
	1.5661 1.65353,
	1.58665 1.65482,
	1.62775 1.65096,
	1.66885 1.64454,
	1.70995 1.64069,
	1.7305 1.64326,
	1.7716 1.63684,
	1.78187 1.63427,
	1.82297 1.63941,
	1.82811 1.63941,
	1.86921 1.6561,
	1.88976 1.66766,
	1.90003 1.67408,
	1.91159 1.69463,
	1.92058 1.70362,
	1.96168 1.71518,
	1.98223 1.72032,
	2.14662 1.80123,
	2.16717 1.81407,
	2.17744 1.81921,
	2.17873 1.81793,
	2.189 1.82306,
	2.19414 1.82563,
	2.19928 1.83077,
	2.20185 1.83591,
	2.20313 1.83848,
	2.19799 1.84875,
	2.1813 1.8693,
	2.17616 1.87444,
	2.17102 1.88471,
	2.15047 1.89884,
	2.10937 1.91682,
	2.0991 1.92067,
	2.08883 1.92966,
	2.06828 1.93994,
	2.058 1.94508,
	2.04773 1.96562,
	2.04002 1.9759,
	2.03617 1.98104,
	2.03617 1.98232,
	2.03232 1.98232,
	2.03103 1.98746,
	2.03103 1.98874,
	2.02589 1.99902,
	2.02333 2.00801,
	2.02076 2.01314,
	2.01947 2.05424,
	2.01562 2.06452,
	2.0092 2.07479,
	2.00534 2.07993,
	2.00021 2.10048,
	2.00791 2.12103,
	2.01048 2.1236,
	2.01048 2.12617,
	2.02076 2.13516,
	2.03103 2.14158,
	2.04901 2.16213,
	2.05415 2.1724,
	2.05543 2.19295,
	2.05929 2.2135,
	2.06571 2.23405,
	2.0824 2.2546,
	2.08497 2.25974,
	2.09525 2.26873,
	2.10167 2.279,
	2.10681 2.28285,
	2.12864 2.32395,
	2.13763 2.3445,
	2.14405 2.36505,
	2.14534 2.37019,
	2.14148 2.38046,
	2.13121 2.38817,
	2.11066 2.38945,
	2.09011 2.38688,
	2.08497 2.38431,
	2.07984 2.38431,
	2.03874 2.36762,
	2.02846 2.36633,
	2.02333 2.36377,
	2.01305 2.36248,
	2.00278 2.35863,
	1.98223 2.35478,
	1.97709 2.35221,
	1.93599 2.34835,
	1.92572 2.34579,
	1.88462 2.32652,
	1.86407 2.32524,
	1.85893 2.32524,
	1.85636 2.32524,
	1.84737 2.33551,
	1.84095 2.35606,
	1.83838 2.35863,
	1.82811 2.35991,
	1.78701 2.34322,
	1.74591 2.32267,
	1.73564 2.31625,
	1.69711 2.27515,
	1.67656 2.25588,
	1.65601 2.24175,
	1.61619 2.20066,
	1.59564 2.18139,
	1.51345 2.14286,
	1.4929 2.13259,
	1.4518 2.11717,
	1.43125 2.10947,
	1.4107 2.10433,
	1.39015 2.10176,
	1.34905 2.10305,
	1.3285 2.10176,
	1.30796 2.10305,
	1.26686 2.11204,
	1.22576 2.11589,
	1.18466 2.13259,
	1.14356 2.13901,
	1.10246 2.13901,
	1.08191 2.13644,
	0.999717 2.09277,
	0.979168 2.08892,
	0.968893 2.08764,
	0.948344 2.0902,
	0.907245 2.10562,
	0.886696 2.11589,
	0.845598 2.15057,
	0.825049 2.16598,
	0.805784 2.18653,
	0.795509 2.19423,
	0.754411 2.21478,
	0.733861 2.21992,
	0.713312 2.22249,
	0.692763 2.22891,
	0.682488 2.23405,
	0.64139 2.24304,
	0.636253 2.24432,
	0.615703 2.23919,
	0.595154 2.22763,
	0.58488 2.22121,
	0.56433 2.20066,
	0.559193 2.19552,
	0.534791 2.15442,
	0.493692 2.11589,
	0.475712 2.09534,
	0.465437 2.08507,
	0.45131 2.06452,
	0.439751 2.04397,
	0.432045 2.03369,
	0.390946 2.00287,
	0.370397 1.98617,
	0.360122 1.9759,
	0.328014 1.9348,
	0.298475 1.8937,
	0.292053 1.88343,
	0.256092 1.84233,
	0.236827 1.82178,
	0.227837 1.81151,
	0.203435 1.77041,
	0.13665 1.68821,
	0.118669 1.66766,
	0.110963 1.65739,
	0.0698648 1.62528,
	0.0287663 1.58418,
	0.00821709 1.56363,
	-0.0059105 1.54308,
	-0.0470089 1.50712,
	-0.0572835 1.5007,
	-0.0778328 1.48143,
	-0.118931 1.45189,
	-0.16003 1.42749,
	-0.166451 1.41722,
	-0.172873 1.39667,
	-0.179295 1.35685,
	"/>
</Transform>

<Transform dim="0"
 xcoef=" 0 1 0 0 0 0"
 ycoef=" 0 0 1 0 0 0">
<Contour name="Ed3" hidden="false" closed="true" simplified="true" border="0.541176 0.756863 0.0352941" fill="0.501961 1 1" mode="9"
 points="1.17179 1.61545,
	1.17435 1.60519,
	1.17948 1.59492,
	1.19359 1.5744,
	1.19873 1.56413,
	1.20771 1.55387,
	1.20899 1.55259,
	1.21797 1.54874,
	1.2231 1.54874,
	1.23336 1.54233,
	1.24106 1.5218,
	1.23208 1.50127,
	1.2308 1.48075,
	1.23208 1.47562,
	1.25261 1.45637,
	1.26287 1.45381,
	1.2834 1.45509,
	1.32445 1.47562,
	1.3655 1.50384,
	1.3732 1.5141,
	1.37833 1.51923,
	1.38731 1.53976,
	1.39244 1.55002,
	1.4027 1.59107,
	1.40527 1.60134,
	1.40142 1.64239,
	1.39757 1.65265,
	1.39372 1.65778,
	1.38859 1.65907,
	1.36807 1.67831,
	1.34754 1.68986,
	1.33728 1.69242,
	1.33214 1.6937,
	1.29109 1.68344,
	1.27057 1.68088,
	1.22951 1.69884,
	1.21925 1.69499,
	1.20899 1.68601,
	1.19488 1.66548,
	1.17307 1.62443,
	1.17179 1.6193,
	1.17179 1.61673,
	"/>
</Transform>

<Transform dim="0"
 xcoef=" 0 1 0 0 0 0"
 ycoef=" 0 0 1 0 0 0">
<Contour name="Ed9" hidden="false" closed="true" simplified="true" border="0.541 0.757 0.035" fill="0.502 1 1" mode="9"
 points="3.08937 1.37131,
	3.11031 1.32944,
	3.11554 1.31897,
	3.11685 1.31635,
	3.13778 1.31112,
	3.1404 1.31112,
	3.16134 1.32813,
	3.18096 1.34776,
	3.18882 1.35822,
	3.19274 1.36346,
	3.19405 1.38439,
	3.18882 1.40533,
	3.17966 1.41187,
	3.16919 1.4158,
	3.14825 1.41841,
	3.12732 1.41841,
	3.10638 1.41187,
	3.09722 1.40271,
	3.0933 1.39748,
	3.08937 1.37654,
	3.08937 1.37262,
	"/>
</Transform>

<Transform dim="0"
 xcoef=" 0 1 0 0 0 0"
 ycoef=" 0 0 1 0 0 0">
<Contour name="Ed4" hidden="false" closed="true" simplified="true" border="0.541176 0.756863 0.0352941" fill="0.501961 1 1" mode="9"
 points="1.53175 3.22276,
	1.5388 3.19055,
	1.53981 3.18249,
	1.53779 3.16638,
	1.53578 3.15833,
	1.54585 3.12612,
	1.54887 3.11001,
	1.5539 3.0939,
	1.55692 3.06169,
	1.55692 3.05363,
	1.55289 3.03753,
	1.55189 3.02947,
	1.55189 3.02545,
	1.54887 3.01739,
	1.54987 3.01337,
	1.54987 3.01236,
	1.55289 3.00531,
	1.5539 3.00229,
	1.55692 2.99525,
	1.55793 2.99223,
	1.55994 2.98719,
	1.56296 2.98015,
	1.56497 2.97612,
	1.56497 2.97209,
	1.56699 2.97108,
	1.56699 2.96706,
	1.57001 2.96001,
	1.57101 2.95598,
	1.57806 2.94793,
	1.58108 2.94491,
	1.58913 2.9429,
	1.59517 2.93786,
	1.5992 2.93686,
	1.60323 2.93283,
	1.61833 2.92276,
	1.62034 2.91974,
	1.62236 2.91974,
	1.62336 2.91773,
	1.63142 2.91572,
	1.66363 2.9137,
	1.67168 2.91169,
	1.67571 2.90968,
	1.69182 2.89558,
	1.72202 2.86437,
	1.72605 2.86035,
	1.75826 2.84323,
	1.76631 2.84021,
	1.79853 2.81907,
	1.80658 2.81505,
	1.82168 2.79894,
	1.82974 2.78283,
	1.83175 2.77478,
	1.83276 2.77075,
	1.81967 2.73854,
	1.81866 2.73753,
	1.82672 2.72142,
	1.83477 2.71438,
	1.85088 2.71438,
	1.86698 2.71941,
	1.8992 2.7325,
	1.9153 2.73954,
	1.94752 2.7486,
	1.96363 2.75364,
	1.97973 2.75666,
	1.99584 2.75464,
	2.01195 2.74961,
	2.04416 2.74458,
	2.06027 2.74156,
	2.06832 2.74055,
	2.07638 2.73753,
	2.09248 2.73552,
	2.09651 2.73552,
	2.12872 2.72243,
	2.14483 2.72243,
	2.16094 2.72042,
	2.16497 2.71941,
	2.17302 2.72243,
	2.18812 2.73854,
	2.19517 2.75464,
	2.2002 2.77075,
	2.20523 2.80297,
	2.20725 2.81102,
	2.22436 2.84323,
	2.22839 2.84726,
	2.23946 2.86337,
	2.2445 2.87142,
	2.24651 2.87545,
	2.26161 2.89156,
	2.26966 2.89961,
	2.30188 2.92377,
	2.33208 2.95598,
	2.33711 2.96404,
	2.34013 2.97209,
	2.3502 2.9882,
	2.35624 2.99525,
	2.38845 3.01437,
	2.3955 3.01941,
	2.40154 3.02746,
	2.40355 3.03551,
	2.39953 3.05162,
	2.38644 3.06773,
	2.38342 3.07578,
	2.38141 3.0778,
	2.37839 3.0939,
	2.37537 3.10196,
	2.37235 3.13417,
	2.37134 3.14222,
	2.37033 3.14625,
	2.37235 3.1543,
	2.37335 3.18652,
	2.37839 3.20263,
	2.3804 3.21873,
	2.3804 3.22276,
	2.38342 3.23081,
	2.38342 3.23484,
	2.38644 3.24289,
	2.38845 3.259,
	2.38745 3.29122,
	2.38443 3.32343,
	2.38241 3.33954,
	2.38141 3.34759,
	2.38342 3.3637,
	2.38241 3.3798,
	2.38141 3.38786,
	2.38342 3.42007,
	2.3804 3.4845,
	2.37637 3.51672,
	2.37134 3.52477,
	2.35523 3.53987,
	2.34718 3.54792,
	2.33913 3.56403,
	2.33611 3.58014,
	2.33611 3.58819,
	2.33308 3.6043,
	2.33006 3.61235,
	2.32503 3.62041,
	2.321 3.62443,
	2.28879 3.63953,
	2.27268 3.64255,
	2.24047 3.64457,
	2.22436 3.64356,
	2.20825 3.64054,
	2.19215 3.63249,
	2.18409 3.62947,
	2.15188 3.62645,
	2.08745 3.62645,
	2.05524 3.62544,
	2.03913 3.62343,
	2.00691 3.61537,
	1.9747 3.61336,
	1.94249 3.60833,
	1.92638 3.60732,
	1.92235 3.60631,
	1.89014 3.61437,
	1.88208 3.61638,
	1.81765 3.60531,
	1.80155 3.60229,
	1.79349 3.60027,
	1.78947 3.60027,
	1.77336 3.59222,
	1.75725 3.57913,
	1.74115 3.57007,
	1.73309 3.56705,
	1.71698 3.55296,
	1.70088 3.52074,
	1.66967 3.48954,
	1.65356 3.47544,
	1.64551 3.46839,
	1.64148 3.46437,
	1.60927 3.44826,
	1.59316 3.44323,
	1.58511 3.4392,
	1.57001 3.42511,
	1.56397 3.409,
	1.55692 3.37678,
	1.55893 3.34457,
	1.54182 3.28014,
	1.53578 3.24793,
	1.53276 3.23182,
	1.53175 3.22377,
	"/>
</Transform>

<Transform dim="0"
 xcoef=" 0 1 0 0 0 0"
 ycoef=" 0 0 1 0 0 0">
<Contour name="Ed10" hidden="false" closed="true" simplified="true" border="0.541 0.757 0.035" fill="0.502 1 1" mode="9"
 points="0.181206 4.37612,
	0.182213 4.36807,
	0.183219 4.36404,
	0.190266 4.357,
	0.222481 4.34391,
	0.238588 4.33485,
	0.245635 4.3278,
	0.258722 4.29559,
	0.262749 4.27948,
	0.278856 4.24727,
	0.286909 4.23116,
	0.291943 4.21505,
	0.299996 4.19894,
	0.321137 4.16673,
	0.337244 4.15062,
	0.350331 4.13451,
	0.355365 4.12646,
	0.362412 4.11841,
	0.371472 4.1023,
	0.385566 4.07009,
	0.387579 4.03787,
	0.394626 4.00566,
	0.383552 3.94123,
	0.380532 3.90901,
	0.371472 3.8768,
	0.365432 3.86069,
	0.357378 3.84459,
	0.350331 3.83653,
	0.31711 3.7721,
	0.30503 3.73989,
	0.289929 3.70767,
	0.276842 3.67546,
	0.274829 3.66741,
	0.273822 3.6513,
	0.278856 3.63519,
	0.293956 3.60298,
	0.301003 3.58687,
	0.315097 3.52244,
	0.318117 3.50633,
	0.321137 3.49828,
	0.324157 3.48217,
	0.326171 3.47412,
	0.321137 3.45801,
	0.31409 3.44191,
	0.310063 3.43385,
	0.304023 3.40164,
	0.304023 3.39358,
	0.31107 3.37748,
	0.318117 3.36942,
	0.327177 3.35332,
	0.339258 3.33822,
	0.347311 3.33218,
	0.379526 3.31707,
	0.387579 3.31607,
	0.403686 3.31808,
	0.41174 3.31506,
	0.426841 3.30499,
	0.456035 3.27278,
	0.472142 3.25667,
	0.488249 3.24459,
	0.504356 3.23453,
	0.536571 3.21842,
	0.568785 3.20533,
	0.601 3.18922,
	0.617107 3.17916,
	0.633214 3.16506,
	0.640261 3.15802,
	0.672475 3.09359,
	0.674489 3.08956,
	0.678515 3.05735,
	0.680529 3.04124,
	0.681536 3.03319,
	0.694623 3.00097,
	0.71073 2.96876,
	0.718783 2.95265,
	0.723817 2.9446,
	0.737911 2.92849,
	0.770125 2.89627,
	0.802339 2.86909,
	0.818447 2.85802,
	0.8265 2.85399,
	0.839587 2.83889,
	0.845628 2.83084,
	0.847641 2.82681,
	0.876835 2.7946,
	0.90905 2.77547,
	0.941264 2.75332,
	0.957371 2.74225,
	0.987572 2.71104,
	1.00066 2.69493,
	1.01576 2.67883,
	1.02381 2.67077,
	1.08824 2.63151,
	1.10435 2.62245,
	1.13656 2.59527,
	1.15267 2.58118,
	1.18489 2.56406,
	1.20099 2.55601,
	1.23321 2.54997,
	1.26542 2.55299,
	1.29764 2.56205,
	1.32985 2.56708,
	1.36206 2.57816,
	1.39428 2.59326,
	1.41039 2.60131,
	1.42649 2.61339,
	1.4426 2.62145,
	1.47481 2.63252,
	1.50703 2.64863,
	1.53924 2.66775,
	1.55434 2.68084,
	1.55736 2.68487,
	1.56542 2.71708,
	1.57045 2.73319,
	1.58958 2.7654,
	1.61273 2.79762,
	1.61978 2.82983,
	1.62582 2.84594,
	1.62884 2.85399,
	1.62381 2.8701,
	1.61978 2.87815,
	1.61273 2.8852,
	1.60871 2.88621,
	1.60468 2.8852,
	1.60267 2.88419,
	1.57045 2.89225,
	1.55434 2.9003,
	1.54629 2.90634,
	1.5332 2.92245,
	1.52414 2.93856,
	1.5171 2.95466,
	1.50904 2.98688,
	1.50703 2.99493,
	1.49394 3.02715,
	1.48992 3.0352,
	1.46475 3.06741,
	1.45367 3.08352,
	1.43656 3.11573,
	1.41743 3.14795,
	1.38623 3.21238,
	1.38018 3.22849,
	1.37112 3.24459,
	1.34998 3.27681,
	1.34696 3.29291,
	1.34898 3.30902,
	1.34696 3.32513,
	1.33287 3.35734,
	1.32582 3.38956,
	1.31576 3.42177,
	1.30066 3.43788,
	1.26844 3.46103,
	1.25233 3.47412,
	1.24831 3.48217,
	1.24428 3.49828,
	1.24327 3.50633,
	1.23824 3.52244,
	1.23723 3.5305,
	1.23119 3.5466,
	1.22817 3.55466,
	1.21005 3.58687,
	1.19898 3.60298,
	1.19495 3.61103,
	1.18992 3.62714,
	1.18891 3.63519,
	1.19093 3.64325,
	1.19294 3.64727,
	1.19999 3.65533,
	1.20804 3.66137,
	1.22113 3.67747,
	1.22415 3.6815,
	1.22515 3.68955,
	1.22415 3.69761,
	1.22314 3.70163,
	1.20804 3.71573,
	1.19999 3.73183,
	1.19697 3.73989,
	1.19495 3.756,
	1.19495 3.7721,
	1.202 3.80432,
	1.20502 3.82042,
	1.20502 3.83653,
	1.19898 3.86875,
	1.18891 3.90096,
	1.18187 3.91707,
	1.17784 3.93317,
	1.17482 3.94123,
	1.1728 3.94526,
	1.17079 3.96136,
	1.17079 3.99358,
	1.17079 4.00163,
	1.16475 4.01774,
	1.1577 4.02579,
	1.15368 4.02982,
	1.14864 4.03787,
	1.13254 4.04895,
	1.12448 4.05297,
	1.11643 4.06103,
	1.10536 4.07713,
	1.0973 4.08317,
	1.06509 4.09727,
	1.04898 4.1023,
	1.04093 4.10431,
	1.03287 4.10431,
	1.02885 4.10532,
	1.02079 4.1023,
	1.01375 4.09525,
	1.01173 4.09123,
	1.00368 4.08519,
	0.995626 4.08317,
	0.987572 4.08418,
	0.983545 4.08418,
	0.981532 4.08418,
	0.974485 4.09223,
	0.967438 4.10834,
	0.965425 4.12445,
	0.958378 4.14055,
	0.943277 4.15666,
	0.939251 4.16069,
	0.923143 4.16975,
	0.907036 4.17579,
	0.890929 4.1778,
	0.874822 4.1778,
	0.858715 4.17579,
	0.842607 4.17579,
	0.810393 4.18284,
	0.794286 4.18384,
	0.778179 4.18284,
	0.762071 4.17378,
	0.754018 4.17176,
	0.749991 4.16975,
	0.733884 4.17076,
	0.717777 4.18686,
	0.70167 4.19995,
	0.669455 4.21807,
	0.665428 4.21908,
	0.657375 4.22713,
	0.62516 4.25129,
	0.592946 4.26639,
	0.576839 4.27445,
	0.568785 4.27847,
	0.564758 4.28049,
	0.556705 4.28854,
	0.535564 4.32075,
	0.519457 4.35297,
	0.51543 4.36102,
	0.50033 4.37713,
	0.492276 4.38418,
	0.476169 4.3872,
	0.460062 4.3882,
	0.452008 4.3882,
	0.443954 4.39022,
	0.427847 4.39928,
	0.41174 4.41136,
	0.380532 4.44357,
	0.364425 4.45867,
	0.348318 4.46471,
	0.340264 4.46572,
	0.324157 4.46371,
	0.30805 4.45968,
	0.304023 4.45767,
	0.287916 4.45767,
	0.279862 4.45465,
	0.271809 4.45364,
	0.255702 4.44659,
	0.247648 4.44156,
	0.231541 4.43552,
	0.215434 4.42545,
	0.20738 4.42142,
	0.199326 4.41538,
	0.1953 4.41337,
	0.18926 4.40532,
	0.184226 4.38921,
	0.182213 4.38116,
	0.181206 4.37713,
	"/>
</Transform>

<Transform dim="0"
 xcoef=" 0 1 0 0 0 0"
 ycoef=" 0 0 1 0 0 0">
<Contour name="Ed10" hidden="false" closed="true" simplified="true" border="0.541 0.757 0.035" fill="0.502 1 1" mode="9"
 points="2.0878 3.70973,
	2.08833 3.7092,
	2.09097 3.70655,
	2.0915 3.70603,
	"/>
</Transform>

<Transform dim="0"
 xcoef=" 0 1 0 0 0 0"
 ycoef=" 0 0 1 0 0 0">
<Contour name="Ed10" hidden="false" closed="true" simplified="true" border="0.541 0.757 0.035" fill="0.502 1 1" mode="9"
 points="1.98459 3.7616,
	1.98617 3.75313,
	1.9867 3.7489,
	1.98935 3.74466,
	1.99305 3.74043,
	1.99517 3.73884,
	2.01211 3.73831,
	2.02058 3.73778,
	2.02905 3.73514,
	2.03751 3.73355,
	2.04175 3.73302,
	2.05869 3.72773,
	2.06715 3.72455,
	2.07139 3.7219,
	2.07562 3.7182,
	2.07986 3.71555,
	2.08197 3.71344,
	2.08621 3.71079,
	2.09044 3.70708,
	2.09679 3.69862,
	2.10579 3.68168,
	2.10791 3.67744,
	2.10897 3.67533,
	2.11056 3.65892,
	2.11479 3.65045,
	2.12326 3.6478,
	2.12749 3.64727,
	2.14443 3.64833,
	2.1783 3.64516,
	2.18677 3.6441,
	2.19524 3.64463,
	2.20371 3.64675,
	2.21218 3.6531,
	2.21959 3.66157,
	2.22806 3.66845,
	2.23653 3.67691,
	2.24923 3.69385,
	2.26352 3.71079,
	2.26934 3.71926,
	2.27622 3.73619,
	2.28416 3.77007,
	2.28681 3.77854,
	2.29051 3.78701,
	2.29528 3.80394,
	2.29686 3.82088,
	2.29792 3.82935,
	2.29633 3.83782,
	2.2958 3.83993,
	2.27993 3.85687,
	2.26299 3.86904,
	2.24605 3.87804,
	2.22912 3.88916,
	2.22065 3.89339,
	2.20371 3.89816,
	2.19948 3.89921,
	2.19101 3.89763,
	2.18254 3.89445,
	2.17407 3.88916,
	2.1656 3.88122,
	2.15396 3.86428,
	2.13755 3.84787,
	2.12061 3.83411,
	2.11214 3.82776,
	2.09521 3.81982,
	2.07827 3.81294,
	2.0444 3.80183,
	2.02746 3.79494,
	2.01899 3.79124,
	2.00205 3.78648,
	1.99358 3.78171,
	1.98617 3.77377,
	1.98459 3.76531,
	1.98459 3.76319,
	1.98459 3.76213,
	"/>
</Transform>

<Transform dim="0"
 xcoef=" 0 1 0 0 0 0"
 ycoef=" 0 0 1 0 0 0">
<Contour name="Ea5(v64)" hidden="false" closed="true" simplified="true" border="1 0 0" fill="1 1 1" mode="9"
 points="3.01288 1.99569,
	3.01347 1.9906,
	3.01522 1.98582,
	3.01802 1.98167,
	3.02168 1.9784,
	3.02598 1.97621,
	3.03065 1.97525,
	3.03539 1.97557,
	3.03991 1.97716,
	3.04393 1.97991,
	3.04718 1.98365,
	3.04947 1.98815,
	3.05065 1.99312,
	3.05065 1.99826,
	3.04947 2.00323,
	3.04718 2.00773,
	3.04393 2.01147,
	3.03991 2.01422,
	3.03539 2.01581,
	3.03065 2.01613,
	3.02598 2.01517,
	3.02168 2.01298,
	3.01802 2.00971,
	3.01522 2.00556,
	3.01347 2.00078,
	"/>
<Contour name="Ea5(v65)" hidden="false" closed="true" simplified="true" border="1 0 0" fill="1 1 1" mode="9"
 points="3.01136 1.93652,
	3.01201 1.93141,
	3.0139 1.92667,
	3.0169 1.92266,
	3.02078 1.91968,
	3.02526 1.91795,
	3.03 1.9176,
	3.03465 1.91865,
	3.03887 1.92103,
	3.04234 1.92455,
	3.04481 1.92897,
	3.04609 1.93394,
	3.04609 1.9391,
	3.04481 1.94408,
	3.04234 1.94849,
	3.03887 1.95202,
	3.03465 1.95439,
	3.03 1.95544,
	3.02526 1.95509,
	3.02078 1.95336,
	3.0169 1.95038,
	3.0139 1.94638,
	3.01201 1.94164,
	"/>
<Contour name="Ea5(v66)" hidden="false" closed="true" simplified="true" border="1 0 0" fill="1 1 1" mode="9"
 points="3.0417 1.88494,
	3.04232 1.87885,
	3.04414 1.87318,
	3.04703 1.86831,
	3.0508 1.86457,
	3.05519 1.86222,
	3.05991 1.86142,
	3.06462 1.86222,
	3.06901 1.86457,
	3.07278 1.86831,
	3.07567 1.87318,
	3.07749 1.87885,
	3.07811 1.88494,
	3.07749 1.89102,
	3.07567 1.8967,
	3.07278 1.90157,
	3.06901 1.9053,
	3.06462 1.90765,
	3.05991 1.90845,
	3.05519 1.90765,
	3.0508 1.9053,
	3.04703 1.90157,
	3.04414 1.8967,
	"/>
<Contour name="Ea5(v67)" hidden="false" closed="true" simplified="true" border="1 0 0" fill="1 1 1" mode="9"
 points="3.07508 1.83184,
	3.07573 1.82672,
	3.07762 1.82198,
	3.08062 1.81798,
	3.0845 1.815,
	3.08898 1.81327,
	3.09372 1.81292,
	3.09837 1.81397,
	3.10259 1.81634,
	3.10606 1.81987,
	3.10853 1.82428,
	3.10981 1.82926,
	3.10981 1.83442,
	3.10853 1.83939,
	3.10606 1.84381,
	3.10259 1.84733,
	3.09837 1.84971,
	3.09372 1.85076,
	3.08898 1.85041,
	3.0845 1.84868,
	3.08062 1.8457,
	3.07762 1.84169,
	3.07573 1.83695,
	"/>
<Contour name="Ea5(v69)" hidden="false" closed="true" simplified="true" border="1 0 0" fill="1 1 1" mode="9"
 points="3.09025 1.76736,
	3.09099 1.76266,
	3.09314 1.75834,
	3.09653 1.75475,
	3.10089 1.75218,
	3.10586 1.75084,
	3.11105 1.75084,
	3.11602 1.75218,
	3.12038 1.75475,
	3.12377 1.75834,
	3.12592 1.76266,
	3.12666 1.76736,
	3.12592 1.77206,
	3.12377 1.77638,
	3.12038 1.77997,
	3.11602 1.78254,
	3.11105 1.78388,
	3.10586 1.78388,
	3.10089 1.78254,
	3.09653 1.77997,
	3.09314 1.77638,
	3.09099 1.77206,
	"/>
<Contour name="Ea5(v70)" hidden="false" closed="true" simplified="true" border="1 0 0" fill="1 1 1" mode="9"
 points="2.48794 3.59325,
	2.48853 3.58853,
	2.49028 3.58406,
	2.49309 3.58009,
	2.4968 3.57682,
	2.50123 3.57445,
	2.50612 3.57308,
	2.51122 3.57281,
	2.51625 3.57363,
	2.52094 3.57552,
	2.52504 3.57836,
	2.52832 3.582,
	2.53061 3.58625,
	2.53179 3.59088,
	2.53179 3.59563,
	2.53061 3.60026,
	2.52832 3.60451,
	2.52504 3.60815,
	2.52094 3.61099,
	2.51625 3.61287,
	2.51122 3.6137,
	2.50612 3.61342,
	2.50123 3.61206,
	2.4968 3.60968,
	2.49309 3.60642,
	2.49028 3.60245,
	"/>
<Contour name="Ea5(v71)" hidden="false" closed="true" simplified="true" border="1 0 0" fill="1 1 1" mode="9"
 points="2.49401 3.52346,
	2.4946 3.51875,
	2.49635 3.51433,
	2.49915 3.51048,
	2.50281 3.50745,
	2.50711 3.50543,
	2.51178 3.50454,
	2.51653 3.50484,
	2.52105 3.5063,
	2.52506 3.50885,
	2.52832 3.51232,
	2.53061 3.51648,
	2.53179 3.52109,
	2.53179 3.52584,
	2.53061 3.53045,
	2.52832 3.53461,
	2.52506 3.53808,
	2.52105 3.54062,
	2.51653 3.54209,
	2.51178 3.54239,
	2.50711 3.5415,
	2.50281 3.53948,
	2.49915 3.53645,
	2.49635 3.5326,
	2.4946 3.52818,
	"/>
<Contour name="Ea5(v72)" hidden="false" closed="true" simplified="true" border="1 0 0" fill="1 1 1" mode="9"
 points="2.43636 3.51891,
	2.43698 3.514,
	2.4388 3.50943,
	2.44169 3.5055,
	2.44546 3.50249,
	2.44985 3.50059,
	2.45456 3.49995,
	2.45927 3.50059,
	2.46367 3.50249,
	2.46744 3.5055,
	2.47033 3.50943,
	2.47215 3.514,
	2.47277 3.51891,
	2.47215 3.52382,
	2.47033 3.5284,
	2.46744 3.53232,
	2.46367 3.53534,
	2.45927 3.53723,
	2.45456 3.53788,
	2.44985 3.53723,
	2.44546 3.53534,
	2.44169 3.53232,
	2.4388 3.5284,
	"/>
<Contour name="Ea5(v73)" hidden="false" closed="true" simplified="true" border="1 0 0" fill="1 1 1" mode="9"
 points="2.45153 3.46278,
	2.45216 3.45777,
	2.45402 3.45311,
	2.45696 3.44915,
	2.46079 3.44615,
	2.46522 3.44433,
	2.46995 3.44382,
	2.47464 3.44467,
	2.47895 3.44679,
	2.48258 3.45006,
	2.48527 3.45422,
	2.48682 3.459,
	2.48714 3.46404,
	2.4862 3.469,
	2.48405 3.47351,
	2.48086 3.47726,
	2.47686 3.47998,
	2.47232 3.48148,
	2.46757 3.48165,
	2.46295 3.48048,
	2.45878 3.47805,
	2.45536 3.47453,
	2.45294 3.47018,
	"/>
<Contour name="Ea5(v74)" hidden="false" closed="true" simplified="true" border="1 0 0" fill="1 1 1" mode="9"
 points="2.41057 3.41954,
	2.41124 3.41398,
	2.41321 3.40888,
	2.41633 3.40463,
	2.42032 3.4016,
	2.42488 3.40002,
	2.42963 3.40002,
	2.43419 3.4016,
	2.43818 3.40463,
	2.44129 3.40888,
	2.44327 3.41398,
	2.44394 3.41954,
	2.44327 3.4251,
	2.44129 3.4302,
	2.43818 3.43444,
	2.43419 3.43748,
	2.42963 3.43906,
	2.42488 3.43906,
	2.42032 3.43748,
	2.41633 3.43444,
	2.41321 3.4302,
	2.41124 3.4251,
	"/>
<Contour name="Ea5(v75)" hidden="false" closed="true" simplified="true" border="1 0 0" fill="1 1 1" mode="9"
 points="2.43787 3.33154,
	2.43849 3.32683,
	2.44031 3.32244,
	2.44321 3.31867,
	2.44698 3.31578,
	2.45137 3.31396,
	2.45608 3.31334,
	2.46079 3.31396,
	2.46518 3.31578,
	2.46895 3.31867,
	2.47185 3.32244,
	2.47367 3.32683,
	2.47429 3.33154,
	2.47367 3.33626,
	2.47185 3.34065,
	2.46895 3.34442,
	2.46518 3.34731,
	2.46079 3.34913,
	2.45608 3.34975,
	2.45137 3.34913,
	2.44698 3.34731,
	2.44321 3.34442,
	2.44031 3.34065,
	"/>
<Contour name="Ea5(v76)" hidden="false" closed="true" simplified="true" border="1 0 0" fill="1 1 1" mode="9"
 points="2.44091 3.24507,
	2.44146 3.24017,
	2.44309 3.23553,
	2.4457 3.23141,
	2.44916 3.22803,
	2.45328 3.22556,
	2.45783 3.22415,
	2.46258 3.22386,
	2.46726 3.22472,
	2.47163 3.22667,
	2.47545 3.22962,
	2.4785 3.23339,
	2.48064 3.2378,
	2.48173 3.2426,
	2.48173 3.24753,
	2.48064 3.25233,
	2.4785 3.25674,
	2.47545 3.26052,
	2.47163 3.26346,
	2.46726 3.26541,
	2.46258 3.26627,
	2.45783 3.26598,
	2.45328 3.26457,
	2.44916 3.2621,
	2.4457 3.25872,
	2.44309 3.2546,
	"/>
<Contour name="Ea5(v77)" hidden="false" closed="true" simplified="true" border="1 0 0" fill="1 1 1" mode="9"
 points="2.47884 3.16693,
	2.47937 3.16136,
	2.48094 3.15607,
	2.48347 3.15133,
	2.48683 3.14736,
	2.49086 3.14438,
	2.49535 3.14253,
	2.50008 3.1419,
	2.5048 3.14253,
	2.50929 3.14438,
	2.51332 3.14736,
	2.51668 3.15133,
	2.51921 3.15607,
	2.52078 3.16136,
	2.52132 3.16693,
	2.52078 3.1725,
	2.51921 3.17779,
	2.51668 3.18254,
	2.51332 3.1865,
	2.50929 3.18949,
	2.5048 3.19134,
	2.50008 3.19197,
	2.49535 3.19134,
	2.49086 3.18949,
	2.48683 3.1865,
	2.48347 3.18254,
	2.48094 3.17779,
	"/>
<Contour name="Ea5(v78)" hidden="false" closed="true" simplified="true" border="1 0 0" fill="1 1 1" mode="9"
 points="2.51525 3.10549,
	2.51584 3.10058,
	2.51759 3.09599,
	2.52039 3.09199,
	2.52405 3.08884,
	2.52835 3.08673,
	2.53302 3.0858,
	2.53777 3.08611,
	2.54229 3.08764,
	2.5463 3.09029,
	2.54956 3.0939,
	2.55185 3.09823,
	2.55303 3.10302,
	2.55303 3.10796,
	2.55185 3.11275,
	2.54956 3.11708,
	2.5463 3.12069,
	2.54229 3.12333,
	2.53777 3.12486,
	2.53302 3.12517,
	2.52835 3.12425,
	2.52405 3.12214,
	2.52039 3.11899,
	2.51759 3.11499,
	2.51584 3.11039,
	"/>
</Transform>

<Transform dim="0"
 xcoef=" 0 1 0 0 0 0"
 ycoef=" 0 0 1 0 0 0">
<Contour name="Ea1(v18)" hidden="false" closed="true" simplified="true" border="0.996078 0.270588 0.027451" fill="1 0 0" mode="9"
 points="2.26033 2.34552,
	2.2611 2.34,
	2.26332 2.33502,
	2.26677 2.33107,
	2.27113 2.32853,
	2.27596 2.32766,
	2.28079 2.32853,
	2.28514 2.33107,
	2.2886 2.33502,
	2.29082 2.34,
	2.29158 2.34552,
	2.29082 2.35103,
	2.2886 2.35601,
	2.28514 2.35996,
	2.28079 2.3625,
	2.27596 2.36337,
	2.27113 2.3625,
	2.26677 2.35996,
	2.26332 2.35601,
	"/>
<Contour name="Ea1(v19)" hidden="false" closed="true" simplified="true" border="0.996078 0.270588 0.027451" fill="1 0 0" mode="9"
 points="2.22685 2.32431,
	2.22767 2.31845,
	2.23005 2.31316,
	2.23375 2.30896,
	2.23842 2.30627,
	2.24359 2.30534,
	2.24877 2.30627,
	2.25343 2.30896,
	2.25714 2.31316,
	2.25951 2.31845,
	2.26033 2.32431,
	2.25951 2.33017,
	2.25714 2.33546,
	2.25343 2.33966,
	2.24877 2.34235,
	2.24359 2.34328,
	2.23842 2.34235,
	2.23375 2.33966,
	2.23005 2.33546,
	"/>
<Contour name="Ea1(v20)" hidden="false" closed="true" simplified="true" border="0.996078 0.270588 0.027451" fill="1 0 0" mode="9"
 points="2.1532 2.29753,
	2.15402 2.29236,
	2.1564 2.28769,
	2.1601 2.28399,
	2.16477 2.28161,
	2.16994 2.28079,
	2.17511 2.28161,
	2.17978 2.28399,
	2.18348 2.28769,
	2.18586 2.29236,
	2.18668 2.29753,
	2.18586 2.3027,
	2.18348 2.30737,
	2.17978 2.31107,
	2.17511 2.31345,
	2.16994 2.31427,
	2.16477 2.31345,
	2.1601 2.31107,
	2.1564 2.30737,
	"/>
<Contour name="Ea1(v21)" hidden="false" closed="true" simplified="true" border="0.996078 0.270588 0.027451" fill="1 0 0" mode="9"
 points="2.19784 2.26851,
	2.19877 2.26265,
	2.20146 2.25736,
	2.20566 2.25316,
	2.21095 2.25047,
	2.21681 2.24954,
	2.22267 2.25047,
	2.22796 2.25316,
	2.23216 2.25736,
	2.23485 2.26265,
	2.23578 2.26851,
	2.23485 2.27438,
	2.23216 2.27966,
	2.22796 2.28386,
	2.22267 2.28656,
	2.21681 2.28748,
	2.21095 2.28656,
	2.20566 2.28386,
	2.20146 2.27966,
	"/>
<Contour name="Ea1(v22)" hidden="false" closed="true" simplified="true" border="0.996078 0.270588 0.027451" fill="1 0 0" mode="9"
 points="2.25364 2.28525,
	2.25457 2.27905,
	2.25726 2.27345,
	2.26146 2.269,
	2.26675 2.26615,
	2.27261 2.26517,
	2.27847 2.26615,
	2.28376 2.269,
	2.28796 2.27345,
	2.29065 2.27905,
	2.29158 2.28525,
	2.29065 2.29146,
	2.28796 2.29706,
	2.28376 2.3015,
	2.27847 2.30436,
	2.27261 2.30534,
	2.26675 2.30436,
	2.26146 2.3015,
	2.25726 2.29706,
	"/>
<Contour name="Ea1(v23)" hidden="false" closed="true" simplified="true" border="0.996078 0.270588 0.027451" fill="1 0 0" mode="9"
 points="2.31167 2.29976,
	2.31243 2.29459,
	2.31465 2.28992,
	2.31811 2.28622,
	2.32246 2.28384,
	2.32729 2.28302,
	2.33212 2.28384,
	2.33648 2.28622,
	2.33993 2.28992,
	2.34215 2.29459,
	2.34292 2.29976,
	2.34215 2.30493,
	2.33993 2.3096,
	2.33648 2.3133,
	2.33212 2.31568,
	2.32729 2.3165,
	2.32246 2.31568,
	2.31811 2.3133,
	2.31465 2.3096,
	"/>
<Contour name="Ea1(v24)" hidden="false" closed="true" simplified="true" border="0.996078 0.270588 0.027451" fill="1 0 0" mode="9"
 points="2.28935 2.24731,
	2.29022 2.24179,
	2.29276 2.23681,
	2.29671 2.23286,
	2.30169 2.23033,
	2.3072 2.22945,
	2.31272 2.23033,
	2.3177 2.23286,
	2.32165 2.23681,
	2.32419 2.24179,
	2.32506 2.24731,
	2.32419 2.25283,
	2.32165 2.2578,
	2.3177 2.26176,
	2.31272 2.26429,
	2.3072 2.26517,
	2.30169 2.26429,
	2.29671 2.26176,
	2.29276 2.2578,
	"/>
<Contour name="Ea1(v25)" hidden="false" closed="true" simplified="true" border="0.996078 0.270588 0.027451" fill="1 0 0" mode="9"
 points="2.31613 2.20267,
	2.31706 2.19646,
	2.31976 2.19086,
	2.32395 2.18642,
	2.32924 2.18357,
	2.3351 2.18258,
	2.34097 2.18357,
	2.34625 2.18642,
	2.35045 2.19086,
	2.35315 2.19646,
	2.35408 2.20267,
	2.35315 2.20888,
	2.35045 2.21448,
	2.34625 2.21892,
	2.34097 2.22178,
	2.3351 2.22276,
	2.32924 2.22178,
	2.32395 2.21892,
	2.31976 2.21448,
	"/>
<Contour name="Ea1(v26)" hidden="false" closed="true" simplified="true" border="0.996078 0.270588 0.027451" fill="1 0 0" mode="9"
 points="2.37416 2.20267,
	2.37504 2.19715,
	2.37757 2.19218,
	2.38152 2.18823,
	2.3865 2.18569,
	2.39202 2.18482,
	2.39754 2.18569,
	2.40251 2.18823,
	2.40646 2.19218,
	2.409 2.19715,
	2.40987 2.20267,
	2.409 2.20819,
	2.40646 2.21317,
	2.40251 2.21712,
	2.39754 2.21965,
	2.39202 2.22053,
	2.3865 2.21965,
	2.38152 2.21712,
	2.37757 2.21317,
	"/>
<Contour name="Ea1(v27)" hidden="false" closed="true" simplified="true" border="0.996078 0.270588 0.027451" fill="1 0 0" mode="9"
 points="2.34515 2.15022,
	2.34597 2.14436,
	2.34834 2.13907,
	2.35205 2.13487,
	2.35671 2.13218,
	2.36189 2.13125,
	2.36706 2.13218,
	2.37173 2.13487,
	2.37543 2.13907,
	2.37781 2.14436,
	2.37863 2.15022,
	2.37781 2.15608,
	2.37543 2.16137,
	2.37173 2.16557,
	2.36706 2.16826,
	2.36189 2.16919,
	2.35671 2.16826,
	2.35205 2.16557,
	2.34834 2.16137,
	"/>
<Contour name="Ea1(v28)" hidden="false" closed="true" simplified="true" border="0.996078 0.270588 0.027451" fill="1 0 0" mode="9"
 points="2.29158 2.15468,
	2.29245 2.14813,
	2.29499 2.14222,
	2.29894 2.13753,
	2.30392 2.13452,
	2.30944 2.13348,
	2.31495 2.13452,
	2.31993 2.13753,
	2.32388 2.14222,
	2.32642 2.14813,
	2.32729 2.15468,
	2.32642 2.16124,
	2.32388 2.16715,
	2.31993 2.17184,
	2.31495 2.17485,
	2.30944 2.17589,
	2.30392 2.17485,
	2.29894 2.17184,
	2.29499 2.16715,
	"/>
<Contour name="Ea1(v29)" hidden="false" closed="true" simplified="true" border="0.996078 0.270588 0.027451" fill="1 0 0" mode="9"
 points="2.31836 2.09219,
	2.31935 2.08564,
	2.3222 2.07973,
	2.32664 2.07504,
	2.33224 2.07202,
	2.33845 2.07099,
	2.34466 2.07202,
	2.35026 2.07504,
	2.3547 2.07973,
	2.35756 2.08564,
	2.35854 2.09219,
	2.35756 2.09874,
	2.3547 2.10465,
	2.35026 2.10934,
	2.34466 2.11236,
	2.33845 2.11339,
	2.33224 2.11236,
	2.32664 2.10934,
	2.3222 2.10465,
	"/>
<Contour name="Ea1(v30)" hidden="false" closed="true" simplified="true" border="0.996078 0.270588 0.027451" fill="1 0 0" mode="9"
 points="2.37416 2.00961,
	2.37509 2.00375,
	2.37779 1.99846,
	2.38198 1.99426,
	2.38727 1.99156,
	2.39313 1.99064,
	2.399 1.99156,
	2.40429 1.99426,
	2.40848 1.99846,
	2.41118 2.00375,
	2.41211 2.00961,
	2.41118 2.01547,
	2.40848 2.02076,
	2.40429 2.02496,
	2.399 2.02765,
	2.39313 2.02858,
	2.38727 2.02765,
	2.38198 2.02496,
	2.37779 2.02076,
	"/>
<Contour name="Ea1(v31)" hidden="false" closed="true" simplified="true" border="0.996078 0.270588 0.027451" fill="1 0 0" mode="9"
 points="2.44558 2.0509,
	2.44646 2.04469,
	2.449 2.03909,
	2.45295 2.03465,
	2.45792 2.03179,
	2.46344 2.03081,
	2.46896 2.03179,
	2.47394 2.03465,
	2.47789 2.03909,
	2.48042 2.04469,
	2.4813 2.0509,
	2.48042 2.05711,
	2.47789 2.06271,
	2.47394 2.06715,
	2.46896 2.07,
	2.46344 2.07099,
	2.45792 2.07,
	2.45295 2.06715,
	2.449 2.06271,
	"/>
<Contour name="Ea1(v32)" hidden="false" closed="true" simplified="true" border="0.996078 0.270588 0.027451" fill="1 0 0" mode="9"
 points="2.4255 1.99064,
	2.42637 1.98443,
	2.42891 1.97883,
	2.43286 1.97439,
	2.43784 1.97153,
	2.44335 1.97055,
	2.44887 1.97153,
	2.45385 1.97439,
	2.4578 1.97883,
	2.46033 1.98443,
	2.46121 1.99064,
	2.46033 1.99684,
	2.4578 2.00244,
	2.45385 2.00689,
	2.44887 2.00974,
	2.44335 2.01072,
	2.43784 2.00974,
	2.43286 2.00689,
	2.42891 2.00244,
	"/>
<Contour name="Ea1(v33)" hidden="false" closed="true" simplified="true" border="0.996078 0.270588 0.027451" fill="1 0 0" mode="9"
 points="2.37639 1.95716,
	2.37721 1.95095,
	2.37959 1.94535,
	2.38329 1.94091,
	2.38796 1.93805,
	2.39313 1.93707,
	2.39831 1.93805,
	2.40297 1.94091,
	2.40668 1.94535,
	2.40905 1.95095,
	2.40987 1.95716,
	2.40905 1.96336,
	2.40668 1.96896,
	2.40297 1.97341,
	2.39831 1.97626,
	2.39313 1.97724,
	2.38796 1.97626,
	2.38329 1.97341,
	2.37959 1.96896,
	"/>
<Contour name="Ea1(v34)" hidden="false" closed="true" simplified="true" border="0.996078 0.270588 0.027451" fill="1 0 0" mode="9"
 points="2.14427 2.22834,
	2.14526 2.22248,
	2.14811 2.21719,
	2.15255 2.21299,
	2.15815 2.2103,
	2.16436 2.20937,
	2.17057 2.2103,
	2.17617 2.21299,
	2.18061 2.21719,
	2.18346 2.22248,
	2.18445 2.22834,
	2.18346 2.2342,
	2.18061 2.23949,
	2.17617 2.24369,
	2.17057 2.24638,
	2.16436 2.24731,
	2.15815 2.24638,
	2.15255 2.24369,
	2.14811 2.23949,
	"/>
<Contour name="Ea1(v35)" hidden="false" closed="true" simplified="true" border="0.996078 0.270588 0.027451" fill="1 0 0" mode="9"
 points="2.19114 2.20937,
	2.19196 2.20385,
	2.19434 2.19887,
	2.19804 2.19492,
	2.20271 2.19239,
	2.20788 2.19151,
	2.21306 2.19239,
	2.21772 2.19492,
	2.22143 2.19887,
	2.2238 2.20385,
	2.22462 2.20937,
	2.2238 2.21488,
	2.22143 2.21986,
	2.21772 2.22381,
	2.21306 2.22635,
	2.20788 2.22722,
	2.20271 2.22635,
	2.19804 2.22381,
	2.19434 2.21986,
	"/>
<Contour name="Ea1(v36)" hidden="false" closed="true" simplified="true" border="0.996078 0.270588 0.027451" fill="1 0 0" mode="9"
 points="2.23801 2.19151,
	2.239 2.1853,
	2.24185 2.1797,
	2.24629 2.17526,
	2.25189 2.17241,
	2.2581 2.17142,
	2.26431 2.17241,
	2.26991 2.17526,
	2.27435 2.1797,
	2.27721 2.1853,
	2.27819 2.19151,
	2.27721 2.19772,
	2.27435 2.20332,
	2.26991 2.20776,
	2.26431 2.21062,
	2.2581 2.2116,
	2.25189 2.21062,
	2.24629 2.20776,
	2.24185 2.20332,
	"/>
<Contour name="Ea1(v37)" hidden="false" closed="true" simplified="true" border="0.996078 0.270588 0.027451" fill="1 0 0" mode="9"
 points="2.16436 2.16138,
	2.16529 2.15552,
	2.16798 2.15023,
	2.17218 2.14603,
	2.17747 2.14334,
	2.18333 2.14241,
	2.18919 2.14334,
	2.19448 2.14603,
	2.19868 2.15023,
	2.20137 2.15552,
	2.2023 2.16138,
	2.20137 2.16724,
	2.19868 2.17253,
	2.19448 2.17673,
	2.18919 2.17942,
	2.18333 2.18035,
	2.17747 2.17942,
	2.17218 2.17673,
	2.16798 2.17253,
	"/>
<Contour name="Ea1(v38)" hidden="false" closed="true" simplified="true" border="0.996078 0.270588 0.027451" fill="1 0 0" mode="9"
 points="2.22462 2.11786,
	2.22544 2.11165,
	2.22782 2.10605,
	2.23152 2.10161,
	2.23619 2.09875,
	2.24136 2.09777,
	2.24653 2.09875,
	2.2512 2.10161,
	2.2549 2.10605,
	2.25728 2.11165,
	2.2581 2.11786,
	2.25728 2.12406,
	2.2549 2.12966,
	2.2512 2.13411,
	2.24653 2.13696,
	2.24136 2.13794,
	2.23619 2.13696,
	2.23152 2.13411,
	2.22782 2.12966,
	"/>
<Contour name="Ea1(v39)" hidden="false" closed="true" simplified="true" border="0.996078 0.270588 0.027451" fill="1 0 0" mode="9"
 points="2.17329 2.09889,
	2.17427 2.09233,
	2.17712 2.08642,
	2.18157 2.08173,
	2.18717 2.07872,
	2.19338 2.07768,
	2.19958 2.07872,
	2.20518 2.08173,
	2.20963 2.08642,
	2.21248 2.09233,
	2.21346 2.09889,
	2.21248 2.10544,
	2.20963 2.11135,
	2.20518 2.11604,
	2.19958 2.11905,
	2.19338 2.12009,
	2.18717 2.11905,
	2.18157 2.11604,
	2.17712 2.11135,
	"/>
<Contour name="Ea1(v40)" hidden="false" closed="true" simplified="true" border="0.996078 0.270588 0.027451" fill="1 0 0" mode="9"
 points="2.13088 2.06317,
	2.13175 2.05731,
	2.13429 2.05202,
	2.13824 2.04783,
	2.14322 2.04513,
	2.14874 2.0442,
	2.15425 2.04513,
	2.15923 2.04783,
	2.16318 2.05202,
	2.16572 2.05731,
	2.16659 2.06317,
	2.16572 2.06904,
	2.16318 2.07433,
	2.15923 2.07852,
	2.15425 2.08122,
	2.14874 2.08215,
	2.14322 2.08122,
	2.13824 2.07852,
	2.13429 2.07433,
	"/>
<Contour name="Ea1(v41)" hidden="false" closed="true" simplified="true" border="0.996078 0.270588 0.027451" fill="1 0 0" mode="9"
 points="2.15097 2.01072,
	2.15206 2.00314,
	2.15523 1.99629,
	2.16017 1.99086,
	2.16639 1.98737,
	2.17329 1.98617,
	2.18018 1.98737,
	2.18641 1.99086,
	2.19134 1.99629,
	2.19451 2.00314,
	2.19561 2.01072,
	2.19451 2.01831,
	2.19134 2.02515,
	2.18641 2.03059,
	2.18018 2.03407,
	2.17329 2.03528,
	2.16639 2.03407,
	2.16017 2.03059,
	2.15523 2.02515,
	"/>
<Contour name="Ea1(v42)" hidden="false" closed="true" simplified="true" border="0.996078 0.270588 0.027451" fill="1 0 0" mode="9"
 points="2.209 2.04643,
	2.21004 2.03788,
	2.21307 2.03009,
	2.21782 2.02375,
	2.22387 2.01943,
	2.23068 2.0175,
	2.23765 2.01815,
	2.24415 2.02131,
	2.24961 2.0267,
	2.25355 2.03385,
	2.25561 2.04211,
	2.25561 2.05076,
	2.25355 2.05902,
	2.24961 2.06617,
	2.24415 2.07156,
	2.23765 2.07472,
	2.23068 2.07537,
	2.22387 2.07344,
	2.21782 2.06912,
	2.21307 2.06278,
	"/>
<Contour name="Ea1(v43)" hidden="false" closed="true" simplified="true" border="0.996078 0.270588 0.027451" fill="1 0 0" mode="9"
 points="2.2648 2.05759,
	2.26584 2.05139,
	2.26885 2.04579,
	2.27354 2.04134,
	2.27945 2.03849,
	2.286 2.03751,
	2.29255 2.03849,
	2.29846 2.04134,
	2.30315 2.04579,
	2.30617 2.05139,
	2.3072 2.05759,
	2.30617 2.0638,
	2.30315 2.0694,
	2.29846 2.07385,
	2.29255 2.0767,
	2.286 2.07768,
	2.27945 2.0767,
	2.27354 2.07385,
	2.26885 2.0694,
	"/>
<Contour name="Ea1(v44)" hidden="false" closed="true" simplified="true" border="0.996078 0.270588 0.027451" fill="1 0 0" mode="9"
 points="2.2581 2.00849,
	2.25908 2.00228,
	2.26194 1.99668,
	2.26638 1.99224,
	2.27198 1.98939,
	2.27819 1.9884,
	2.2844 1.98939,
	2.29 1.99224,
	2.29444 1.99668,
	2.29729 2.00228,
	2.29828 2.00849,
	2.29729 2.0147,
	2.29444 2.0203,
	2.29 2.02474,
	2.2844 2.0276,
	2.27819 2.02858,
	2.27198 2.0276,
	2.26638 2.02474,
	2.26194 2.0203,
	"/>
<Contour name="Ea1(v45)" hidden="false" closed="true" simplified="true" border="0.996078 0.270588 0.027451" fill="1 0 0" mode="9"
 points="2.31613 2.00961,
	2.31701 2.00375,
	2.31954 1.99846,
	2.32349 1.99426,
	2.32847 1.99156,
	2.33399 1.99064,
	2.33951 1.99156,
	2.34448 1.99426,
	2.34843 1.99846,
	2.35097 2.00375,
	2.35184 2.00961,
	2.35097 2.01547,
	2.34843 2.02076,
	2.34448 2.02496,
	2.33951 2.02765,
	2.33399 2.02858,
	2.32847 2.02765,
	2.32349 2.02496,
	2.31954 2.02076,
	"/>
<Contour name="Ea1(v46)" hidden="false" closed="true" simplified="true" border="0.996078 0.270588 0.027451" fill="1 0 0" mode="9"
 points="2.48576 2.01965,
	2.48669 2.01344,
	2.48938 2.00784,
	2.49358 2.0034,
	2.49887 2.00055,
	2.50473 1.99956,
	2.51059 2.00055,
	2.51588 2.0034,
	2.52008 2.00784,
	2.52277 2.01344,
	2.5237 2.01965,
	2.52277 2.02586,
	2.52008 2.03146,
	2.51588 2.0359,
	2.51059 2.03876,
	2.50473 2.03974,
	2.49887 2.03876,
	2.49358 2.0359,
	2.48938 2.03146,
	"/>
<Contour name="Ea1(v47)" hidden="false" closed="true" simplified="true" border="0.996078 0.270588 0.027451" fill="1 0 0" mode="9"
 points="2.28042 1.95269,
	2.28119 1.94718,
	2.2834 1.9422,
	2.28686 1.93825,
	2.29122 1.93571,
	2.29604 1.93484,
	2.30087 1.93571,
	2.30523 1.93825,
	2.30868 1.9422,
	2.3109 1.94718,
	2.31167 1.95269,
	2.3109 1.95821,
	2.30868 1.96319,
	2.30523 1.96714,
	2.30087 1.96967,
	2.29604 1.97055,
	2.29122 1.96967,
	2.28686 1.96714,
	2.2834 1.96319,
	"/>
<Contour name="Ea1(v48)" hidden="false" closed="true" simplified="true" border="0.996078 0.270588 0.027451" fill="1 0 0" mode="9"
 points="2.33622 1.95381,
	2.33704 1.94726,
	2.33942 1.94135,
	2.34312 1.93666,
	2.34779 1.93364,
	2.35296 1.93261,
	2.35813 1.93364,
	2.3628 1.93666,
	2.3665 1.94135,
	2.36888 1.94726,
	2.3697 1.95381,
	2.36888 1.96036,
	2.3665 1.96627,
	2.3628 1.97096,
	2.35813 1.97397,
	2.35296 1.97501,
	2.34779 1.97397,
	2.34312 1.97096,
	2.33942 1.96627,
	"/>
<Contour name="Ea1(v49)" hidden="false" closed="true" simplified="true" border="0.996078 0.270588 0.027451" fill="1 0 0" mode="9"
 points="2.3697 1.91363,
	2.37063 1.90846,
	2.37332 1.90379,
	2.37752 1.90009,
	2.38281 1.89771,
	2.38867 1.89689,
	2.39453 1.89771,
	2.39982 1.90009,
	2.40402 1.90379,
	2.40671 1.90846,
	2.40764 1.91363,
	2.40671 1.91881,
	2.40402 1.92347,
	2.39982 1.92718,
	2.39453 1.92955,
	2.38867 1.93037,
	2.38281 1.92955,
	2.37752 1.92718,
	2.37332 1.92347,
	"/>
<Contour name="Ea1(v50)" hidden="false" closed="true" simplified="true" border="0.996078 0.270588 0.027451" fill="1 0 0" mode="9"
 points="2.30274 1.91475,
	2.30351 1.90923,
	2.30572 1.90425,
	2.30918 1.9003,
	2.31354 1.89777,
	2.31836 1.89689,
	2.32319 1.89777,
	2.32755 1.9003,
	2.331 1.90425,
	2.33322 1.90923,
	2.33399 1.91475,
	2.33322 1.92027,
	2.331 1.92525,
	2.32755 1.9292,
	2.32319 1.93173,
	2.31836 1.93261,
	2.31354 1.93173,
	2.30918 1.9292,
	2.30572 1.92525,
	"/>
<Contour name="Ea1(v51)" hidden="false" closed="true" simplified="true" border="0.996078 0.270588 0.027451" fill="1 0 0" mode="9"
 points="2.25141 1.90359,
	2.25244 1.89738,
	2.25546 1.89178,
	2.26015 1.88734,
	2.26606 1.88449,
	2.27261 1.8835,
	2.27916 1.88449,
	2.28507 1.88734,
	2.28976 1.89178,
	2.29277 1.89738,
	2.29381 1.90359,
	2.29277 1.9098,
	2.28976 1.9154,
	2.28507 1.91984,
	2.27916 1.92269,
	2.27261 1.92368,
	2.26606 1.92269,
	2.26015 1.91984,
	2.25546 1.9154,
	"/>
<Contour name="Ea1(v52)" hidden="false" closed="true" simplified="true" border="0.996078 0.270588 0.027451" fill="1 0 0" mode="9"
 points="2.19561 1.92703,
	2.19664 1.91978,
	2.19966 1.91325,
	2.20435 1.90807,
	2.21026 1.90474,
	2.21681 1.90359,
	2.22336 1.90474,
	2.22927 1.90807,
	2.23396 1.91325,
	2.23698 1.91978,
	2.23801 1.92703,
	2.23698 1.93427,
	2.23396 1.9408,
	2.22927 1.94599,
	2.22336 1.94931,
	2.21681 1.95046,
	2.21026 1.94931,
	2.20435 1.94599,
	2.19966 1.9408,
	"/>
</Transform>

<Transform dim="0"
 xcoef=" 0 1 0 0 0 0"
 ycoef=" 0 0 1 0 0 0">
<Contour name="Ea2(v2)" hidden="false" closed="true" simplified="true" border="0.611765 0.27451 0.643137" fill="0.458824 0.729412 1" mode="9"
 points="1.06671 0.82403,
	1.06738 0.818901,
	1.06935 0.814188,
	1.07246 0.810272,
	1.07646 0.80747,
	1.08102 0.80601,
	1.08577 0.80601,
	1.09033 0.80747,
	1.09432 0.810272,
	1.09743 0.814188,
	1.09941 0.818901,
	1.10008 0.82403,
	1.09941 0.82916,
	1.09743 0.833873,
	1.09432 0.837789,
	1.09033 0.840591,
	1.08577 0.842051,
	1.08102 0.842051,
	1.07646 0.840591,
	1.07246 0.837789,
	1.06935 0.833873,
	1.06738 0.82916,
	"/>
<Contour name="Ea2(v3)" hidden="false" closed="true" simplified="true" border="0.611765 0.27451 0.643137" fill="0.458824 0.729412 1" mode="9"
 points="1.13649 0.730728,
	1.13714 0.725202,
	1.13903 0.720086,
	1.14203 0.715759,
	1.14591 0.712543,
	1.15039 0.710675,
	1.15513 0.710294,
	1.15978 0.711429,
	1.164 0.713995,
	1.16747 0.717802,
	1.16994 0.722568,
	1.17122 0.727939,
	1.17122 0.733516,
	1.16994 0.738887,
	1.16747 0.743653,
	1.164 0.74746,
	1.15978 0.750026,
	1.15513 0.751161,
	1.15039 0.75078,
	1.14591 0.748912,
	1.14203 0.745696,
	1.13903 0.741369,
	1.13714 0.736253,
	"/>
<Contour name="Ea2(v4)" hidden="false" closed="true" simplified="true" border="0.611765 0.27451 0.643137" fill="0.458824 0.729412 1" mode="9"
 points="1.08339 0.773207,
	1.08397 0.767579,
	1.08565 0.762279,
	1.08835 0.757613,
	1.09191 0.753854,
	1.09612 0.75122,
	1.10074 0.749863,
	1.10549 0.749863,
	1.11011 0.75122,
	1.11432 0.753854,
	1.11788 0.757613,
	1.12058 0.762279,
	1.12227 0.767579,
	1.12284 0.773207,
	1.12227 0.778834,
	1.12058 0.784135,
	1.11788 0.7888,
	1.11432 0.79256,
	1.11011 0.795194,
	1.10549 0.796551,
	1.10074 0.796551,
	1.09612 0.795194,
	1.09191 0.79256,
	1.08835 0.7888,
	1.08565 0.784135,
	1.08397 0.778834,
	"/>
<Contour name="Ea2(v5)" hidden="false" closed="true" simplified="true" border="0.611765 0.27451 0.643137" fill="0.458824 0.729412 1" mode="9"
 points="1.02878 0.779275,
	1.02935 0.773648,
	1.03104 0.768347,
	1.03374 0.763682,
	1.0373 0.759923,
	1.04151 0.757288,
	1.04612 0.755931,
	1.05088 0.755931,
	1.05549 0.757288,
	1.0597 0.759923,
	1.06326 0.763682,
	1.06596 0.768347,
	1.06765 0.773648,
	1.06822 0.779275,
	1.06765 0.784903,
	1.06596 0.790204,
	1.06326 0.794869,
	1.0597 0.798628,
	1.05549 0.801263,
	1.05088 0.802619,
	1.04612 0.802619,
	1.04151 0.801263,
	1.0373 0.798628,
	1.03374 0.794869,
	1.03104 0.790204,
	1.02935 0.784903,
	"/>
<Contour name="Ea2(v6)" hidden="false" closed="true" simplified="true" border="0.611765 0.27451 0.643137" fill="0.458824 0.729412 1" mode="9"
 points="0.974161 0.806584,
	0.974734 0.801682,
	0.97642 0.797066,
	0.979121 0.793002,
	0.98268 0.789728,
	0.98689 0.787433,
	0.991506 0.786252,
	0.996261 0.786252,
	1.00088 0.787433,
	1.00509 0.789728,
	1.00865 0.793002,
	1.01135 0.797066,
	1.01303 0.801682,
	1.01361 0.806584,
	1.01303 0.811485,
	1.01135 0.816102,
	1.00865 0.820165,
	1.00509 0.823439,
	1.00088 0.825734,
	0.996261 0.826915,
	0.991506 0.826915,
	0.98689 0.825734,
	0.98268 0.823439,
	0.979121 0.820165,
	0.97642 0.816102,
	0.974734 0.811485,
	"/>
<Contour name="Ea2(v7)" hidden="false" closed="true" simplified="true" border="0.611765 0.27451 0.643137" fill="0.458824 0.729412 1" mode="9"
 points="0.949887 0.75045,
	0.950563 0.74468,
	0.952536 0.739377,
	0.955647 0.734971,
	0.959643 0.73182,
	0.9642 0.730177,
	0.96895 0.730177,
	0.973508 0.73182,
	0.977504 0.734971,
	0.980614 0.739377,
	0.982587 0.74468,
	0.983263 0.75045,
	0.982587 0.75622,
	0.980614 0.761523,
	0.977504 0.765929,
	0.973508 0.76908,
	0.96895 0.770723,
	0.9642 0.770723,
	0.959643 0.76908,
	0.955647 0.765929,
	0.952536 0.761523,
	0.950563 0.75622,
	"/>
<Contour name="Ea2(v8)" hidden="false" closed="true" simplified="true" border="0.611765 0.27451 0.643137" fill="0.458824 0.729412 1" mode="9"
 points="0.996918 0.714039,
	0.997564 0.708513,
	0.999457 0.703398,
	1.00246 0.699071,
	1.00634 0.695854,
	1.01081 0.693986,
	1.01556 0.693606,
	1.02021 0.694741,
	1.02443 0.697307,
	1.0279 0.701114,
	1.03037 0.705879,
	1.03165 0.71125,
	1.03165 0.716828,
	1.03037 0.722199,
	1.0279 0.726965,
	1.02443 0.730772,
	1.02021 0.733338,
	1.01556 0.734473,
	1.01081 0.734092,
	1.00634 0.732224,
	1.00246 0.729008,
	0.999457 0.724681,
	0.997564 0.719565,
	"/>
<Contour name="Ea2(v9)" hidden="false" closed="true" simplified="true" border="0.611765 0.27451 0.643137" fill="0.458824 0.729412 1" mode="9"
 points="1.05153 0.689765,
	1.05221 0.683995,
	1.05418 0.678692,
	1.05729 0.674287,
	1.06129 0.671135,
	1.06585 0.669493,
	1.0706 0.669493,
	1.07515 0.671135,
	1.07915 0.674287,
	1.08226 0.678692,
	1.08423 0.683995,
	1.08491 0.689765,
	1.08423 0.695535,
	1.08226 0.700838,
	1.07915 0.705244,
	1.07515 0.708396,
	1.0706 0.710038,
	1.06585 0.710038,
	1.06129 0.708396,
	1.05729 0.705244,
	1.05418 0.700838,
	1.05221 0.695535,
	"/>
<Contour name="Ea2(v10)" hidden="false" closed="true" simplified="true" border="0.611765 0.27451 0.643137" fill="0.458824 0.729412 1" mode="9"
 points="1.0925 0.662457,
	1.09324 0.657066,
	1.09539 0.652202,
	1.09875 0.648342,
	1.10298 0.645864,
	1.10767 0.64501,
	1.11236 0.645864,
	1.11658 0.648342,
	1.11994 0.652202,
	1.1221 0.657066,
	1.12284 0.662457,
	1.1221 0.667848,
	1.11994 0.672712,
	1.11658 0.676572,
	1.11236 0.67905,
	1.10767 0.679904,
	1.10298 0.67905,
	1.09875 0.676572,
	1.09539 0.672712,
	"/>
<Contour name="Ea2(v11)" hidden="false" closed="true" simplified="true" border="0.611765 0.27451 0.643137" fill="0.458824 0.729412 1" mode="9"
 points="0.951404 0.610875,
	0.95208 0.605105,
	0.954053 0.599802,
	0.957164 0.595396,
	0.96116 0.592245,
	0.965717 0.590602,
	0.970467 0.590602,
	0.975025 0.592245,
	0.979021 0.595396,
	0.982131 0.599802,
	0.984105 0.605105,
	0.984781 0.610875,
	0.984105 0.616645,
	0.982131 0.621948,
	0.979021 0.626354,
	0.975025 0.629505,
	0.970467 0.631148,
	0.965717 0.631148,
	0.96116 0.629505,
	0.957164 0.626354,
	0.954053 0.621948,
	0.95208 0.616645,
	"/>
<Contour name="Ea2(v12)" hidden="false" closed="true" simplified="true" border="0.611765 0.27451 0.643137" fill="0.458824 0.729412 1" mode="9"
 points="1.00602 0.594945,
	1.00667 0.589624,
	1.00856 0.584698,
	1.01156 0.580531,
	1.01544 0.577434,
	1.01992 0.575635,
	1.02466 0.575269,
	1.02931 0.576361,
	1.03353 0.578832,
	1.037 0.582498,
	1.03947 0.587088,
	1.04075 0.59226,
	1.04075 0.597631,
	1.03947 0.602803,
	1.037 0.607392,
	1.03353 0.611058,
	1.02931 0.613529,
	1.02466 0.614622,
	1.01992 0.614255,
	1.01544 0.612457,
	1.01156 0.609359,
	1.00856 0.605193,
	1.00667 0.600266,
	"/>
</Transform>

<Transform dim="0"
 xcoef=" 0 1 0 0 0 0"
 ycoef=" 0 0 1 0 0 0">
<Contour name="Ea5(ER)" hidden="false" closed="true" simplified="true" border="0 0.882 0.882" fill="0.502 1 1" mode="9"
 points="2.47445 2.75742,
	2.48536 2.7356,
	2.49627 2.73083,
	2.50718 2.73288,
	2.51264 2.73356,
	2.51809 2.73697,
	2.5215 2.74242,
	2.52355 2.75333,
	2.51809 2.76424,
	2.51673 2.76697,
	2.50582 2.77583,
	2.50309 2.77788,
	2.49218 2.77856,
	2.48673 2.77788,
	2.47718 2.76697,
	2.47582 2.76561,
	2.47514 2.76015,
	2.47445 2.75811,
	"/>
</Transform>

<Transform dim="0"
 xcoef=" 0 1 0 0 0 0"
 ycoef=" 0 0 1 0 0 0">
<Contour name="Ea5(ER)" hidden="false" closed="true" simplified="true" border="0 0.882 0.882" fill="0.502 1 1" mode="9"
 points="2.74493 2.55939,
	2.74867 2.54742,
	2.7554 2.53545,
	2.76737 2.52572,
	2.77934 2.52123,
	2.78533 2.51974,
	2.7973 2.51375,
	2.80328 2.51151,
	2.80403 2.51076,
	2.816 2.51974,
	2.82573 2.54368,
	2.82648 2.55565,
	2.83022 2.56762,
	2.83171 2.5736,
	2.83097 2.57959,
	2.82872 2.58558,
	2.82498 2.59156,
	2.82199 2.5938,
	2.81002 2.59755,
	2.80403 2.59904,
	2.79206 2.59755,
	2.78009 2.5938,
	2.77411 2.59231,
	2.76214 2.58258,
	2.75615 2.57809,
	2.75316 2.5751,
	2.74643 2.56313,
	2.74493 2.56014,
	"/>
</Transform>

<Transform dim="0"
 xcoef=" 0 1 0 0 0 0"
 ycoef=" 0 0 1 0 0 0">
<Contour name="Ea5(mito1)" hidden="false" closed="true" simplified="true" border="0 0 1" fill="0 0 1" mode="9"
 points="2.45339 3.8424,
	2.48708 3.79747,
	2.50393 3.77501,
	2.51376 3.76377,
	2.52078 3.75254,
	2.52921 3.73008,
	2.55588 3.68515,
	2.5629 3.66268,
	2.56992 3.61775,
	2.57413 3.57282,
	2.56992 3.55036,
	2.56711 3.53913,
	2.56711 3.4942,
	2.56992 3.48297,
	2.58115 3.4605,
	2.58677 3.44927,
	2.58818 3.44365,
	2.5952 3.43382,
	2.60222 3.41136,
	2.60362 3.40715,
	2.60643 3.39732,
	2.60643 3.3917,
	2.61345 3.36924,
	2.62328 3.34677,
	2.62608 3.34116,
	2.62608 3.31869,
	2.62889 3.30746,
	2.62608 3.285,
	2.61906 3.26253,
	2.61064 3.2176,
	2.60924 3.20637,
	2.60222 3.1839,
	2.57975 3.13897,
	2.57694 3.12774,
	2.57413 3.12213,
	2.57413 3.11089,
	2.56431 3.06596,
	2.5629 3.0435,
	2.56711 2.99857,
	2.57133 2.97611,
	2.57975 2.95364,
	2.59239 2.93118,
	2.61485 2.91994,
	2.63732 2.91292,
	2.65978 2.91573,
	2.68225 2.92696,
	2.72015 2.97049,
	2.74683 3.01542,
	2.75806 3.03788,
	2.7693 3.08281,
	2.78334 3.12774,
	2.79176 3.15021,
	2.79738 3.16144,
	2.80019 3.17267,
	2.8044 3.26253,
	2.8044 3.30746,
	2.81142 3.35239,
	2.81844 3.44225,
	2.81282 3.46471,
	2.81001 3.47594,
	2.81142 3.48718,
	2.80721 3.50964,
	2.79457 3.55457,
	2.78895 3.57704,
	2.7707 3.62197,
	2.71313 3.71182,
	2.69067 3.75675,
	2.68505 3.76799,
	2.65416 3.81292,
	2.60924 3.85363,
	2.58677 3.87188,
	2.56852 3.89435,
	2.56009 3.90558,
	2.53763 3.91822,
	2.5264 3.92103,
	2.50393 3.91681,
	2.4927 3.91401,
	2.4576 3.87048,
	2.45339 3.84802,
	2.45339 3.8438,
	"/>
</Transform>

<Transform dim="0"
 xcoef=" 0 1 0 0 0 0"
 ycoef=" 0 0 1 0 0 0">
<Contour name="Ea5(mito3)" hidden="false" closed="true" simplified="true" border="0 0 1" fill="0 0 1" mode="9"
 points="3.06628 1.9987,
	3.07212 1.95711,
	3.07277 1.95192,
	3.08122 1.93112,
	3.08577 1.92073,
	3.10006 1.89993,
	3.11111 1.87914,
	3.12346 1.85835,
	3.1293 1.84795,
	3.19298 1.76478,
	3.20078 1.75439,
	3.20468 1.74919,
	3.22547 1.73229,
	3.24626 1.7193,
	3.25666 1.7128,
	3.26186 1.70955,
	3.27225 1.7063,
	3.27745 1.70435,
	3.29824 1.7037,
	3.31904 1.7245,
	3.32553 1.73489,
	3.32878 1.74009,
	3.33073 1.74529,
	3.33203 1.75568,
	3.33268 1.76088,
	3.33008 1.78168,
	3.32553 1.80247,
	3.32229 1.82326,
	3.31774 1.83366,
	3.31189 1.84405,
	3.30929 1.84925,
	3.30279 1.87004,
	3.28395 1.91163,
	3.27355 1.93242,
	3.27095 1.93762,
	3.2677 1.94802,
	3.26316 1.95841,
	3.26056 1.96361,
	3.23132 2.0052,
	3.22482 2.01559,
	3.21962 2.02599,
	3.20338 2.04613,
	3.18258 2.05783,
	3.17219 2.06303,
	3.1514 2.07082,
	3.141 2.07277,
	3.12021 2.07212,
	3.10981 2.07082,
	3.10461 2.07017,
	3.09422 2.06563,
	3.08382 2.05848,
	3.07472 2.03769,
	3.07147 2.02729,
	3.06757 2.0065,
	3.06628 2.0013,
	3.06628 1.99935,
	"/>
</Transform>

<Transform dim="0"
 xcoef=" 0 1 0 0 0 0"
 ycoef=" 0 0 1 0 0 0">
<Contour name="Ea5(ER)" hidden="false" closed="true" simplified="true" border="0 0.882 0.882" fill="0.502 1 1" mode="9"
 points="2.53037 2.86925,
	2.53173 2.85834,
	2.53378 2.85288,
	2.53718 2.84743,
	2.54809 2.84197,
	2.55355 2.84061,
	2.55628 2.83993,
	2.56719 2.84538,
	2.5781 2.84947,
	2.58355 2.85425,
	2.5856 2.85698,
	2.58628 2.86243,
	2.5856 2.86788,
	2.58355 2.87334,
	2.57605 2.88425,
	2.57128 2.88766,
	2.56037 2.89175,
	2.54946 2.88698,
	2.53855 2.87948,
	2.53309 2.8747,
	2.53037 2.87198,
	2.53037 2.86993,
	"/>
</Transform>

<Transform dim="0"
 xcoef=" 0 1 0 0 0 0"
 ycoef=" 0 0 1 0 0 0">
<Contour name="Ea2(mito2)" hidden="false" closed="true" simplified="true" border="0 0 1" fill="0 0 1" mode="9"
 points="0.805724 0.433166,
	0.811072 0.418905,
	0.818202 0.413558,
	0.821767 0.411775,
	0.836028 0.420688,
	0.860984 0.447426,
	0.873462 0.461687,
	0.88594 0.472383,
	0.89307 0.486643,
	0.894853 0.490208,
	0.882375 0.500904,
	0.875245 0.500904,
	0.871679 0.500904,
	0.857419 0.486643,
	0.843158 0.475948,
	0.81642 0.447426,
	0.809289 0.440296,
	0.805724 0.434948,
	"/>
</Transform>

<Transform dim="0"
 xcoef=" 0 1 0 0 0 0"
 ycoef=" 0 0 1 0 0 0">
<Contour name="Ea2(ER)" hidden="false" closed="true" simplified="true" border="0.607843 0.768627 0.956863" fill="0.733333 0.752941 0.94902" mode="9"
 points="0.352905 -0.205365,
	0.354358 -0.206091,
	0.365981 -0.198827,
	0.376878 -0.187204,
	0.382689 -0.175581,
	0.386321 -0.169769,
	0.391406 -0.146524,
	0.395038 -0.140712,
	0.416105 -0.117466,
	0.432813 -0.0942205,
	0.442256 -0.0825976,
	0.456059 -0.0593518,
	0.466229 -0.0477288,
	0.47204 -0.0419174,
	0.478578 -0.0302945,
	0.480031 -0.0273887,
	0.503277 -0.00559577,
	0.521438 0.0176501,
	0.529428 0.029273,
	0.53524 0.0408959,
	0.540325 0.0641417,
	0.541778 0.0757646,
	0.541778 0.0815761,
	0.547589 0.104822,
	0.557759 0.128068,
	0.562844 0.139691,
	0.56575 0.145502,
	0.575194 0.157125,
	0.578826 0.162937,
	0.580279 0.165842,
	0.580279 0.166569,
	0.588269 0.178918,
	0.598439 0.190541,
	0.601345 0.196352,
	0.602072 0.202164,
	0.603524 0.20507,
	0.604977 0.216693,
	0.604977 0.218145,
	0.602072 0.221051,
	0.600619 0.221778,
	0.577373 0.199258,
	0.541778 0.152766,
	0.533787 0.141144,
	0.527249 0.129521,
	0.5149 0.083029,
	0.509088 0.0597831,
	0.508362 0.0539717,
	0.499645 0.0307258,
	0.480757 0.00748001,
	0.474946 0.00457428,
	0.464049 -0.00632221,
	0.457512 -0.0179451,
	0.445889 -0.0288416,
	0.437171 -0.0404645,
	0.424822 -0.0637104,
	0.420464 -0.0695218,
	0.414652 -0.0811447,
	0.411746 -0.0869562,
	0.404482 -0.110202,
	0.403029 -0.116013,
	0.384868 -0.139259,
	0.37833 -0.150882,
	0.374698 -0.156694,
	0.363802 -0.166137,
	0.35799 -0.169769,
	0.34782 -0.193015,
	0.347094 -0.195921,
	0.346367 -0.197374,
	0.349273 -0.203185,
	0.352179 -0.205365,
	"/>
</Transform>

<Transform dim="0"
 xcoef=" 0 1 0 0 0 0"
 ycoef=" 0 0 1 0 0 0">
<Contour name="Ea2(endo)" hidden="false" closed="true" simplified="true" border="1 1 0.501961" fill="0.733333 0.752941 0.94902" mode="9"
 points="0.928703 0.457656,
	0.930279 0.456869,
	0.93658 0.458444,
	0.949184 0.464746,
	0.97439 0.482863,
	0.975178 0.486014,
	0.975966 0.487589,
	0.972815 0.493891,
	0.971239 0.497041,
	0.968089 0.498617,
	0.961787 0.499405,
	0.955485 0.497041,
	0.942882 0.486801,
	0.93658 0.481287,
	0.931854 0.474986,
	0.929491 0.471835,
	0.928703 0.459232,
	0.928703 0.458444,
	"/>
</Transform>

<Transform dim="0"
 xcoef=" 0 1 0 0 0 0"
 ycoef=" 0 0 1 0 0 0">
<Contour name="Ea1(ER)" hidden="false" closed="true" simplified="true" border="0.608 0.769 0.957" fill="0.733 0.753 0.949" mode="9"
 points="2.09357 2.16275,
	2.09488 2.15579,
	2.09749 2.14883,
	2.09836 2.14535,
	2.09923 2.14361,
	2.09792 2.12969,
	2.09749 2.12273,
	2.09792 2.11577,
	2.1014 2.11229,
	2.10488 2.11055,
	2.10575 2.11011,
	2.10923 2.11185,
	2.11228 2.11533,
	2.11619 2.12229,
	2.11402 2.13622,
	2.11358 2.1397,
	2.11793 2.16754,
	2.12272 2.18146,
	2.12446 2.18494,
	2.12533 2.18668,
	2.12837 2.19016,
	2.13011 2.1919,
	2.13359 2.19277,
	2.14752 2.19408,
	2.15056 2.19625,
	2.15056 2.19669,
	2.15056 2.2006,
	2.14969 2.20408,
	2.14665 2.21104,
	2.14578 2.21452,
	2.14229 2.218,
	2.12837 2.22496,
	2.12141 2.22844,
	2.11837 2.23062,
	2.11706 2.2341,
	2.11358 2.23628,
	2.11184 2.23671,
	2.10836 2.23541,
	2.10488 2.23323,
	2.10097 2.22627,
	2.09966 2.22279,
	2.09923 2.21931,
	2.09879 2.21757,
	2.10227 2.20365,
	2.10314 2.19669,
	2.10314 2.18973,
	2.1001 2.18277,
	2.09618 2.1758,
	2.09444 2.17232,
	2.09357 2.16536,
	2.09357 2.16362,
	2.09357 2.16319,
	"/>
</Transform>

<Transform dim="0"
 xcoef=" 0 1 0 0 0 0"
 ycoef=" 0 0 1 0 0 0">
<Contour name="Ea1" hidden="false" closed="true" simplified="true" border="0.984314 0.207843 0.0156863" fill="1 1 0.690196" mode="9"
 points="3.77296 2.44616,
	3.79085 2.45398,
	3.79979 2.45845,
	3.81767 2.47075,
	3.82662 2.47746,
	3.8445 2.47969,
	3.85344 2.48081,
	3.86239 2.47857,
	3.87804 2.46069,
	3.88698 2.45622,
	3.89145 2.4551,
	3.90039 2.45957,
	3.90933 2.46628,
	3.92722 2.4741,
	3.96299 2.47857,
	3.97193 2.48081,
	3.98087 2.48081,
	3.98535 2.48193,
	3.98982 2.48081,
	4.0077 2.48752,
	4.02559 2.50205,
	4.03453 2.50987,
	4.04347 2.51546,
	4.05241 2.5177,
	4.05689 2.51658,
	4.07477 2.5244,
	4.07924 2.52776,
	4.08818 2.54564,
	4.09601 2.55458,
	4.13178 2.57135,
	4.14966 2.57918,
	4.16755 2.57694,
	4.17649 2.57806,
	4.19438 2.587,
	4.20108 2.59594,
	4.21897 2.60489,
	4.23685 2.606,
	4.27262 2.59594,
	4.30839 2.606,
	4.32628 2.61383,
	4.34416 2.61942,
	4.3531 2.62165,
	4.37099 2.62948,
	4.38887 2.6306,
	4.40676 2.63842,
	4.41011 2.64289,
	4.41011 2.64401,
	4.41011 2.65183,
	4.39893 2.66972,
	4.3967 2.67307,
	4.40117 2.68201,
	4.40341 2.68649,
	4.41235 2.69431,
	4.44812 2.71331,
	4.45706 2.7189,
	4.47495 2.73567,
	4.48277 2.74461,
	4.50066 2.75579,
	4.51854 2.76361,
	4.53643 2.76585,
	4.54537 2.76809,
	4.58114 2.78709,
	4.59902 2.80386,
	4.61132 2.82174,
	4.63144 2.85751,
	4.64262 2.8754,
	4.64709 2.88434,
	4.64821 2.89328,
	4.64709 2.90222,
	4.64038 2.91117,
	4.63144 2.91675,
	4.61355 2.92011,
	4.57778 2.92234,
	4.56884 2.92234,
	4.55096 2.92793,
	4.54313 2.93464,
	4.53866 2.94358,
	4.53643 2.94582,
	4.54649 2.98159,
	4.54201 2.99053,
	4.53307 2.99947,
	4.52413 2.99724,
	4.50624 2.98159,
	4.47495 2.94582,
	4.466 2.93799,
	4.43023 2.91899,
	4.41235 2.90893,
	4.37658 2.88098,
	4.35869 2.86422,
	4.34975 2.85751,
	4.33187 2.84857,
	4.26033 2.83739,
	4.25138 2.83627,
	4.21561 2.81839,
	4.17984 2.7938,
	4.16196 2.7815,
	4.12619 2.7625,
	4.1083 2.75355,
	4.07253 2.75803,
	4.06359 2.75691,
	4.02782 2.76809,
	4.01888 2.76697,
	4.001 2.75914,
	3.99205 2.75355,
	3.95628 2.7189,
	3.95181 2.71443,
	3.94287 2.69655,
	3.90822 2.66078,
	3.89033 2.64289,
	3.88139 2.63395,
	3.87245 2.62724,
	3.85568 2.60936,
	3.84897 2.60041,
	3.81209 2.52888,
	3.80203 2.51099,
	3.76961 2.47522,
	3.75731 2.45734,
	3.7562 2.45286,
	3.75843 2.44839,
	3.7629 2.44504,
	3.76514 2.44392,
	3.76961 2.44504,
	3.77184 2.44504,
	"/>
</Transform>

<Transform dim="0"
 xcoef=" 0 1 0 0 0 0"
 ycoef=" 0 0 1 0 0 0">
<Contour name="Ea5" hidden="false" closed="true" simplified="true" border="0.984314 0.207843 0.0156863" fill="1 1 0.690196" mode="9"
 points="2.44331 2.65704,
	"/>
</Transform>

<Transform dim="0"
 xcoef=" 0 1 0 0 0 0"
 ycoef=" 0 0 1 0 0 0">
<Contour name="Ea2" hidden="false" closed="true" simplified="true" border="0.984314 0.207843 0.0156863" fill="1 1 0.690196" mode="9"
 points="0.245646 -0.296372,
	0.247525 -0.30013,
	0.25504 -0.307175,
	0.258798 -0.310463,
	0.260676 -0.312342,
	0.275706 -0.320796,
	0.279464 -0.321736,
	0.286979 -0.320327,
	0.290736 -0.319387,
	0.292615 -0.319387,
	0.322675 -0.291676,
	0.337705 -0.277585,
	0.352735 -0.265843,
	0.367765 -0.253161,
	0.37528 -0.246116,
	0.4354 -0.216995,
	0.442915 -0.213708,
	0.472975 -0.192572,
	0.488005 -0.181769,
	0.49552 -0.176133,
	0.503035 -0.171905,
	0.506792 -0.169557,
	0.508671 -0.168618,
	0.512898 -0.161103,
	0.52511 -0.131043,
	0.535913 -0.100983,
	0.541549 -0.0859527,
	0.546716 -0.0558927,
	0.548594 -0.0408628,
	0.549064 -0.0371053,
	0.562685 -0.0070453,
	0.5702 0.00798468,
	0.583821 0.0380446,
	0.587578 0.0455596,
	0.592275 0.0530746,
	0.618108 0.0831346,
	0.631259 0.0981646,
	0.637835 0.10568,
	0.642062 0.113195,
	0.648638 0.128225,
	0.651456 0.13574,
	0.652395 0.139497,
	0.682455 0.169557,
	0.697485 0.183648,
	0.705 0.189284,
	0.708758 0.192102,
	0.723788 0.206662,
	0.738818 0.216526,
	0.768878 0.233904,
	0.772635 0.235783,
	0.776393 0.238601,
	0.802225 0.268661,
	0.807862 0.276176,
	0.814907 0.291206,
	0.818195 0.298721,
	0.819604 0.313751,
	0.82571 0.328781,
	0.827588 0.332538,
	0.839331 0.347568,
	0.852952 0.362598,
	0.859527 0.370113,
	0.867042 0.377159,
	0.897102 0.399234,
	0.912132 0.411915,
	0.971782 0.471566,
	0.986343 0.486596,
	0.993858 0.494111,
	1.02392 0.520883,
	1.05398 0.544367,
	1.06901 0.556579,
	1.09907 0.583351,
	1.10658 0.590397,
	1.10987 0.593684,
	1.11504 0.608714,
	1.11504 0.612472,
	1.11692 0.619987,
	1.11692 0.623744,
	1.11926 0.631259,
	1.12067 0.638774,
	1.12114 0.642532,
	1.12349 0.650047,
	1.12396 0.653804,
	1.12772 0.661319,
	1.13335 0.668834,
	1.14087 0.67494,
	1.14416 0.678228,
	1.15919 0.686213,
	1.1667 0.689031,
	1.17422 0.6895,
	1.18925 0.688091,
	1.193 0.687152,
	1.19488 0.686682,
	1.2024 0.688091,
	1.21743 0.695606,
	1.23011 0.710167,
	1.23199 0.712045,
	1.23575 0.71956,
	1.23716 0.723318,
	1.23763 0.727075,
	1.23763 0.728954,
	1.23669 0.730833,
	1.23669 0.738348,
	1.23387 0.753378,
	1.23387 0.757135,
	1.23622 0.760893,
	1.23622 0.761832,
	1.2395 0.76559,
	1.2395 0.766529,
	1.24138 0.767938,
	1.24138 0.769817,
	1.24279 0.773574,
	1.24326 0.777332,
	1.24326 0.779211,
	1.2442 0.781089,
	1.2442 0.788604,
	1.2442 0.792362,
	1.24185 0.799877,
	1.24138 0.801756,
	1.23997 0.803634,
	1.23809 0.811149,
	1.23763 0.813028,
	1.23622 0.814907,
	1.23481 0.818664,
	1.22729 0.82571,
	1.21978 0.831346,
	1.21602 0.833694,
	1.21226 0.834164,
	1.21038 0.835103,
	1.2085 0.835103,
	1.20663 0.836043,
	1.20475 0.836043,
	1.18972 0.843558,
	1.1822 0.848255,
	1.15214 0.849194,
	1.14838 0.850133,
	1.11832 0.845437,
	1.0582 0.851542,
	1.02814 0.853891,
	1.01311 0.857179,
	0.983055 0.851073,
	0.968025 0.847785,
	0.96051 0.844497,
	0.956752 0.842149,
	0.932798 0.812089,
	0.929511 0.808331,
	0.914011 0.778271,
	0.910253 0.770756,
	0.90086 0.740696,
	0.87033 0.620456,
	0.863285 0.590397,
	0.861406 0.582882,
	0.847315 0.552822,
	0.839331 0.537792,
	0.830407 0.522762,
	0.808801 0.492702,
	0.803634 0.485187,
	0.787665 0.455127,
	0.77968 0.440097,
	0.758544 0.410037,
	0.753378 0.402522,
	0.744924 0.387492,
	0.729894 0.357432,
	0.726606 0.349917,
	0.724727 0.346159,
	0.721439 0.331129,
	0.7205 0.327372,
	0.715333 0.319857,
	0.703121 0.304827,
	0.689031 0.289797,
	0.681516 0.282752,
	0.674001 0.277115,
	0.658971 0.268191,
	0.643941 0.260676,
	0.613881 0.247055,
	0.598851 0.24001,
	0.591336 0.236722,
	0.587578 0.234843,
	0.572548 0.222162,
	0.565033 0.215586,
	0.534973 0.186466,
	0.527458 0.181299,
	0.52558 0.17989,
	0.518065 0.17942,
	0.503035 0.17989,
	0.472975 0.19445,
	0.46546 0.197269,
	0.457945 0.199147,
	0.454187 0.199617,
	0.452309 0.200087,
	0.444794 0.198208,
	0.441036 0.196799,
	0.43446 0.189754,
	0.433051 0.187875,
	0.432112 0.186935,
	0.430703 0.17942,
	0.430233 0.16439,
	0.430233 0.156875,
	0.430233 0.153118,
	0.428824 0.14936,
	0.426006 0.145603,
	0.424127 0.143724,
	0.42037 0.143255,
	0.416612 0.143724,
	0.409097 0.147951,
	0.401582 0.14983,
	0.399704 0.1503,
	0.393598 0.143255,
	0.391249 0.139497,
	0.388901 0.131982,
	0.39031 0.124467,
	0.400173 0.109437,
	0.406279 0.0944071,
	0.407219 0.0868921,
	0.407688 0.0831346,
	0.406279 0.0793771,
	0.391719 0.0713924,
	0.387961 0.0685743,
	0.377628 0.0535443,
	0.371992 0.0460293,
	0.356492 0.0159694,
	0.341932 -0.0140906,
	0.340523 -0.0216056,
	0.341462 -0.0291206,
	0.346159 -0.0441506,
	0.348038 -0.0516656,
	0.346159 -0.0666956,
	0.342871 -0.0817255,
	0.340993 -0.0892405,
	0.326902 -0.1193,
	0.320796 -0.13433,
	0.318448 -0.141845,
	0.31563 -0.156875,
	0.31469 -0.16439,
	0.309524 -0.17942,
	0.296372 -0.20948,
	0.289327 -0.22451,
	0.271009 -0.25457,
	0.259737 -0.2696,
	0.254101 -0.277115,
	0.251283 -0.280873,
	0.249873 -0.282752,
	0.248934 -0.283691,
	0.247055 -0.291206,
	0.246116 -0.294963,
	0.245646 -0.295903,
	"/>
</Transform>

<Transform dim="0"
 xcoef=" 0 1 0 0 0 0"
 ycoef=" 0 0 1 0 0 0">
<Contour name="Ea1" hidden="false" closed="true" simplified="true" border="0.984314 0.207843 0.0156863" fill="1 1 0.690196" mode="9"
 points="2.0484 2.06257,
	2.04901 2.04311,
	2.0484 2.03337,
	2.04901 2.01391,
	2.04962 2.00904,
	2.05266 1.99931,
	2.05327 1.99445,
	2.05509 1.98958,
	2.0557 1.98715,
	2.06543 1.97802,
	2.0703 1.97316,
	2.08003 1.96647,
	2.09949 1.95795,
	2.11896 1.95248,
	2.13842 1.95126,
	2.14329 1.95004,
	2.15302 1.94944,
	2.15789 1.94761,
	2.16032 1.947,
	2.17005 1.9391,
	2.17492 1.93545,
	2.18343 1.92571,
	2.18951 1.91598,
	2.19256 1.91112,
	2.19438 1.90625,
	2.19681 1.88679,
	2.20046 1.86732,
	2.2029 1.85759,
	2.21263 1.84968,
	2.23209 1.84178,
	2.23696 1.84117,
	2.24669 1.84239,
	2.25155 1.84299,
	2.26129 1.84664,
	2.26615 1.84847,
	2.27588 1.85759,
	2.28075 1.86185,
	2.30021 1.86489,
	2.30995 1.8655,
	2.31968 1.86489,
	2.32941 1.86611,
	2.33002 1.86732,
	2.33975 1.86793,
	2.35921 1.87341,
	2.36165 1.87462,
	2.38111 1.87523,
	2.39084 1.87827,
	2.40057 1.88253,
	2.40544 1.88496,
	2.41456 1.8874,
	2.42004 1.88922,
	2.44011 1.9026,
	2.44498 1.90564,
	2.45471 1.90747,
	2.45957 1.90808,
	2.47904 1.90625,
	2.4985 1.90199,
	2.50823 1.89956,
	2.51067 1.89895,
	2.5204 1.90139,
	2.52527 1.90321,
	2.535 1.9099,
	2.53986 1.91355,
	2.54351 1.91842,
	2.54716 1.92815,
	2.54351 1.94761,
	2.54534 1.95734,
	2.54838 1.96708,
	2.55446 1.97681,
	2.56298 1.98654,
	2.56723 1.99141,
	2.57332 2.00114,
	2.57697 2.01087,
	2.57879 2.0206,
	2.5794 2.03033,
	2.58001 2.0352,
	2.58062 2.03763,
	2.57514 2.0571,
	2.57392 2.07656,
	2.57332 2.08143,
	2.57514 2.10089,
	2.57575 2.10576,
	2.57149 2.11549,
	2.56906 2.12035,
	2.53743 2.15928,
	2.52831 2.16901,
	2.5204 2.17874,
	2.49424 2.21767,
	2.48026 2.23714,
	2.47661 2.242,
	2.46748 2.25173,
	2.44802 2.26877,
	2.44315 2.27302,
	2.40422 2.29127,
	2.39449 2.29614,
	2.37503 2.31134,
	2.35739 2.33081,
	2.34827 2.34054,
	2.34158 2.35027,
	2.33002 2.36973,
	2.3136 2.38859,
	2.29413 2.39954,
	2.27467 2.4038,
	2.26494 2.40501,
	2.24547 2.39954,
	2.23574 2.39467,
	2.22601 2.38859,
	2.20654 2.37399,
	2.18708 2.36426,
	2.17735 2.35939,
	2.15789 2.35331,
	2.15302 2.35088,
	2.14876 2.34662,
	2.14633 2.34419,
	2.1439 2.33446,
	2.14268 2.32959,
	2.10497 2.25173,
	2.09524 2.23227,
	2.09037 2.22254,
	2.08003 2.18361,
	2.0782 2.17388,
	2.0776 2.16901,
	2.06057 2.13009,
	2.05205 2.11062,
	2.0484 2.09116,
	2.04658 2.08143,
	2.04718 2.07169,
	2.04779 2.06683,
	2.0484 2.06439,
	2.0484 2.06318,
	"/>
</Transform>

<Transform dim="0"
 xcoef=" 0 1 0 0 0 0"
 ycoef=" 0 0 1 0 0 0">
<Contour name="Ea5(endo6)" hidden="false" closed="true" simplified="true" border="1 1 0.501961" fill="0.502 1 1" mode="9"
 points="2.99083 2.08138,
	2.99492 2.05759,
	2.9964 2.05461,
	2.99715 2.05313,
	3.0031 2.04829,
	3.0057 2.04532,
	3.01165 2.04234,
	3.0176 2.04011,
	3.02949 2.039,
	3.03247 2.039,
	3.03842 2.04086,
	3.04437 2.04383,
	3.05032 2.04569,
	3.05626 2.0468,
	3.06221 2.05015,
	3.06482 2.05275,
	3.06891 2.0587,
	3.07114 2.06168,
	3.07225 2.06316,
	3.07262 2.06614,
	3.07262 2.06763,
	3.07262 2.06837,
	3.07783 2.07432,
	3.0808 2.07729,
	3.08192 2.07878,
	3.08303 2.08473,
	3.08266 2.09663,
	3.08155 2.10852,
	3.0808 2.11447,
	3.07894 2.12042,
	3.07857 2.12191,
	3.07411 2.12786,
	3.06891 2.13344,
	3.06296 2.13715,
	3.05701 2.14199,
	3.05106 2.14608,
	3.04808 2.14756,
	3.03619 2.15165,
	3.0347 2.15203,
	3.0228 2.15017,
	3.01983 2.14942,
	3.01834 2.14942,
	3.01239 2.14533,
	3.00942 2.14273,
	3.00086 2.13083,
	2.99863 2.12786,
	2.99417 2.11596,
	2.99083 2.10406,
	2.99083 2.09217,
	2.99083 2.08622,
	2.99083 2.08324,
	2.99083 2.08175,
	"/>
</Transform>

<Transform dim="0"
 xcoef=" 0 1 0 0 0 0"
 ycoef=" 0 0 1 0 0 0">
<Contour name="Ea5" hidden="false" closed="true" simplified="true" border="0.984314 0.207843 0.0156863" fill="1 1 0.690196" mode="9"
 points="2.32838 3.69446,
	2.33624 3.67769,
	2.33833 3.66931,
	2.33938 3.66093,
	2.33676 3.64417,
	2.33571 3.63579,
	2.33676 3.62741,
	2.34462 3.61064,
	2.34619 3.60645,
	2.353 3.59807,
	2.36819 3.58131,
	2.375 3.57293,
	2.37919 3.56455,
	2.38181 3.56036,
	2.38443 3.55198,
	2.38548 3.53521,
	2.38652 3.52683,
	2.38705 3.52264,
	2.38705 3.52055,
	2.39438 3.50378,
	2.39648 3.4954,
	2.39805 3.49121,
	2.39909 3.48283,
	2.39962 3.47864,
	2.39543 3.44512,
	2.39438 3.43673,
	2.39805 3.40321,
	2.39752 3.39902,
	2.39962 3.38226,
	2.41376 3.31521,
	2.41429 3.29845,
	2.41324 3.26492,
	2.41062 3.24816,
	2.40905 3.23978,
	2.40329 3.22301,
	2.40171 3.21882,
	2.39857 3.20206,
	2.39752 3.19368,
	2.3949 3.1853,
	2.39386 3.18111,
	2.39281 3.17901,
	2.39071 3.16225,
	2.39019 3.14549,
	2.39333 3.11196,
	2.39543 3.10358,
	2.40433 3.08682,
	2.41062 3.07844,
	2.419 3.07111,
	2.42162 3.06691,
	2.42319 3.05015,
	2.42267 3.04177,
	2.42214 3.03758,
	2.41324 3.02082,
	2.40695 3.01244,
	2.39857 3.0051,
	2.38181 2.99463,
	2.37814 2.99044,
	2.37552 2.98625,
	2.37186 2.97786,
	2.36976 2.97367,
	2.36662 2.95691,
	2.36609 2.95272,
	2.36871 2.93596,
	2.37133 2.90243,
	2.37186 2.89405,
	2.36819 2.86053,
	2.36767 2.85843,
	2.36924 2.85005,
	2.37709 2.83329,
	2.38128 2.82491,
	2.39281 2.80815,
	2.39962 2.79976,
	2.41062 2.783,
	2.42843 2.74948,
	2.43314 2.7411,
	2.43524 2.73691,
	2.44205 2.72852,
	2.44467 2.72433,
	2.44571 2.72014,
	2.44886 2.71595,
	2.44938 2.71386,
	2.45305 2.70967,
	2.45514 2.70548,
	2.45619 2.70129,
	2.45619 2.6929,
	2.45462 2.68452,
	2.45357 2.68033,
	2.452 2.67824,
	2.45043 2.66986,
	2.45043 2.66567,
	2.44781 2.65728,
	2.44676 2.65309,
	2.44152 2.64471,
	2.43786 2.63633,
	2.43681 2.63424,
	2.43629 2.63005,
	2.43576 2.62795,
	2.43786 2.61119,
	2.44624 2.59443,
	2.44938 2.59023,
	2.45043 2.58814,
	2.4651 2.57138,
	2.47348 2.56457,
	2.48134 2.55619,
	2.48972 2.53942,
	2.49076 2.53733,
	2.49915 2.52895,
	2.51591 2.51899,
	2.52429 2.51376,
	2.52848 2.51166,
	2.53686 2.50537,
	2.54105 2.50171,
	2.54315 2.49961,
	2.55258 2.48285,
	2.55572 2.47866,
	2.57196 2.4619,
	2.58872 2.44828,
	2.5971 2.44147,
	2.60129 2.4378,
	2.60339 2.43623,
	2.62172 2.40271,
	2.62643 2.39432,
	2.63848 2.37756,
	2.65472 2.3608,
	2.67148 2.34666,
	2.67986 2.3388,
	2.6872 2.33042,
	2.69872 2.31366,
	2.70867 2.29689,
	2.71129 2.2927,
	2.71496 2.28851,
	2.73172 2.27961,
	2.7401 2.27542,
	2.75687 2.2728,
	2.77363 2.27123,
	2.78201 2.2707,
	2.79039 2.26861,
	2.82392 2.25394,
	2.84068 2.24556,
	2.84487 2.24346,
	2.87839 2.24137,
	2.88678 2.24084,
	2.89097 2.24137,
	2.89935 2.2398,
	2.91611 2.23456,
	2.92449 2.23037,
	2.95802 2.19737,
	2.96273 2.18898,
	2.9643 2.18479,
	2.96587 2.15127,
	2.96535 2.13451,
	2.96797 2.10098,
	2.97163 2.06746,
	2.97321 2.05908,
	2.97583 2.02555,
	2.97792 2.00879,
	2.97844 2.00041,
	2.97583 1.96688,
	2.97478 1.95012,
	2.97373 1.94174,
	2.97425 1.92498,
	2.97478 1.9166,
	2.97478 1.9145,
	2.97792 1.90612,
	2.98002 1.90193,
	2.98211 1.89355,
	2.98421 1.87679,
	2.98525 1.8684,
	2.98368 1.85164,
	2.98264 1.84326,
	2.9863 1.80974,
	2.98787 1.79297,
	2.99049 1.77621,
	2.99259 1.76783,
	2.99887 1.75107,
	3.01616 1.71754,
	3.01878 1.71335,
	3.02297 1.70916,
	3.03135 1.70445,
	3.03973 1.70183,
	3.04811 1.70026,
	3.0523 1.69973,
	3.0544 1.69921,
	3.05859 1.70026,
	3.06068 1.70078,
	3.09421 1.69449,
	3.12773 1.68664,
	3.13612 1.68454,
	3.16964 1.67983,
	3.1864 1.67721,
	3.19478 1.67564,
	3.19897 1.67459,
	3.2325 1.65835,
	3.24926 1.64892,
	3.25764 1.64421,
	3.26183 1.64159,
	3.26602 1.64054,
	3.26812 1.64002,
	3.26917 1.63949,
	3.28593 1.64368,
	3.29431 1.64787,
	3.2985 1.64945,
	3.30269 1.65206,
	3.31945 1.66778,
	3.32784 1.67616,
	3.33098 1.68035,
	3.33884 1.69711,
	3.34984 1.73064,
	3.35298 1.7474,
	3.35403 1.75578,
	3.35246 1.76416,
	3.36031 1.78093,
	3.37707 1.78931,
	3.38546 1.7935,
	3.38965 1.79559,
	3.39803 1.8024,
	3.40117 1.80659,
	3.40903 1.82336,
	3.41217 1.84012,
	3.4085 1.85688,
	3.40589 1.86526,
	3.40117 1.87364,
	3.39855 1.87783,
	3.39698 1.87993,
	3.38022 1.88674,
	3.37603 1.88883,
	3.37236 1.89302,
	3.36869 1.90141,
	3.3666 1.90979,
	3.37079 1.92655,
	3.37655 1.93493,
	3.38493 1.94279,
	3.39331 1.94855,
	3.3975 1.95117,
	3.40117 1.95536,
	3.40955 1.97212,
	3.41165 1.9805,
	3.41217 1.9826,
	3.4085 1.99098,
	3.40012 1.99936,
	3.39331 2.00774,
	3.3886 2.01612,
	3.38493 2.0245,
	3.38388 2.02869,
	3.39489 2.06222,
	3.40484 2.09574,
	3.41112 2.11251,
	3.41322 2.12089,
	3.41374 2.12508,
	3.41217 2.13346,
	3.41165 2.13765,
	3.40746 2.14603,
	3.39122 2.16279,
	3.38703 2.16646,
	3.37865 2.17117,
	3.37655 2.17275,
	3.36817 2.17065,
	3.33465 2.15598,
	3.31788 2.15127,
	3.3095 2.15441,
	3.30112 2.15965,
	3.29745 2.16384,
	3.28122 2.19737,
	3.27755 2.21413,
	3.27702 2.21518,
	3.27912 2.22356,
	3.28541 2.24032,
	3.28907 2.25708,
	3.2896 2.26127,
	3.28488 2.26965,
	3.27912 2.27804,
	3.26236 2.2948,
	3.25398 2.30265,
	3.2456 2.30946,
	3.2414 2.31313,
	3.22464 2.32413,
	3.21626 2.32832,
	3.20788 2.33356,
	3.17435 2.35975,
	3.16597 2.36604,
	3.16178 2.36918,
	3.13088 2.40271,
	3.06383 2.43675,
	3.0303 2.45299,
	2.99678 2.46818,
	2.9884 2.47028,
	2.98421 2.4708,
	2.97583 2.46923,
	2.97478 2.46871,
	2.94125 2.48547,
	2.92449 2.49385,
	2.90773 2.50485,
	2.90301 2.51323,
	2.90039 2.52161,
	2.89882 2.5258,
	2.89725 2.53419,
	2.8962 2.53838,
	2.88835 2.55514,
	2.85482 2.58866,
	2.83858 2.60543,
	2.8302 2.61328,
	2.81344 2.62166,
	2.80925 2.62376,
	2.80715 2.62481,
	2.80296 2.62428,
	2.7862 2.61538,
	2.77782 2.61119,
	2.77572 2.61014,
	2.75896 2.6159,
	2.7422 2.62376,
	2.73382 2.62743,
	2.72963 2.63057,
	2.71601 2.64733,
	2.68248 2.71438,
	2.67463 2.73114,
	2.67201 2.73952,
	2.66939 2.75629,
	2.66834 2.76467,
	2.66782 2.76676,
	2.67148 2.78353,
	2.70448 2.85058,
	2.71444 2.86734,
	2.72544 2.8841,
	2.7312 2.89248,
	2.7401 2.90924,
	2.74534 2.92601,
	2.75687 2.99306,
	2.76158 3.00982,
	2.77677 3.04334,
	2.80925 3.11039,
	2.82549 3.14392,
	2.83387 3.16068,
	2.83806 3.16906,
	2.84068 3.17325,
	2.87158 3.20678,
	2.87892 3.21516,
	2.88468 3.22354,
	2.88887 3.23192,
	2.89149 3.2403,
	2.89516 3.27383,
	2.89778 3.29059,
	2.89882 3.29897,
	2.89935 3.30316,
	2.89987 3.30525,
	2.88625 3.3723,
	2.88468 3.38069,
	2.88416 3.38488,
	2.88782 3.40164,
	2.89044 3.4184,
	2.89201 3.43516,
	2.89149 3.45193,
	2.89149 3.46031,
	2.89044 3.46869,
	2.89516 3.50221,
	2.88678 3.53574,
	2.88206 3.56926,
	2.87944 3.58602,
	2.87577 3.60279,
	2.87368 3.61117,
	2.86739 3.62793,
	2.85849 3.66146,
	2.85116 3.69498,
	2.84539 3.71174,
	2.84487 3.71384,
	2.8302 3.7306,
	2.82601 3.73479,
	2.80925 3.74317,
	2.80087 3.74893,
	2.79877 3.74946,
	2.79092 3.75784,
	2.78672 3.76203,
	2.78463 3.7636,
	2.78358 3.7657,
	2.78253 3.76674,
	2.78253 3.76884,
	2.78149 3.77093,
	2.78149 3.77303,
	2.78044 3.77513,
	2.77834 3.77932,
	2.77572 3.79608,
	2.7752 3.80446,
	2.7752 3.80865,
	2.77625 3.8097,
	2.77625 3.81389,
	2.77625 3.81598,
	2.77258 3.82437,
	2.77101 3.82856,
	2.76315 3.83694,
	2.74639 3.84584,
	2.7422 3.84794,
	2.73801 3.84794,
	2.73382 3.84637,
	2.71706 3.84479,
	2.70867 3.84689,
	2.70029 3.85213,
	2.68353 3.86889,
	2.67934 3.87256,
	2.67725 3.87465,
	2.67305 3.87675,
	2.66467 3.88303,
	2.66048 3.88565,
	2.6521 3.8888,
	2.64372 3.88984,
	2.62696 3.88722,
	2.61858 3.88513,
	2.6102 3.88827,
	2.60181 3.89246,
	2.59972 3.89351,
	2.59134 3.90137,
	2.5861 3.90975,
	2.58348 3.91394,
	2.57562 3.92232,
	2.55886 3.93123,
	2.5421 3.93489,
	2.52534 3.93699,
	2.51696 3.93751,
	2.50019 3.93646,
	2.4981 3.93646,
	2.48134 3.92808,
	2.47295 3.92337,
	2.43943 3.89875,
	2.4059 3.87622,
	2.38914 3.86208,
	2.35562 3.83641,
	2.34724 3.81965,
	2.34357 3.81127,
	2.33885 3.79451,
	2.33676 3.78613,
	2.33571 3.78194,
	2.33833 3.76517,
	2.33885 3.76098,
	2.331 3.72746,
	2.32838 3.7107,
	2.32733 3.70231,
	2.32785 3.69812,
	2.32838 3.69603,
	2.32838 3.69498,
	"/>
</Transform>

<Transform dim="0"
 xcoef=" 0 1 0 0 0 0"
 ycoef=" 0 0 1 0 0 0">
<Contour name="Ea5(v63)" hidden="false" closed="true" simplified="true" border="1 0 0" fill="1 1 1" mode="9"
 points="2.71758 3.77513,
	2.71863 3.76674,
	2.72072 3.76255,
	2.72177 3.76046,
	2.72544 3.75627,
	2.72963 3.75312,
	2.73801 3.75155,
	2.7422 3.7526,
	2.74639 3.7547,
	2.75058 3.75784,
	2.7553 3.76622,
	2.75634 3.77041,
	2.75634 3.77879,
	2.75372 3.78717,
	2.75163 3.79084,
	2.74691 3.79555,
	2.74272 3.79713,
	2.73853 3.79765,
	2.73644 3.79817,
	2.72806 3.79555,
	2.72387 3.79241,
	2.72072 3.78822,
	2.71863 3.77984,
	2.71758 3.77565,
	"/>
</Transform>

<Transform dim="0"
 xcoef=" 0 1 0 0 0 0"
 ycoef=" 0 0 1 0 0 0">
<Contour name="Ea1(AZ1)" hidden="false" closed="true" simplified="true" border="1 0.501961 0.752941" fill="1 0.501961 1" mode="9"
 points="2.32715 2.34365,
	2.36459 2.30621,
	2.37395 2.29685,
	2.41139 2.27228,
	2.42075 2.26994,
	2.45819 2.25005,
	2.47574 2.23133,
	2.49095 2.21261,
	2.49446 2.20793,
	2.4968 2.20559,
	2.50616 2.20676,
	2.51084 2.20793,
	2.51552 2.21261,
	2.52605 2.23133,
	2.53073 2.24069,
	2.5319 2.25005,
	2.53073 2.25473,
	2.52137 2.26409,
	2.51669 2.26877,
	2.49797 2.28164,
	2.47925 2.29802,
	2.46989 2.30504,
	2.46053 2.30738,
	2.45585 2.30972,
	2.43713 2.32727,
	2.41841 2.33312,
	2.40905 2.33546,
	2.39969 2.34014,
	2.38214 2.35886,
	2.36342 2.37407,
	2.35874 2.37758,
	2.34938 2.37641,
	2.33066 2.36471,
	2.32247 2.35769,
	2.32247 2.35301,
	2.32247 2.35184,
	2.32481 2.34599,
	2.32598 2.34482,
	"/>
</Transform>

</Section>