<?xml version="1.0"?>
<!DOCTYPE Section SYSTEM "section.dtd">

<Section index="58" thickness="0.05" alignLocked="true">
<Transform dim="6"
 xcoef=" -0.366948068993664 0.90777780998064 0.266004522508756 0 0 0"
 ycoef=" 1.4269983570181 -0.373929655328952 0.901156068583606 0 0 0">
<Image mag="0.0022159" contrast="1" brightness="0"
 src="R34CA1-B_S12.157.jpg" />
<Contour name="domain1" hidden="false" closed="true" simplified="false" border="1 0 1" fill="1 0 1" mode="11"
 points="0 0,
	4096 0,
	4096 4096,
	0 4096,
	"/>
</Transform>

<Transform dim="0"
 xcoef=" 0 1 0 0 0 0"
 ycoef=" 0 0 1 0 0 0">
<Contour name="Ea2(v1462)" hidden="false" closed="true" simplified="true" border="0.611765 0.27451 0.643137" fill="0.458824 0.729412 1" mode="9"
 points="3.08104 3.49234,
	3.08199 3.48635,
	3.08474 3.48094,
	3.08904 3.47665,
	3.09444 3.47389,
	3.10044 3.47295,
	3.10643 3.47389,
	3.11184 3.47665,
	3.11613 3.48094,
	3.11889 3.48635,
	3.11984 3.49234,
	3.11889 3.49834,
	3.11613 3.50375,
	3.11184 3.50804,
	3.10643 3.5108,
	3.10044 3.51174,
	3.09444 3.5108,
	3.08904 3.50804,
	3.08474 3.50375,
	"/>
<Contour name="Ea2(v1466)" hidden="false" closed="true" simplified="true" border="0.611765 0.27451 0.643137" fill="0.458824 0.729412 1" mode="9"
 points="3.40529 4.36949,
	3.40617 4.36392,
	3.40873 4.3589,
	3.41272 4.35492,
	3.41774 4.35236,
	3.42331 4.35148,
	3.42887 4.35236,
	3.43389 4.35492,
	3.43788 4.3589,
	3.44044 4.36392,
	3.44132 4.36949,
	3.44044 4.37506,
	3.43788 4.38008,
	3.43389 4.38406,
	3.42887 4.38662,
	3.42331 4.3875,
	3.41774 4.38662,
	3.41272 4.38406,
	3.40873 4.38008,
	"/>
<Contour name="Ea2(v1467)" hidden="false" closed="true" simplified="true" border="0.611765 0.27451 0.643137" fill="0.458824 0.729412 1" mode="9"
 points="3.37758 4.27942,
	3.37839 4.27428,
	3.38075 4.26965,
	3.38443 4.26597,
	3.38907 4.26361,
	3.39421 4.26279,
	3.39934 4.26361,
	3.40398 4.26597,
	3.40766 4.26965,
	3.41002 4.27428,
	3.41083 4.27942,
	3.41002 4.28456,
	3.40766 4.28919,
	3.40398 4.29287,
	3.39934 4.29523,
	3.39421 4.29605,
	3.38907 4.29523,
	3.38443 4.29287,
	3.38075 4.28919,
	"/>
<Contour name="Ea2(v1468)" hidden="false" closed="true" simplified="true" border="0.611765 0.27451 0.643137" fill="0.458824 0.729412 1" mode="9"
 points="3.38312 4.31683,
	3.384 4.31212,
	3.38656 4.30787,
	3.39055 4.3045,
	3.39557 4.30234,
	3.40113 4.30159,
	3.4067 4.30234,
	3.41172 4.3045,
	3.41571 4.30787,
	3.41827 4.31212,
	3.41915 4.31683,
	3.41827 4.32154,
	3.41571 4.32579,
	3.41172 4.32917,
	3.4067 4.33133,
	3.40113 4.33208,
	3.39557 4.33133,
	3.39055 4.32917,
	3.38656 4.32579,
	"/>
<Contour name="Ea2(v1469)" hidden="false" closed="true" simplified="true" border="0.611765 0.27451 0.643137" fill="0.458824 0.729412 1" mode="9"
 points="3.39698 4.12284,
	3.39793 4.11727,
	3.40068 4.11225,
	3.40497 4.10826,
	3.41038 4.1057,
	3.41638 4.10482,
	3.42237 4.1057,
	3.42778 4.10826,
	3.43207 4.11225,
	3.43483 4.11727,
	3.43578 4.12284,
	3.43483 4.1284,
	3.43207 4.13342,
	3.42778 4.13741,
	3.42237 4.13997,
	3.41638 4.14085,
	3.41038 4.13997,
	3.40497 4.13741,
	3.40068 4.13342,
	"/>
<Contour name="Ea2(v1470)" hidden="false" closed="true" simplified="true" border="0.611765 0.27451 0.643137" fill="0.458824 0.729412 1" mode="9"
 points="3.40529 4.03138,
	3.40624 4.02496,
	3.409 4.01916,
	3.41329 4.01456,
	3.4187 4.01161,
	3.42469 4.0106,
	3.43069 4.01161,
	3.43609 4.01456,
	3.44039 4.01916,
	3.44314 4.02496,
	3.44409 4.03138,
	3.44314 4.0378,
	3.44039 4.0436,
	3.43609 4.0482,
	3.43069 4.05115,
	3.42469 4.05217,
	3.4187 4.05115,
	3.41329 4.0482,
	3.409 4.0436,
	"/>
</Transform>

<Transform dim="0"
 xcoef=" 0 1 0 0 0 0"
 ycoef=" 0 0 1 0 0 0">
<Contour name="Ea2(v1464)" hidden="false" closed="true" simplified="true" border="0.611765 0.27451 0.643137" fill="0.458824 0.729412 1" mode="9"
 points="2.96464 3.3704,
	2.96566 3.36355,
	2.96861 3.35737,
	2.97321 3.35247,
	2.979 3.34932,
	2.98543 3.34823,
	2.99185 3.34932,
	2.99764 3.35247,
	3.00224 3.35737,
	3.00519 3.36355,
	3.00621 3.3704,
	3.00519 3.37725,
	3.00224 3.38344,
	2.99764 3.38834,
	2.99185 3.39149,
	2.98543 3.39257,
	2.979 3.39149,
	2.97321 3.38834,
	2.96861 3.38344,
	"/>
</Transform>

<Transform dim="0"
 xcoef=" 0 1 0 0 0 0"
 ycoef=" 0 0 1 0 0 0">
<Contour name="Ea2(v1465)" hidden="false" closed="true" simplified="true" border="0.611765 0.27451 0.643137" fill="0.458824 0.729412 1" mode="9"
 points="2.91753 3.3316,
	2.91848 3.32561,
	2.92123 3.3202,
	2.92552 3.31591,
	2.93093 3.31315,
	2.93693 3.3122,
	2.94292 3.31315,
	2.94833 3.31591,
	2.95262 3.3202,
	2.95538 3.32561,
	2.95633 3.3316,
	2.95538 3.3376,
	2.95262 3.34301,
	2.94833 3.3473,
	2.94292 3.35005,
	2.93693 3.351,
	2.93093 3.35005,
	2.92552 3.3473,
	2.92123 3.34301,
	"/>
</Transform>

<Transform dim="0"
 xcoef=" 0 1 0 0 0 0"
 ycoef=" 0 0 1 0 0 0">
<Contour name="Ea2(mito4)" hidden="false" closed="true" simplified="true" border="0 0 1" fill="0 0 1" mode="9"
 points="2.80436 3.44758,
	2.80641 3.4312,
	2.80744 3.423,
	2.81358 3.41481,
	2.81665 3.41071,
	2.83304 3.40047,
	2.84124 3.39535,
	2.85762 3.39023,
	2.86582 3.3892,
	2.88221 3.39125,
	2.91498 3.39125,
	2.93137 3.39125,
	2.96414 3.40866,
	2.98053 3.41993,
	2.98873 3.42608,
	3.00511 3.43222,
	3.0215 3.44144,
	3.03789 3.45578,
	3.05325 3.47217,
	3.06657 3.50494,
	3.06964 3.51314,
	3.07271 3.52952,
	3.07886 3.54591,
	3.0973 3.57869,
	3.10549 3.59508,
	3.11778 3.61146,
	3.12393 3.61966,
	3.14031 3.63604,
	3.15363 3.65243,
	3.1608 3.66063,
	3.17104 3.67701,
	3.19562 3.70979,
	3.20791 3.72618,
	3.21406 3.73437,
	3.23045 3.74871,
	3.26117 3.78046,
	3.32672 3.83577,
	3.33389 3.84294,
	3.34414 3.85933,
	3.37384 3.92488,
	3.38101 3.94127,
	3.38408 3.95766,
	3.38306 4.02321,
	3.38306 4.0314,
	3.37384 4.06418,
	3.36565 4.08056,
	3.3636 4.08466,
	3.34721 4.09593,
	3.33082 4.10002,
	3.32263 4.10207,
	3.28985 4.09593,
	3.27346 4.08978,
	3.26527 4.08569,
	3.19972 4.03857,
	3.18333 4.0273,
	3.15056 3.99658,
	3.11983 3.96482,
	3.10344 3.95356,
	3.09525 3.94741,
	3.03789 3.88186,
	3.03379 3.87776,
	3.0174 3.86855,
	3.00102 3.85523,
	2.96824 3.82348,
	2.96005 3.81631,
	2.93751 3.78353,
	2.93239 3.77534,
	2.92932 3.77124,
	2.92522 3.75486,
	2.91498 3.73847,
	2.91191 3.73437,
	2.90781 3.71798,
	2.89757 3.7016,
	2.87094 3.66882,
	2.85762 3.65243,
	2.85148 3.64424,
	2.84431 3.62785,
	2.83407 3.59508,
	2.83202 3.58688,
	2.81768 3.55411,
	2.81563 3.54591,
	2.81358 3.51314,
	2.80948 3.48036,
	2.80641 3.46397,
	2.80436 3.45578,
	2.80436 3.44861,
	"/>
</Transform>

<Transform dim="0"
 xcoef=" 0 1 0 0 0 0"
 ycoef=" 0 0 1 0 0 0">
<Contour name="Ea2(ER)" hidden="false" closed="true" simplified="true" border="0.607843 0.768627 0.956863" fill="0.733333 0.752941 0.94902" mode="9"
 points="3.39835 4.16463,
	3.40473 4.15443,
	3.40983 4.15379,
	3.42003 4.15953,
	3.42514 4.16208,
	3.43024 4.16654,
	3.43279 4.16846,
	3.44363 4.18886,
	3.44618 4.19907,
	3.44746 4.20417,
	3.46786 4.24498,
	3.47424 4.25519,
	3.47934 4.25965,
	3.48317 4.26475,
	3.48763 4.27496,
	3.48763 4.29537,
	3.48763 4.30557,
	3.48763 4.31067,
	3.49592 4.33108,
	3.49784 4.33618,
	3.49848 4.34128,
	3.49911 4.34383,
	3.49911 4.34447,
	3.49784 4.34766,
	3.48763 4.34511,
	3.48253 4.34192,
	3.47297 4.33299,
	3.46595 4.32279,
	3.45766 4.31259,
	3.44299 4.27177,
	3.43853 4.25136,
	3.43661 4.24626,
	3.4111 4.20544,
	3.40792 4.20034,
	3.4009 4.17994,
	3.39899 4.16973,
	3.39835 4.16527,
	"/>
</Transform>

<Transform dim="0"
 xcoef=" 0 1 0 0 0 0"
 ycoef=" 0 0 1 0 0 0">
<Contour name="Ea4(ER)" hidden="false" closed="true" simplified="true" border="0.580392 0.988235 0.87451" fill="0.733 0.753 0.949" mode="9"
 points="2.72257 3.84206,
	2.72511 3.83191,
	2.74542 3.82556,
	2.76573 3.83191,
	2.78603 3.84333,
	2.79619 3.84968,
	2.80127 3.85222,
	2.81142 3.8611,
	2.82157 3.86745,
	2.86219 3.87887,
	2.8825 3.88522,
	2.88758 3.88776,
	2.89265 3.89283,
	2.89519 3.89537,
	2.89519 3.90553,
	2.88758 3.91441,
	2.86727 3.91441,
	2.82665 3.90553,
	2.80634 3.89664,
	2.78603 3.88268,
	2.74542 3.86364,
	2.73526 3.85729,
	2.72511 3.84714,
	2.72257 3.8446,
	2.72257 3.84333,
	"/>
</Transform>

<Transform dim="0"
 xcoef=" 0 1 0 0 0 0"
 ycoef=" 0 0 1 0 0 0">
<Contour name="Ea4" hidden="false" closed="true" simplified="true" border="0.984 0.208 0.016" fill="1 1 0.69" mode="9"
 points="2.26123 3.44022,
	2.26192 3.43883,
	2.26192 3.43607,
	2.26192 3.43538,
	2.26261 3.43503,
	2.26261 3.43365,
	2.26261 3.43296,
	2.2633 3.43227,
	2.2633 3.43089,
	2.26434 3.42812,
	2.26468 3.42536,
	2.26468 3.42398,
	2.26572 3.42121,
	2.26676 3.41015,
	2.26676 3.40462,
	2.26676 3.40186,
	2.26606 3.3991,
	2.26572 3.39771,
	2.26468 3.39633,
	2.26468 3.39357,
	2.26399 3.39219,
	2.26399 3.38113,
	2.26503 3.3756,
	2.26606 3.37284,
	2.26676 3.37214,
	2.26676 3.37076,
	2.26745 3.37007,
	2.26745 3.36869,
	2.26814 3.36731,
	2.27056 3.36454,
	2.27608 3.36178,
	2.28161 3.36074,
	2.29267 3.36005,
	2.2982 3.36109,
	2.32031 3.37042,
	2.33137 3.37387,
	2.33414 3.37456,
	2.33966 3.37733,
	2.34519 3.38113,
	2.35591 3.39149,
	2.35798 3.39426,
	2.35901 3.39702,
	2.35971 3.39841,
	2.35971 3.39979,
	2.36074 3.40117,
	2.36143 3.40393,
	2.36143 3.40462,
	2.36212 3.40497,
	2.36212 3.40635,
	2.3642 3.41188,
	2.36731 3.41741,
	2.37111 3.42294,
	2.37353 3.42847,
	2.37526 3.43123,
	2.3756 3.43261,
	2.37975 3.43814,
	2.3908 3.44402,
	2.39357 3.4454,
	2.3991 3.44989,
	2.40048 3.45058,
	2.40497 3.45611,
	2.41016 3.46164,
	2.41154 3.46302,
	2.41188 3.4644,
	2.41637 3.46993,
	2.41845 3.4727,
	2.42398 3.47823,
	2.42467 3.47961,
	2.42743 3.48134,
	2.4302 3.48375,
	2.43296 3.48548,
	2.43849 3.48997,
	2.44402 3.49239,
	2.45508 3.49274,
	2.4606 3.4917,
	2.46337 3.4917,
	2.46613 3.49066,
	2.47166 3.48686,
	2.47719 3.48479,
	2.47995 3.48445,
	2.48272 3.48479,
	2.48825 3.48756,
	2.49378 3.49274,
	2.49447 3.49343,
	2.49481 3.49308,
	2.50034 3.49861,
	2.50449 3.50414,
	2.50725 3.50656,
	2.51002 3.50829,
	2.51555 3.51002,
	2.52107 3.51071,
	2.52384 3.51071,
	2.5349 3.50691,
	2.55701 3.50172,
	2.56807 3.49861,
	2.5736 3.49688,
	2.57913 3.49447,
	2.58465 3.49274,
	2.58742 3.4917,
	2.59018 3.49136,
	2.59571 3.4917,
	2.61783 3.49723,
	2.62335 3.50034,
	2.62888 3.50483,
	2.63994 3.51554,
	2.6427 3.51831,
	2.65376 3.52453,
	2.66482 3.52937,
	2.67035 3.53178,
	2.67588 3.53489,
	2.68141 3.53904,
	2.69246 3.54906,
	2.69523 3.55148,
	2.69799 3.55286,
	2.70905 3.55355,
	2.71181 3.55355,
	2.72287 3.55666,
	2.7284 3.56046,
	2.73946 3.56945,
	2.74499 3.57394,
	2.75051 3.5774,
	2.75604 3.58154,
	2.76088 3.58707,
	2.7671 3.59813,
	2.76883 3.60089,
	2.76952 3.60227,
	2.76917 3.60297,
	2.78023 3.62508,
	2.78196 3.62785,
	2.79232 3.6389,
	2.79578 3.64443,
	2.79854 3.64685,
	2.79924 3.6465,
	2.80476 3.65203,
	2.80684 3.6548,
	2.81755 3.66585,
	2.82239 3.67138,
	2.83344 3.6821,
	2.84346 3.69315,
	2.84796 3.69868,
	2.85383 3.70974,
	2.85798 3.7208,
	2.86143 3.72632,
	2.87145 3.73738,
	2.87664 3.74291,
	2.88217 3.74775,
	2.88389 3.75051,
	2.88631 3.75328,
	2.89288 3.76433,
	2.89461 3.76986,
	2.89979 3.78092,
	2.90255 3.78645,
	2.90324 3.78783,
	2.90808 3.79336,
	2.90981 3.79612,
	2.91223 3.79889,
	2.91361 3.80165,
	2.91845 3.80684,
	2.91948 3.80753,
	2.92259 3.81306,
	2.92639 3.81858,
	2.92709 3.81928,
	2.92674 3.82031,
	2.92881 3.82308,
	2.93365 3.83413,
	2.93538 3.84519,
	2.93607 3.85072,
	2.93642 3.85348,
	2.93469 3.85901,
	2.93227 3.86454,
	2.93123 3.86731,
	2.93089 3.87007,
	2.93227 3.8756,
	2.93469 3.88113,
	2.93849 3.88666,
	2.94056 3.88942,
	2.94609 3.89322,
	2.95162 3.8946,
	2.97373 3.89529,
	2.97926 3.89529,
	2.98203 3.8946,
	2.98479 3.89495,
	2.98617 3.89495,
	2.98825 3.89737,
	2.98997 3.9029,
	2.99067 3.90566,
	2.99136 3.90704,
	2.99136 3.90773,
	2.99585 3.91326,
	3.00622 3.92432,
	3.00898 3.92674,
	3.01036 3.92812,
	3.01313 3.9295,
	3.01451 3.93019,
	3.019 3.93572,
	3.03006 3.94471,
	3.04111 3.953,
	3.04664 3.95715,
	3.05217 3.96268,
	3.05425 3.96544,
	3.05977 3.97028,
	3.07083 3.97788,
	3.0736 3.97961,
	3.07912 3.98479,
	3.08327 3.99032,
	3.08638 3.99585,
	3.08811 4.00138,
	3.08845 4.00414,
	3.09226 4.0152,
	3.09398 4.02073,
	3.09917 4.03178,
	3.10193 4.03731,
	3.11264 4.04837,
	3.1237 4.05839,
	3.12923 4.06288,
	3.14927 4.085,
	3.15929 4.09605,
	3.16136 4.09882,
	3.1662 4.10988,
	3.16827 4.1154,
	3.17104 4.12646,
	3.17311 4.14858,
	3.17933 4.17069,
	3.18106 4.17622,
	3.18624 4.18728,
	3.19799 4.20939,
	3.2011 4.21492,
	3.2049 4.22045,
	3.20767 4.22598,
	3.20801 4.22736,
	3.20352 4.24948,
	3.20317 4.25086,
	3.19799 4.25639,
	3.18693 4.26226,
	3.18555 4.26261,
	3.17449 4.2595,
	3.16897 4.25708,
	3.15791 4.24948,
	3.15238 4.24498,
	3.14132 4.23427,
	3.13648 4.22874,
	3.13476 4.22598,
	3.13234 4.21492,
	3.13061 4.20939,
	3.12819 4.20386,
	3.12474 4.19833,
	3.11955 4.19315,
	3.11886 4.19177,
	3.11748 4.19039,
	3.1161 4.18762,
	3.11472 4.18659,
	3.11333 4.18382,
	3.11057 4.18279,
	3.10919 4.18244,
	3.10642 4.18037,
	3.10158 4.17484,
	3.09847 4.16931,
	3.09433 4.15825,
	3.08949 4.14719,
	3.08638 4.13614,
	3.08604 4.13337,
	3.08673 4.12784,
	3.08742 4.12508,
	3.08984 4.11955,
	3.09156 4.11402,
	3.09226 4.11264,
	3.0926 4.10711,
	3.09191 4.10435,
	3.08327 4.09329,
	3.07774 4.08914,
	3.06668 4.08327,
	3.0653 4.08327,
	3.05977 4.08016,
	3.05425 4.07601,
	3.05148 4.07429,
	3.04906 4.07152,
	3.04319 4.06046,
	3.04008 4.05493,
	3.03628 4.04941,
	3.0349 4.04664,
	3.03075 4.04111,
	3.02833 4.03835,
	3.01727 4.03213,
	3.01589 4.03213,
	3.01036 4.02971,
	3.00483 4.02867,
	2.9993 4.0266,
	2.99378 4.02384,
	2.98859 4.01865,
	2.98583 4.01658,
	2.98514 4.0152,
	2.98237 4.01243,
	2.9803 4.0069,
	2.97926 4.00414,
	2.97581 3.99861,
	2.97028 3.99343,
	2.96544 3.9879,
	2.95991 3.98479,
	2.95715 3.98306,
	2.95577 3.98203,
	2.95542 3.98168,
	2.95438 3.98237,
	2.95162 3.9803,
	2.95093 3.97961,
	2.94955 3.97961,
	2.94678 3.97753,
	2.94229 3.972,
	2.93711 3.96648,
	2.92605 3.95991,
	2.92052 3.95784,
	2.87629 3.95715,
	2.85418 3.95784,
	2.84312 3.95715,
	2.83206 3.95473,
	2.82653 3.95335,
	2.81548 3.94851,
	2.80442 3.94091,
	2.79336 3.93434,
	2.78783 3.9333,
	2.7823 3.93296,
	2.77954 3.93261,
	2.77885 3.93227,
	2.77608 3.93296,
	2.76503 3.93261,
	2.7595 3.93089,
	2.73738 3.92674,
	2.73185 3.92536,
	2.72633 3.92294,
	2.7208 3.91914,
	2.70974 3.91015,
	2.69868 3.90221,
	2.68763 3.89529,
	2.6821 3.89184,
	2.67933 3.89011,
	2.6738 3.88458,
	2.66275 3.86247,
	2.66206 3.86109,
	2.6586 3.83897,
	2.65825 3.83759,
	2.66033 3.82653,
	2.66136 3.82377,
	2.66275 3.81271,
	2.66206 3.80718,
	2.65756 3.79612,
	2.6548 3.7906,
	2.65203 3.78783,
	2.62992 3.77643,
	2.62439 3.77401,
	2.62163 3.77228,
	2.61057 3.76192,
	2.60608 3.75639,
	2.60228 3.75086,
	2.60089 3.74809,
	2.59882 3.74533,
	2.59778 3.74395,
	2.59226 3.74118,
	2.5812 3.7436,
	2.57567 3.74498,
	2.57429 3.74533,
	2.56323 3.74153,
	2.54112 3.7322,
	2.53559 3.72909,
	2.53282 3.72702,
	2.52211 3.71596,
	2.51071 3.69384,
	2.50483 3.68279,
	2.49689 3.67173,
	2.49239 3.6662,
	2.47028 3.64581,
	2.46752 3.64339,
	2.4454 3.63234,
	2.42329 3.62059,
	2.41223 3.61471,
	2.4067 3.61091,
	2.39564 3.59986,
	2.39011 3.59467,
	2.368 3.5767,
	2.36247 3.57152,
	2.35971 3.56876,
	2.35141 3.5577,
	2.34381 3.54664,
	2.33932 3.54111,
	2.32895 3.53006,
	2.3179 3.52142,
	2.31237 3.51658,
	2.30442 3.50552,
	2.30166 3.49999,
	2.30027 3.49723,
	2.29233 3.48617,
	2.28576 3.47512,
	2.28058 3.46959,
	2.27505 3.46544,
	2.27228 3.46302,
	2.26848 3.45749,
	2.26295 3.44644,
	2.26123 3.44091,
	2.26123 3.44056,
	"/>
</Transform>

<Transform dim="0"
 xcoef=" 0 1 0 0 0 0"
 ycoef=" 0 0 1 0 0 0">
<Contour name="Ea2(v1463)" hidden="false" closed="true" simplified="true" border="0.611765 0.27451 0.643137" fill="0.458824 0.729412 1" mode="9"
 points="3.03947 3.42999,
	3.04028 3.42442,
	3.04264 3.4194,
	3.04632 3.41541,
	3.05096 3.41286,
	3.0561 3.41197,
	3.06123 3.41286,
	3.06587 3.41541,
	3.06955 3.4194,
	3.07191 3.42442,
	3.07272 3.42999,
	3.07191 3.43556,
	3.06955 3.44058,
	3.06587 3.44456,
	3.06123 3.44712,
	3.0561 3.448,
	3.05096 3.44712,
	3.04632 3.44456,
	3.04264 3.44058,
	"/>
</Transform>

<Transform dim="0"
 xcoef=" 0 1 0 0 0 0"
 ycoef=" 0 0 1 0 0 0">
<Contour name="Ea2" hidden="false" closed="true" simplified="true" border="0.984 0.208 0.016" fill="1 1 0.69" mode="9"
 points="2.75015 3.47729,
	2.75112 3.47341,
	2.75451 3.46566,
	2.75596 3.45791,
	2.75693 3.45403,
	2.76517 3.43853,
	2.76952 3.43078,
	2.77195 3.42691,
	2.77243 3.42497,
	2.7797 3.41867,
	2.78745 3.41528,
	2.7952 3.40995,
	2.80198 3.40268,
	2.80973 3.39639,
	2.81361 3.39348,
	2.84461 3.37652,
	2.85236 3.37168,
	2.86011 3.36538,
	2.8761 3.33438,
	2.88482 3.31888,
	2.88918 3.31113,
	2.8916 3.30337,
	2.89887 3.28787,
	2.89984 3.28593,
	2.90759 3.28061,
	2.91534 3.2777,
	2.93084 3.27673,
	2.93472 3.27625,
	2.94247 3.27721,
	2.94634 3.2777,
	2.9541 3.28061,
	2.9851 3.29514,
	2.99285 3.29901,
	2.99673 3.30095,
	3.00399 3.30725,
	3.01126 3.32275,
	3.0132 3.3305,
	3.01417 3.33438,
	3.01417 3.33632,
	3.02967 3.36732,
	3.04081 3.38282,
	3.04372 3.38621,
	3.05147 3.393,
	3.06261 3.4085,
	3.09313 3.43902,
	3.1004 3.44628,
	3.10379 3.45016,
	3.11105 3.45403,
	3.1188 3.45646,
	3.12655 3.46033,
	3.13043 3.46275,
	3.14593 3.47729,
	3.1532 3.48455,
	3.16192 3.51556,
	3.16386 3.52331,
	3.16192 3.53881,
	3.16143 3.54269,
	3.16095 3.54365,
	3.16337 3.55141,
	3.17064 3.56691,
	3.17355 3.57466,
	3.17451 3.58241,
	3.16919 3.59791,
	3.16822 3.60179,
	3.16822 3.60373,
	3.17112 3.61148,
	3.17936 3.62698,
	3.19777 3.65798,
	3.206 3.67348,
	3.21714 3.68899,
	3.22732 3.70449,
	3.23119 3.71224,
	3.2433 3.72774,
	3.25638 3.74324,
	3.28642 3.77425,
	3.30192 3.78733,
	3.31742 3.79798,
	3.32517 3.80428,
	3.34068 3.81882,
	3.35569 3.83432,
	3.36248 3.84207,
	3.36587 3.84594,
	3.3741 3.86145,
	3.38912 3.89245,
	3.39687 3.90795,
	3.40075 3.9157,
	3.40268 3.91958,
	3.40801 3.92733,
	3.41479 3.94283,
	3.42061 3.95833,
	3.42836 3.97383,
	3.43708 3.98934,
	3.44822 4.00484,
	3.45452 4.01259,
	3.46954 4.02761,
	3.4768 4.03536,
	3.48068 4.03923,
	3.48601 4.04698,
	3.49279 4.06249,
	3.49618 4.07024,
	3.50442 4.10124,
	3.50829 4.11674,
	3.50974 4.12449,
	3.51023 4.12837,
	3.50635 4.14387,
	3.49715 4.15937,
	3.4894 4.16373,
	3.48552 4.17148,
	3.48504 4.17924,
	3.48552 4.18699,
	3.49279 4.20249,
	3.49521 4.20636,
	3.49909 4.20976,
	3.51459 4.21944,
	3.52234 4.22477,
	3.52767 4.23252,
	3.52961 4.2364,
	3.52864 4.2519,
	3.52864 4.25965,
	3.52234 4.29066,
	3.51895 4.30616,
	3.51556 4.31391,
	3.51217 4.32941,
	3.50538 4.34491,
	3.50199 4.35266,
	3.50102 4.36042,
	3.50102 4.37592,
	3.50199 4.38367,
	3.50054 4.39917,
	3.49909 4.40692,
	3.49666 4.41467,
	3.48988 4.43017,
	3.48165 4.44568,
	3.4739 4.45197,
	3.46615 4.45633,
	3.45839 4.45827,
	3.45452 4.46021,
	3.45064 4.46118,
	3.44677 4.46312,
	3.44483 4.46408,
	3.42933 4.46505,
	3.42545 4.46457,
	3.40995 4.45343,
	3.40607 4.45149,
	3.39832 4.45004,
	3.39057 4.451,
	3.3867 4.45052,
	3.38282 4.4481,
	3.3678 4.43308,
	3.36054 4.42533,
	3.35569 4.41758,
	3.33002 4.38657,
	3.315 4.35557,
	3.31258 4.3517,
	3.29901 4.33619,
	3.29126 4.32844,
	3.28642 4.32069,
	3.28448 4.31682,
	3.28351 4.31488,
	3.27043 4.29938,
	3.26026 4.28387,
	3.2559 4.27612,
	3.24185 4.26062,
	3.23991 4.25868,
	3.23119 4.24318,
	3.22732 4.23543,
	3.2249 4.22768,
	3.22441 4.2238,
	3.21133 4.1928,
	3.20988 4.18505,
	3.20746 4.1773,
	3.20067 4.1618,
	3.19292 4.14629,
	3.17984 4.11529,
	3.17258 4.09979,
	3.17064 4.09591,
	3.1687 4.08816,
	3.16579 4.08041,
	3.14884 4.04941,
	3.13867 4.0339,
	3.13237 4.02615,
	3.12849 4.0184,
	3.12268 4.0029,
	3.12171 3.99903,
	3.11977 3.99515,
	3.11251 3.98885,
	3.10476 3.98498,
	3.10088 3.98401,
	3.097 3.98498,
	3.09313 3.98352,
	3.09119 3.98255,
	3.08344 3.97577,
	3.06552 3.94477,
	3.06019 3.93702,
	3.05389 3.92927,
	3.03839 3.91812,
	3.03064 3.91328,
	3.02676 3.91037,
	2.99576 3.88228,
	2.98897 3.87453,
	2.94247 3.81252,
	2.93278 3.79702,
	2.92697 3.78926,
	2.92406 3.78539,
	2.91486 3.76989,
	2.90468 3.75438,
	2.89354 3.73888,
	2.88337 3.72338,
	2.87465 3.70788,
	2.86399 3.69238,
	2.85818 3.68463,
	2.84267 3.67009,
	2.83541 3.66234,
	2.82427 3.64684,
	2.817 3.63134,
	2.81264 3.61584,
	2.81022 3.60809,
	2.80876 3.60033,
	2.80683 3.59646,
	2.79132 3.58725,
	2.78357 3.58338,
	2.78018 3.5795,
	2.7642 3.5485,
	2.75499 3.5175,
	2.75209 3.50199,
	2.75063 3.48649,
	2.75015 3.47874,
	2.75015 3.47777,
	"/>
</Transform>

</Section>