<?xml version="1.0"?>
<!DOCTYPE Section SYSTEM "section.dtd">

<Section index="12" thickness="0.05" alignLocked="true">
<Transform dim="6"
 xcoef=" 0.602644793786798 0.803142484394184 0.373495951887612 0 0 0"
 ycoef=" 2.19549941674506 -0.522834633643909 0.791354421756818 0 0 0">
<Image mag="0.0022159" contrast="1" brightness="0"
 src="R34CA1-B_S12.112.jpg" />
<Contour name="domain1" hidden="false" closed="true" simplified="false" border="1 0 1" fill="1 0 1" mode="11"
 points="0 0,
	4096 0,
	4096 4096,
	0 4096,
	"/>
</Transform>

<Transform dim="0"
 xcoef=" 0 1 0 0 0 0"
 ycoef=" 0 0 1 0 0 0">
<Contour name="Ed9" hidden="false" closed="true" simplified="true" border="0.541176 0.756863 0.0352941" fill="0.501961 1 1" mode="9"
 points="3.34016 1.57131,
	3.35117 1.56719,
	3.35393 1.5665,
	3.36494 1.57063,
	3.37595 1.57131,
	3.38146 1.572,
	3.39247 1.57682,
	3.40348 1.58783,
	3.42551 1.59403,
	3.43652 1.59816,
	3.43927 1.59953,
	3.45029 1.59472,
	3.45579 1.59196,
	3.4668 1.5899,
	3.47231 1.59472,
	3.47162 1.61674,
	3.47025 1.62775,
	3.46749 1.63877,
	3.45992 1.66079,
	3.45579 1.6718,
	3.45373 1.67731,
	3.44616 1.68832,
	3.4434 1.69039,
	3.4379 1.69039,
	3.42688 1.68557,
	3.41243 1.66354,
	3.40899 1.65804,
	3.40417 1.64702,
	3.39109 1.625,
	3.38696 1.61949,
	3.37595 1.61399,
	3.37045 1.61055,
	3.34842 1.59196,
	3.34154 1.58095,
	3.34085 1.57544,
	3.34016 1.57269,
	3.34016 1.572,
	"/>
</Transform>

<Transform dim="0"
 xcoef=" 0 1 0 0 0 0"
 ycoef=" 0 0 1 0 0 0">
<Contour name="Ea5(ER)" hidden="false" closed="true" simplified="true" border="0 0.882 0.882" fill="0.502 1 1" mode="9"
 points="3.97129 0.329708,
	3.9757 0.319624,
	3.98578 0.319624,
	3.99083 0.319624,
	3.99335 0.319624,
	3.99461 0.319624,
	3.99965 0.324036,
	4.00217 0.325926,
	4.00343 0.327187,
	4.00847 0.327817,
	4.01099 0.328447,
	4.02108 0.325296,
	4.02612 0.323405,
	4.04314 0.303238,
	4.05322 0.295044,
	4.05826 0.293784,
	4.06078 0.293154,
	4.06582 0.295044,
	4.06835 0.296935,
	4.07402 0.307019,
	4.07591 0.317103,
	4.07654 0.337271,
	4.08032 0.357439,
	4.07969 0.367523,
	4.0778 0.377607,
	4.07024 0.387691,
	4.06519 0.391472,
	4.05511 0.393993,
	4.05007 0.394623,
	4.04755 0.395254,
	4.03746 0.392102,
	4.03242 0.389581,
	4.02234 0.38643,
	4.02108 0.38643,
	4.01604 0.381388,
	4.0154 0.380758,
	4.02171 0.370674,
	4.02297 0.368153,
	4.04314 0.36059,
	4.04818 0.357439,
	4.0507 0.354918,
	4.05196 0.353657,
	4.05448 0.353027,
	4.05952 0.342943,
	4.06141 0.332859,
	4.06204 0.322775,
	4.06204 0.317733,
	4.06015 0.315212,
	4.05511 0.312691,
	4.05007 0.312061,
	4.04755 0.312691,
	4.04314 0.317733,
	4.04061 0.322775,
	4.03683 0.327817,
	4.03179 0.331599,
	4.02171 0.33475,
	4.01162 0.336641,
	4.00658 0.339792,
	4.00406 0.341052,
	3.99398 0.349876,
	3.99272 0.351136,
	3.99209 0.351136,
	3.98893 0.352397,
	3.98326 0.349246,
	3.97822 0.344834,
	3.97255 0.33475,
	3.97129 0.330338,
	"/>
</Transform>

<Transform dim="0"
 xcoef=" 0 1 0 0 0 0"
 ycoef=" 0 0 1 0 0 0">
<Contour name="Ea5(ER)" hidden="false" closed="true" simplified="true" border="0 0.882 0.882" fill="0.502 1 1" mode="9"
 points="4.21204 0.332859,
	4.2133 0.330338,
	4.21519 0.31017,
	4.21834 0.300086,
	4.22402 0.290002,
	4.22591 0.285591,
	4.2278 0.28433,
	4.22906 0.28433,
	4.22969 0.28307,
	4.23473 0.28307,
	4.23662 0.28307,
	4.23725 0.28496,
	4.23473 0.290002,
	4.23158 0.31017,
	4.22969 0.320254,
	4.22843 0.340422,
	4.22843 0.345464,
	4.22591 0.355548,
	4.22339 0.36059,
	4.21961 0.365632,
	4.21771 0.368153,
	4.21519 0.368783,
	4.21267 0.368153,
	4.21078 0.363741,
	4.21078 0.343573,
	4.21141 0.333489,
	"/>
</Transform>

<Transform dim="0"
 xcoef=" 0 1 0 0 0 0"
 ycoef=" 0 0 1 0 0 0">
<Contour name="Ea5(ER)" hidden="false" closed="true" simplified="true" border="0 0.882 0.882" fill="0.502 1 1" mode="9"
 points="4.01878 0.132777,
	4.01989 0.130551,
	4.02156 0.128324,
	4.02268 0.127211,
	4.02657 0.118305,
	4.02852 0.113852,
	4.03743 0.106337,
	4.04188 0.102719,
	4.05079 0.0963176,
	4.05524 0.0932561,
	4.06415 0.089638,
	4.08196 0.0849066,
	4.08418 0.0846283,
	4.09309 0.0860199,
	4.09532 0.0862982,
	4.10422 0.0910296,
	4.10645 0.0924212,
	4.1109 0.0963176,
	4.11202 0.0974309,
	4.12983 0.106615,
	4.13094 0.107729,
	4.13206 0.108285,
	4.13261 0.108842,
	4.13261 0.109399,
	4.13317 0.109955,
	4.13317 0.110512,
	4.13373 0.111068,
	4.13373 0.111625,
	4.13456 0.112738,
	4.13484 0.113852,
	4.13484 0.114408,
	4.13539 0.114965,
	4.13539 0.115522,
	4.13595 0.116078,
	4.13595 0.118305,
	4.13651 0.118583,
	4.13651 0.119696,
	4.13818 0.124149,
	4.13818 0.128602,
	4.13818 0.130829,
	4.13706 0.135282,
	4.13679 0.137509,
	4.13651 0.138622,
	4.13428 0.140848,
	4.13373 0.141127,
	4.13289 0.143353,
	4.13122 0.14558,
	4.13011 0.146693,
	4.1212 0.151981,
	4.11897 0.153094,
	4.11786 0.153651,
	4.11563 0.153094,
	4.11341 0.151703,
	4.11229 0.15059,
	4.11146 0.148363,
	4.11202 0.14391,
	4.11257 0.141683,
	4.1148 0.13723,
	4.11536 0.135004,
	4.1148 0.130551,
	4.1148 0.128324,
	4.11424 0.126098,
	4.11229 0.124149,
	4.11174 0.123036,
	4.10951 0.121923,
	4.10895 0.121366,
	4.10673 0.12081,
	4.10562 0.120253,
	4.1045 0.120253,
	4.10005 0.117748,
	4.09782 0.116078,
	4.08892 0.11246,
	4.08446 0.111068,
	4.08224 0.110512,
	4.07333 0.114965,
	4.07138 0.117191,
	4.06999 0.119418,
	4.06971 0.121644,
	4.06971 0.122758,
	4.07277 0.127211,
	4.075 0.129437,
	4.08391 0.133056,
	4.08613 0.133612,
	4.08725 0.134447,
	4.08836 0.134725,
	4.09059 0.136117,
	4.09476 0.14057,
	4.09532 0.141683,
	4.09587 0.146136,
	4.09894 0.155043,
	4.09977 0.159496,
	4.10144 0.163949,
	4.10144 0.168402,
	4.10144 0.170628,
	4.10144 0.171742,
	4.10088 0.175916,
	4.10033 0.178143,
	4.10061 0.179256,
	4.09894 0.183709,
	4.09587 0.188162,
	4.09142 0.192059,
	4.08919 0.194007,
	4.08474 0.19679,
	4.08418 0.197903,
	4.07528 0.202635,
	4.07083 0.20347,
	4.06637 0.202913,
	4.06192 0.204305,
	4.05747 0.207923,
	4.05635 0.20848,
	4.0544 0.212654,
	4.05301 0.217107,
	4.05218 0.219334,
	4.05106 0.22824,
	4.05162 0.232693,
	4.05301 0.237146,
	4.05413 0.239373,
	4.05607 0.241599,
	4.0583 0.242991,
	4.06275 0.243826,
	4.06498 0.243548,
	4.06943 0.241043,
	4.07166 0.239373,
	4.07277 0.238816,
	4.07723 0.234641,
	4.07945 0.232415,
	4.08307 0.227962,
	4.08558 0.223509,
	4.09198 0.214603,
	4.09309 0.212376,
	4.10172 0.203748,
	4.10283 0.202635,
	4.11174 0.19846,
	4.11619 0.19679,
	4.12064 0.195955,
	4.1251 0.195677,
	4.12705 0.194842,
	4.1315 0.197347,
	4.13985 0.206253,
	4.14152 0.20848,
	4.14374 0.212933,
	4.14541 0.217386,
	4.14681 0.226292,
	4.14708 0.227405,
	4.14569 0.236311,
	4.14486 0.240764,
	4.14402 0.258577,
	4.14319 0.267483,
	4.13901 0.276389,
	4.13679 0.280842,
	4.13539 0.283069,
	4.13317 0.285295,
	4.13011 0.289748,
	4.12872 0.291975,
	4.12454 0.296428,
	4.12009 0.292531,
	4.11563 0.283625,
	4.11341 0.279172,
	4.11229 0.276946,
	4.11202 0.272493,
	4.11285 0.25468,
	4.11229 0.245774,
	4.11174 0.241321,
	4.10979 0.236868,
	4.10923 0.235755,
	4.10478 0.233528,
	4.10255 0.232415,
	4.0981 0.233806,
	4.09365 0.236033,
	4.08975 0.240486,
	4.08697 0.244939,
	4.07917 0.253845,
	4.07472 0.258298,
	4.07361 0.259412,
	4.0647 0.263586,
	4.0558 0.267205,
	4.05134 0.269153,
	4.04912 0.269988,
	4.048 0.270266,
	4.04578 0.268874,
	4.04132 0.2647,
	4.03882 0.260247,
	4.03715 0.25802,
	4.03576 0.253567,
	4.03492 0.244661,
	4.0352 0.240208,
	4.03687 0.231302,
	4.03771 0.226848,
	4.03826 0.217942,
	4.03798 0.213489,
	4.03771 0.211263,
	4.03687 0.209036,
	4.02991 0.20013,
	4.02852 0.197903,
	4.03047 0.19345,
	4.03158 0.191224,
	4.0327 0.182318,
	4.03325 0.177865,
	4.03186 0.168958,
	4.0313 0.166732,
	4.02824 0.162279,
	4.02657 0.160052,
	4.0224 0.151146,
	4.02045 0.146693,
	4.01989 0.144467,
	4.01934 0.143353,
	4.01878 0.134447,
	4.01878 0.133334,
	4.01878 0.133056,
	"/>
</Transform>

<Transform dim="0"
 xcoef=" 0 1 0 0 0 0"
 ycoef=" 0 0 1 0 0 0">
<Contour name="Ea5(ER)" hidden="false" closed="true" simplified="true" border="0 0.882 0.882" fill="0.502 1 1" mode="9"
 points="4.16666 0.331599,
	4.17675 0.329078,
	4.18179 0.328447,
	4.19187 0.330338,
	4.19629 0.333489,
	4.19692 0.33538,
	4.19818 0.33601,
	4.19944 0.340422,
	4.2007 0.341052,
	4.20196 0.345464,
	4.20322 0.346094,
	4.20322 0.348615,
	4.20448 0.350506,
	4.20448 0.353027,
	4.20448 0.354288,
	4.20574 0.354918,
	4.20574 0.35996,
	4.20574 0.362481,
	4.20448 0.363111,
	4.20448 0.365632,
	4.20322 0.367523,
	4.20322 0.368783,
	4.19629 0.375086,
	4.1944 0.380128,
	4.19313 0.380758,
	4.1925 0.382649,
	4.18935 0.38643,
	4.18935 0.387691,
	4.18809 0.388321,
	4.18809 0.389581,
	4.1862 0.391472,
	4.18557 0.392733,
	4.18494 0.392733,
	4.18179 0.394623,
	4.17675 0.395254,
	4.17423 0.394623,
	4.17171 0.392102,
	4.15154 0.380128,
	4.14839 0.375086,
	4.14776 0.370044,
	4.14776 0.367523,
	4.15217 0.363741,
	4.15721 0.358699,
	4.16162 0.348615,
	4.16288 0.347985,
	4.16288 0.342943,
	4.16288 0.340422,
	4.16414 0.339162,
	4.16414 0.336641,
	4.16414 0.33538,
	4.16603 0.332859,
	4.16603 0.332229,
	"/>
</Transform>

<Transform dim="0"
 xcoef=" 0 1 0 0 0 0"
 ycoef=" 0 0 1 0 0 0">
<Contour name="Ea5(MVB1)" hidden="false" closed="true" simplified="true" border="0.521569 0.858824 0.0156863" fill="0.866667 0.980392 0.521569" mode="9"
 points="3.80037 0.379594,
	3.8044 0.37909,
	3.80642 0.378585,
	3.81046 0.375558,
	3.81197 0.373539,
	3.81651 0.357393,
	3.81702 0.355375,
	3.82005 0.351338,
	3.82206 0.350329,
	3.82661 0.342256,
	3.82761 0.340237,
	3.82761 0.332164,
	3.82812 0.328127,
	3.83216 0.320054,
	3.83468 0.316018,
	3.83872 0.313495,
	3.84073 0.312486,
	3.84174 0.311476,
	3.84578 0.313495,
	3.8483 0.317531,
	3.85133 0.325605,
	3.85183 0.329641,
	3.84931 0.345788,
	3.84578 0.361934,
	3.84225 0.370007,
	3.84073 0.374044,
	3.84427 0.39019,
	3.84628 0.422483,
	3.84679 0.430556,
	3.84376 0.446703,
	3.83619 0.462849,
	3.83266 0.470923,
	3.83115 0.474959,
	3.83064 0.483032,
	3.83165 0.491106,
	3.83014 0.499179,
	3.82206 0.515325,
	3.81752 0.522894,
	3.81752 0.525921,
	3.82005 0.53349,
	3.82055 0.541563,
	3.82005 0.5456,
	3.81954 0.547618,
	3.81651 0.551655,
	3.80844 0.555187,
	3.8044 0.556196,
	3.79633 0.553168,
	3.79229 0.550646,
	3.78977 0.546609,
	3.78826 0.538536,
	3.79028 0.522389,
	3.79179 0.514316,
	3.7928 0.510279,
	3.79986 0.494133,
	3.80188 0.48606,
	3.80895 0.469913,
	3.81046 0.46184,
	3.81096 0.453767,
	3.81147 0.44973,
	3.80995 0.441657,
	3.80794 0.437621,
	3.80491 0.433584,
	3.8039 0.431566,
	3.78775 0.415924,
	3.78473 0.411887,
	3.78271 0.407851,
	3.7822 0.403814,
	3.78674 0.395741,
	3.79078 0.392209,
	3.7928 0.39019,
	3.79734 0.382117,
	3.79936 0.380603,
	3.79986 0.380099,
	"/>
</Transform>

<Transform dim="0"
 xcoef=" 0 1 0 0 0 0"
 ycoef=" 0 0 1 0 0 0">
<Contour name="Ea5" hidden="false" closed="true" simplified="true" border="0.984314 0.207843 0.0156863" fill="1 1 0.690196" mode="9"
 points="3.74841 0.593837,
	3.74894 0.58535,
	3.74921 0.581106,
	3.7508 0.572619,
	3.75159 0.570497,
	3.7569 0.56201,
	3.75929 0.553523,
	3.7622 0.545036,
	3.76963 0.528061,
	3.77467 0.511087,
	3.77626 0.5026,
	3.77706 0.498356,
	3.77971 0.489869,
	3.78289 0.481382,
	3.78369 0.47926,
	3.78528 0.470773,
	3.78607 0.466529,
	3.78634 0.464407,
	3.7866 0.463346,
	3.7821 0.446372,
	3.77387 0.429398,
	3.77149 0.420911,
	3.76963 0.412423,
	3.76936 0.40818,
	3.7691 0.406058,
	3.76273 0.389084,
	3.7622 0.380597,
	3.76194 0.376353,
	3.76167 0.374231,
	3.76353 0.365744,
	3.76539 0.3615,
	3.76936 0.357787,
	3.77785 0.3554,
	3.78342 0.347178,
	3.78952 0.330204,
	3.79058 0.321717,
	3.78713 0.287768,
	3.78687 0.283525,
	3.7866 0.281403,
	3.78024 0.264428,
	3.78263 0.247454,
	3.78793 0.23048,
	3.79111 0.221993,
	3.79164 0.219871,
	3.79164 0.21934,
	3.80013 0.214036,
	3.80437 0.211118,
	3.81286 0.20661,
	3.81392 0.206079,
	3.81445 0.205814,
	3.83143 0.216423,
	3.83567 0.220401,
	3.84416 0.223584,
	3.8484 0.225175,
	3.85052 0.225971,
	3.85158 0.226501,
	3.86007 0.227297,
	3.86856 0.226501,
	3.8728 0.226236,
	3.88978 0.216953,
	3.89826 0.212444,
	3.90251 0.210057,
	3.90463 0.208997,
	3.9216 0.194674,
	3.95555 0.17213,
	3.96404 0.167091,
	3.97253 0.161521,
	3.9895 0.147995,
	3.99799 0.141364,
	4.00223 0.138182,
	4.00435 0.136325,
	4.01841 0.119351,
	4.0269 0.111394,
	4.03114 0.107416,
	4.03326 0.105294,
	4.03485 0.103172,
	4.03592 0.10105,
	4.04361 0.0928284,
	4.04785 0.0901762,
	4.05634 0.0864631,
	4.05846 0.0854022,
	4.07543 0.0814238,
	4.08392 0.0800977,
	4.09241 0.0777107,
	4.10089 0.0758541,
	4.10514 0.0753236,
	4.10726 0.0750584,
	4.10832 0.0747932,
	4.14227 0.0814238,
	4.14651 0.0824847,
	4.14864 0.0827499,
	4.15712 0.0869935,
	4.1741 0.0983981,
	4.19107 0.113251,
	4.19956 0.120677,
	4.20354 0.124655,
	4.22051 0.132612,
	4.229 0.136325,
	4.23324 0.138447,
	4.23536 0.139508,
	4.25234 0.144017,
	4.26083 0.145873,
	4.29477 0.163113,
	4.30326 0.167887,
	4.3075 0.170274,
	4.30963 0.171335,
	4.31069 0.17213,
	4.31573 0.180618,
	4.31785 0.189105,
	4.31546 0.206079,
	4.3144 0.214566,
	4.31387 0.21881,
	4.3136 0.220932,
	4.31679 0.237906,
	4.31811 0.246393,
	4.31997 0.25488,
	4.33721 0.288829,
	4.34198 0.297316,
	4.34437 0.30156,
	4.34623 0.305803,
	4.34808 0.314291,
	4.35047 0.322778,
	4.35233 0.327021,
	4.35471 0.343996,
	4.35498 0.377944,
	4.35392 0.386432,
	4.34941 0.394919,
	4.34198 0.403406,
	4.30803 0.420645,
	4.29106 0.429398,
	4.28257 0.433907,
	4.27409 0.437885,
	4.2656 0.440537,
	4.26136 0.441863,
	4.25287 0.443189,
	4.25181 0.443455,
	4.23483 0.439211,
	4.21786 0.43152,
	4.21362 0.428867,
	4.21149 0.427541,
	4.19531 0.410832,
	4.17834 0.398897,
	4.16137 0.389349,
	4.15712 0.388023,
	4.155 0.387227,
	4.15394 0.386697,
	4.14545 0.386697,
	4.1115 0.404467,
	4.09453 0.408445,
	4.08604 0.409506,
	4.0818 0.410036,
	4.07968 0.410302,
	4.04573 0.404997,
	4.02875 0.396775,
	4.01178 0.389084,
	4.00329 0.385636,
	3.99481 0.388819,
	3.99056 0.39041,
	3.98844 0.39094,
	3.97995 0.395184,
	3.9781 0.39651,
	3.97491 0.400754,
	3.97332 0.402875,
	3.97253 0.403936,
	3.9704 0.412423,
	3.96934 0.41428,
	3.98658 0.448229,
	3.99109 0.456716,
	3.99427 0.460959,
	3.99587 0.463081,
	3.99799 0.467325,
	4.00621 0.474751,
	4.02318 0.484299,
	4.03989 0.497295,
	4.04361 0.505782,
	4.04546 0.510026,
	4.04626 0.512148,
	4.04679 0.513209,
	4.04414 0.521696,
	4.04281 0.525939,
	4.04202 0.528061,
	4.04175 0.529122,
	4.00807 0.561214,
	3.99109 0.574741,
	3.97412 0.58641,
	3.96563 0.592511,
	3.96139 0.595428,
	3.95927 0.596754,
	3.95078 0.604976,
	3.91577 0.672874,
	3.91365 0.677117,
	3.91259 0.679239,
	3.89879 0.696213,
	3.89163 0.7047,
	3.88765 0.713188,
	3.88394 0.730162,
	3.88209 0.738649,
	3.88129 0.742893,
	3.88076 0.745014,
	3.86485 0.778963,
	3.8606 0.78745,
	3.85848 0.791694,
	3.85742 0.793816,
	3.85715 0.802303,
	3.85715 0.804425,
	3.86538 0.812912,
	3.86644 0.813973,
	3.87148 0.82246,
	3.87492 0.830947,
	3.87784 0.839434,
	3.87837 0.841556,
	3.87864 0.842617,
	3.87572 0.851104,
	3.87015 0.859591,
	3.86591 0.863304,
	3.86378 0.865426,
	3.86193 0.867018,
	3.85344 0.862244,
	3.8492 0.860122,
	3.84708 0.858796,
	3.82984 0.825112,
	3.82161 0.808138,
	3.82108 0.803894,
	3.82082 0.801772,
	3.81366 0.784798,
	3.80994 0.780555,
	3.79377 0.76358,
	3.78528 0.758276,
	3.78103 0.755623,
	3.77891 0.754297,
	3.77785 0.753767,
	3.77016 0.74528,
	3.75319 0.711331,
	3.75106 0.707087,
	3.75 0.704966,
	3.74947 0.703905,
	3.74947 0.68693,
	3.7508 0.678443,
	3.7569 0.661469,
	3.75743 0.657225,
	3.75769 0.655104,
	3.75239 0.621155,
	3.75133 0.612668,
	3.7508 0.608424,
	3.7508 0.606302,
	3.74868 0.597815,
	3.74841 0.595693,
	3.74841 0.594632,
	3.74841 0.594102,
	"/>
</Transform>

</Section>