<?xml version="1.0"?>
<!DOCTYPE Section SYSTEM "section.dtd">

<Section index="52" thickness="0.05" alignLocked="true">
<Transform dim="6"
 xcoef=" -0.63423963756178 0.892561788411383 0.277153699066272 0 0 0"
 ycoef=" 1.4723345231859 -0.390280895530313 0.886995396416502 0 0 0">
<Image mag="0.0022159" contrast="1" brightness="0"
 src="R34CA1-B_S12.151.jpg" />
<Contour name="domain1" hidden="false" closed="true" simplified="false" border="1 0 1" fill="1 0 1" mode="11"
 points="0 0,
	4096 0,
	4096 4096,
	0 4096,
	"/>
</Transform>

<Transform dim="0"
 xcoef=" 0 1 0 0 0 0"
 ycoef=" 0 0 1 0 0 0">
<Contour name="Ed4" hidden="false" closed="true" simplified="true" border="0.541176 0.756863 0.0352941" fill="0.501961 1 1" mode="9"
 points="2.38034 2.86195,
	2.39112 2.84279,
	2.4007 2.8356,
	2.41986 2.8356,
	2.43902 2.8392,
	2.4486 2.84159,
	2.45339 2.84399,
	2.47135 2.86195,
	2.47375 2.86674,
	2.47495 2.86913,
	2.47614 2.8871,
	2.47135 2.89428,
	2.46177 2.90266,
	2.45219 2.90865,
	2.44261 2.90985,
	2.40429 2.90386,
	2.39471 2.90027,
	2.38992 2.89548,
	2.38154 2.87752,
	2.38034 2.87273,
	2.37795 2.87153,
	2.37915 2.86315,
	"/>
</Transform>

<Transform dim="0"
 xcoef=" 0 1 0 0 0 0"
 ycoef=" 0 0 1 0 0 0">
<Contour name="Ed4" hidden="false" closed="true" simplified="true" border="0.541176 0.756863 0.0352941" fill="0.501961 1 1" mode="9"
 points="1.74728 3.74368,
	1.75192 3.72514,
	1.75887 3.7066,
	1.76118 3.70196,
	1.79826 3.67763,
	1.87242 3.64287,
	1.88169 3.6394,
	1.91876 3.6336,
	1.92803 3.63128,
	1.94657 3.63244,
	1.95584 3.6336,
	1.97438 3.63128,
	1.97902 3.63128,
	2.01609 3.61738,
	2.05317 3.60695,
	2.07171 3.60464,
	2.08098 3.60348,
	2.09025 3.59884,
	2.09372 3.59537,
	2.0972 3.57683,
	2.09836 3.56756,
	2.09952 3.56292,
	2.09952 3.56061,
	2.1169 3.54207,
	2.12501 3.5328,
	2.14355 3.52005,
	2.16209 3.51194,
	2.18062 3.50731,
	2.25478 3.50383,
	2.27332 3.50151,
	2.29186 3.49572,
	2.30113 3.49108,
	2.31967 3.48993,
	2.3243 3.48761,
	2.34284 3.47139,
	2.34747 3.46791,
	2.35443 3.44937,
	2.3579 3.4401,
	2.3637 3.43083,
	2.37296 3.42156,
	2.3776 3.41809,
	2.38687 3.41809,
	2.40541 3.43199,
	2.42395 3.44126,
	2.44017 3.45864,
	2.4448 3.46328,
	2.44944 3.48182,
	2.45523 3.51889,
	2.45639 3.52816,
	2.47493 3.54438,
	2.47956 3.54786,
	2.48883 3.55018,
	2.4981 3.55829,
	2.50737 3.57683,
	2.5178 3.6139,
	2.52591 3.63244,
	2.53865 3.65098,
	2.54445 3.66025,
	2.56067 3.67879,
	2.58037 3.71587,
	2.61165 3.75295,
	2.66495 3.8271,
	2.69392 3.86418,
	2.72984 3.90126,
	2.74142 3.91979,
	2.75069 3.93833,
	2.76228 3.95687,
	2.76807 3.99395,
	2.76923 4.03103,
	2.76807 4.0681,
	2.7646 4.08664,
	2.76575 4.12372,
	2.77155 4.1608,
	2.77387 4.19788,
	2.77155 4.21641,
	2.76691 4.23495,
	2.7646 4.24422,
	2.75069 4.26276,
	2.71361 4.29984,
	2.70435 4.30795,
	2.69508 4.31374,
	2.67654 4.32881,
	2.66727 4.33576,
	2.64873 4.34503,
	2.63019 4.35198,
	2.62092 4.35661,
	2.54677 4.37168,
	2.47261 4.37979,
	2.43553 4.38326,
	2.39846 4.38442,
	2.37992 4.38326,
	2.34284 4.37284,
	2.30576 4.36588,
	2.29649 4.36473,
	2.29186 4.36357,
	2.28259 4.35661,
	2.24551 4.32301,
	2.23624 4.3149,
	2.19916 4.29289,
	2.16209 4.27551,
	2.14355 4.26508,
	2.11458 4.228,
	2.10183 4.20946,
	2.07982 4.17239,
	2.0439 4.1411,
	2.02536 4.12836,
	2.00682 4.11909,
	1.99755 4.11445,
	1.99292 4.11213,
	1.97438 4.10866,
	1.9373 4.09591,
	1.91876 4.09012,
	1.88169 4.08201,
	1.86315 4.07737,
	1.82607 4.07274,
	1.80753 4.0681,
	1.79826 4.06579,
	1.79363 4.06463,
	1.77856 4.04725,
	1.77509 4.04261,
	1.77277 4.0403,
	1.77045 4.02176,
	1.77161 4.00322,
	1.78436 3.96614,
	1.79131 3.9476,
	1.79594 3.93833,
	1.79826 3.92906,
	1.79247 3.89199,
	1.79015 3.88272,
	1.77972 3.86418,
	1.76466 3.8271,
	1.76003 3.81783,
	1.75539 3.79929,
	1.7496 3.76221,
	1.74728 3.74483,
	"/>
</Transform>

<Transform dim="0"
 xcoef=" 0 1 0 0 0 0"
 ycoef=" 0 0 1 0 0 0">
<Contour name="Ed4" hidden="false" closed="true" simplified="true" border="0.541176 0.756863 0.0352941" fill="0.501961 1 1" mode="9"
 points="2.96488 4.01834,
	2.97082 4.01686,
	2.99461 4.01537,
	3.04219 4.01537,
	3.06598 4.01388,
	3.08978 4.01091,
	3.10167 4.00868,
	3.11357 4.00793,
	3.11951 4.00793,
	3.1433 4.00199,
	3.14925 3.99976,
	3.17304 3.99753,
	3.17899 3.99753,
	3.20278 3.99009,
	3.22657 3.98043,
	3.23772 3.96928,
	3.25333 3.94549,
	3.26523 3.93805,
	3.27118 3.93433,
	3.28307 3.92467,
	3.28605 3.92318,
	3.30984 3.91946,
	3.33363 3.91723,
	3.38121 3.91723,
	3.405 3.92095,
	3.42879 3.92616,
	3.44068 3.92764,
	3.46447 3.93508,
	3.47637 3.94028,
	3.48826 3.94772,
	3.49421 3.95218,
	3.50611 3.95812,
	3.518 3.96556,
	3.54179 3.98563,
	3.55369 3.99678,
	3.57748 4.01388,
	3.58045 4.01686,
	3.58045 4.0228,
	3.57971 4.02429,
	3.5864 4.03619,
	3.58937 4.04213,
	3.59086 4.04511,
	3.59681 4.05106,
	3.6206 4.06667,
	3.63249 4.07633,
	3.63547 4.07931,
	3.64959 4.1031,
	3.6548 4.1083,
	3.65777 4.11053,
	3.66372 4.11202,
	3.66967 4.11722,
	3.67264 4.11945,
	3.67338 4.12243,
	3.67115 4.12837,
	3.65926 4.13804,
	3.63547 4.1477,
	3.61168 4.1596,
	3.58789 4.16852,
	3.5641 4.18265,
	3.5522 4.19008,
	3.54625 4.1938,
	3.52246 4.21759,
	3.5128 4.22948,
	3.50313 4.25327,
	3.48901 4.27706,
	3.48455 4.28301,
	3.47265 4.29342,
	3.4667 4.29491,
	3.44291 4.29268,
	3.41912 4.28747,
	3.39533 4.27929,
	3.37154 4.26666,
	3.34775 4.2555,
	3.32396 4.24286,
	3.31207 4.23543,
	3.28828 4.22874,
	3.2407 4.21907,
	3.2288 4.21684,
	3.22583 4.2161,
	3.21393 4.20792,
	3.19014 4.19751,
	3.16635 4.19082,
	3.15446 4.18934,
	3.14256 4.19157,
	3.13066 4.19528,
	3.11877 4.20123,
	3.11282 4.20272,
	3.08903 4.19603,
	3.07714 4.19082,
	3.07119 4.18785,
	3.02361 4.15439,
	3.01171 4.1425,
	3.00279 4.1306,
	2.9909 4.11871,
	2.97974 4.09492,
	2.97528 4.08302,
	2.97454 4.07113,
	2.9738 4.06518,
	2.96934 4.05329,
	2.96711 4.04734,
	2.96488 4.02355,
	2.96488 4.02057,
	2.96488 4.01909,
	"/>
</Transform>

<Transform dim="0"
 xcoef=" 0 1 0 0 0 0"
 ycoef=" 0 0 1 0 0 0">
<Contour name="Ea4(endo1)" hidden="false" closed="true" simplified="true" border="1 0.501961 0.25098" fill="1 1 1" mode="9"
 points="3.3374 4.47041,
	3.34418 4.46117,
	3.3639 4.46117,
	3.37375 4.46178,
	3.37868 4.46178,
	3.3984 4.47595,
	3.40826 4.48335,
	3.43844 4.52278,
	3.45262 4.54249,
	3.46001 4.55235,
	3.46555 4.56221,
	3.46925 4.57207,
	3.47171 4.57699,
	3.47233 4.57946,
	3.47295 4.58069,
	3.46863 4.59055,
	3.46555 4.59548,
	3.46062 4.59917,
	3.45816 4.60102,
	3.4557 4.60164,
	3.43598 4.59671,
	3.42612 4.59178,
	3.40702 4.57638,
	3.38854 4.55666,
	3.37868 4.54742,
	3.36205 4.52771,
	3.35157 4.50799,
	3.34541 4.48828,
	3.34233 4.47842,
	3.33925 4.47349,
	3.33802 4.47103,
	"/>
</Transform>

<Transform dim="0"
 xcoef=" 0 1 0 0 0 0"
 ycoef=" 0 0 1 0 0 0">
<Contour name="Ea2(v1274)" hidden="false" closed="true" simplified="true" border="0.611765 0.27451 0.643137" fill="0.458824 0.729412 1" mode="9"
 points="3.26672 3.64061,
	3.26788 3.63291,
	3.27122 3.62595,
	3.27643 3.62044,
	3.283 3.61689,
	3.29028 3.61567,
	3.29756 3.61689,
	3.30413 3.62044,
	3.30934 3.62595,
	3.31268 3.63291,
	3.31384 3.64061,
	3.31268 3.64832,
	3.30934 3.65528,
	3.30413 3.66079,
	3.29756 3.66434,
	3.29028 3.66556,
	3.283 3.66434,
	3.27643 3.66079,
	3.27122 3.65528,
	"/>
<Contour name="Ea2(v1275)" hidden="false" closed="true" simplified="true" border="0.611765 0.27451 0.643137" fill="0.458824 0.729412 1" mode="9"
 points="3.23624 3.67803,
	3.23725 3.6716,
	3.24021 3.66581,
	3.2448 3.66121,
	3.2506 3.65826,
	3.25702 3.65724,
	3.26345 3.65826,
	3.26924 3.66121,
	3.27384 3.66581,
	3.27679 3.6716,
	3.27781 3.67803,
	3.27679 3.68445,
	3.27384 3.69025,
	3.26924 3.69484,
	3.26345 3.6978,
	3.25702 3.69881,
	3.2506 3.6978,
	3.2448 3.69484,
	3.24021 3.69025,
	"/>
<Contour name="Ea2(v1276)" hidden="false" closed="true" simplified="true" border="0.611765 0.27451 0.643137" fill="0.458824 0.729412 1" mode="9"
 points="3.23901 3.58934,
	3.23989 3.58292,
	3.24245 3.57713,
	3.24643 3.57253,
	3.25146 3.56958,
	3.25702 3.56856,
	3.26259 3.56958,
	3.26761 3.57253,
	3.2716 3.57713,
	3.27415 3.58292,
	3.27504 3.58934,
	3.27415 3.59577,
	3.2716 3.60156,
	3.26761 3.60616,
	3.26259 3.60911,
	3.25702 3.61013,
	3.25146 3.60911,
	3.24643 3.60616,
	3.24245 3.60156,
	"/>
<Contour name="Ea2(v1277)" hidden="false" closed="true" simplified="true" border="0.611765 0.27451 0.643137" fill="0.458824 0.729412 1" mode="9"
 points="3.19467 3.61151,
	3.19568 3.60595,
	3.19864 3.60093,
	3.20323 3.59694,
	3.20903 3.59438,
	3.21545 3.5935,
	3.22187 3.59438,
	3.22767 3.59694,
	3.23227 3.60093,
	3.23522 3.60595,
	3.23624 3.61151,
	3.23522 3.61708,
	3.23227 3.6221,
	3.22767 3.62609,
	3.22187 3.62865,
	3.21545 3.62953,
	3.20903 3.62865,
	3.20323 3.62609,
	3.19864 3.6221,
	"/>
<Contour name="Ea2(v1278)" hidden="false" closed="true" simplified="true" border="0.611765 0.27451 0.643137" fill="0.458824 0.729412 1" mode="9"
 points="3.14478 3.63784,
	3.14593 3.63014,
	3.14928 3.62318,
	3.15449 3.61766,
	3.16106 3.61412,
	3.16834 3.6129,
	3.17562 3.61412,
	3.18218 3.61766,
	3.1874 3.62318,
	3.19074 3.63014,
	3.19189 3.63784,
	3.19074 3.64555,
	3.1874 3.6525,
	3.18218 3.65802,
	3.17562 3.66156,
	3.16834 3.66279,
	3.16106 3.66156,
	3.15449 3.65802,
	3.14928 3.6525,
	"/>
<Contour name="Ea2(v1279)" hidden="false" closed="true" simplified="true" border="0.611765 0.27451 0.643137" fill="0.458824 0.729412 1" mode="9"
 points="3.08104 3.60043,
	3.08212 3.59315,
	3.08527 3.58658,
	3.09018 3.58137,
	3.09636 3.57803,
	3.10321 3.57687,
	3.11006 3.57803,
	3.11624 3.58137,
	3.12115 3.58658,
	3.1243 3.59315,
	3.12538 3.60043,
	3.1243 3.60771,
	3.12115 3.61428,
	3.11624 3.61949,
	3.11006 3.62283,
	3.10321 3.62399,
	3.09636 3.62283,
	3.09018 3.61949,
	3.08527 3.61428,
	"/>
<Contour name="Ea2(v1280)" hidden="false" closed="true" simplified="true" border="0.611765 0.27451 0.643137" fill="0.458824 0.729412 1" mode="9"
 points="3.13647 3.54916,
	3.13742 3.54316,
	3.14017 3.53776,
	3.14446 3.53346,
	3.14987 3.53071,
	3.15587 3.52976,
	3.16186 3.53071,
	3.16727 3.53346,
	3.17156 3.53776,
	3.17432 3.54316,
	3.17527 3.54916,
	3.17432 3.55515,
	3.17156 3.56056,
	3.16727 3.56485,
	3.16186 3.56761,
	3.15587 3.56856,
	3.14987 3.56761,
	3.14446 3.56485,
	3.14017 3.56056,
	"/>
<Contour name="Ea2(v1281)" hidden="false" closed="true" simplified="true" border="0.611765 0.27451 0.643137" fill="0.458824 0.729412 1" mode="9"
 points="3.08381 3.54084,
	3.08462 3.53571,
	3.08699 3.53107,
	3.09066 3.52739,
	3.0953 3.52503,
	3.10044 3.52422,
	3.10558 3.52503,
	3.11021 3.52739,
	3.11389 3.53107,
	3.11625 3.53571,
	3.11707 3.54084,
	3.11625 3.54598,
	3.11389 3.55062,
	3.11021 3.5543,
	3.10558 3.55666,
	3.10044 3.55747,
	3.0953 3.55666,
	3.09066 3.5543,
	3.08699 3.55062,
	"/>
<Contour name="Ea2(v1282)" hidden="false" closed="true" simplified="true" border="0.611765 0.27451 0.643137" fill="0.458824 0.729412 1" mode="9"
 points="3.09767 3.49512,
	3.09862 3.48869,
	3.10137 3.4829,
	3.10566 3.4783,
	3.11107 3.47535,
	3.11707 3.47433,
	3.12306 3.47535,
	3.12847 3.4783,
	3.13276 3.4829,
	3.13552 3.48869,
	3.13647 3.49512,
	3.13552 3.50154,
	3.13276 3.50733,
	3.12847 3.51193,
	3.12306 3.51488,
	3.11707 3.5159,
	3.11107 3.51488,
	3.10566 3.51193,
	3.10137 3.50733,
	"/>
<Contour name="Ea2(v1283)" hidden="false" closed="true" simplified="true" border="0.611765 0.27451 0.643137" fill="0.458824 0.729412 1" mode="9"
 points="3.10321 3.448,
	3.10416 3.44244,
	3.10692 3.43741,
	3.11121 3.43343,
	3.11661 3.43087,
	3.12261 3.42999,
	3.1286 3.43087,
	3.13401 3.43343,
	3.1383 3.43741,
	3.14106 3.44244,
	3.14201 3.448,
	3.14106 3.45357,
	3.1383 3.45859,
	3.13401 3.46258,
	3.1286 3.46513,
	3.12261 3.46602,
	3.11661 3.46513,
	3.11121 3.46258,
	3.10692 3.45859,
	"/>
<Contour name="Ea2(v1284)" hidden="false" closed="true" simplified="true" border="0.611765 0.27451 0.643137" fill="0.458824 0.729412 1" mode="9"
 points="3.10598 3.39535,
	3.1071 3.38892,
	3.11035 3.38313,
	3.11541 3.37853,
	3.12178 3.37558,
	3.12885 3.37456,
	3.13591 3.37558,
	3.14228 3.37853,
	3.14734 3.38313,
	3.15059 3.38892,
	3.15171 3.39535,
	3.15059 3.40177,
	3.14734 3.40756,
	3.14228 3.41216,
	3.13591 3.41511,
	3.12885 3.41613,
	3.12178 3.41511,
	3.11541 3.41216,
	3.11035 3.40756,
	"/>
<Contour name="Ea2(v1285)" hidden="false" closed="true" simplified="true" border="0.611765 0.27451 0.643137" fill="0.458824 0.729412 1" mode="9"
 points="3.05887 3.41128,
	3.05968 3.4055,
	3.06204 3.40029,
	3.06572 3.39615,
	3.07036 3.39349,
	3.0755 3.39257,
	3.08063 3.39349,
	3.08527 3.39615,
	3.08895 3.40029,
	3.09131 3.4055,
	3.09212 3.41128,
	3.09131 3.41706,
	3.08895 3.42228,
	3.08527 3.42642,
	3.08063 3.42907,
	3.0755 3.42999,
	3.07036 3.42907,
	3.06572 3.42642,
	3.06204 3.42228,
	"/>
<Contour name="Ea2(v1286)" hidden="false" closed="true" simplified="true" border="0.611765 0.27451 0.643137" fill="0.458824 0.729412 1" mode="9"
 points="3.03115 3.48126,
	3.03224 3.47398,
	3.03539 3.46741,
	3.04029 3.4622,
	3.04647 3.45886,
	3.05332 3.4577,
	3.06018 3.45886,
	3.06636 3.4622,
	3.07126 3.46741,
	3.07441 3.47398,
	3.0755 3.48126,
	3.07441 3.48854,
	3.07126 3.49511,
	3.06636 3.50032,
	3.06018 3.50366,
	3.05332 3.50482,
	3.04647 3.50366,
	3.04029 3.50032,
	3.03539 3.49511,
	"/>
<Contour name="Ea2(v1287)" hidden="false" closed="true" simplified="true" border="0.611765 0.27451 0.643137" fill="0.458824 0.729412 1" mode="9"
 points="2.98404 3.49234,
	2.98492 3.48592,
	2.98748 3.48013,
	2.99147 3.47553,
	2.99649 3.47258,
	3.00205 3.47156,
	3.00762 3.47258,
	3.01264 3.47553,
	3.01663 3.48013,
	3.01919 3.48592,
	3.02007 3.49234,
	3.01919 3.49877,
	3.01663 3.50456,
	3.01264 3.50916,
	3.00762 3.51211,
	3.00205 3.51313,
	2.99649 3.51211,
	2.99147 3.50916,
	2.98748 3.50456,
	"/>
<Contour name="Ea2(v1288)" hidden="false" closed="true" simplified="true" border="0.611765 0.27451 0.643137" fill="0.458824 0.729412 1" mode="9"
 points="2.97295 3.57133,
	2.97397 3.56448,
	2.97692 3.5583,
	2.98152 3.55339,
	2.98732 3.55024,
	2.99374 3.54916,
	3.00016 3.55024,
	3.00596 3.55339,
	3.01056 3.5583,
	3.01351 3.56448,
	3.01453 3.57133,
	3.01351 3.57818,
	3.01056 3.58436,
	3.00596 3.58927,
	3.00016 3.59242,
	2.99374 3.5935,
	2.98732 3.59242,
	2.98152 3.58927,
	2.97692 3.58436,
	"/>
<Contour name="Ea2(v1290)" hidden="false" closed="true" simplified="true" border="0.611765 0.27451 0.643137" fill="0.458824 0.729412 1" mode="9"
 points="2.92584 3.55886,
	2.92686 3.55158,
	2.92981 3.54501,
	2.93441 3.5398,
	2.9402 3.53645,
	2.94663 3.5353,
	2.95305 3.53645,
	2.95884 3.5398,
	2.96344 3.54501,
	2.96639 3.55158,
	2.96741 3.55886,
	2.96639 3.56614,
	2.96344 3.5727,
	2.95884 3.57792,
	2.95305 3.58126,
	2.94663 3.58242,
	2.9402 3.58126,
	2.93441 3.57792,
	2.92981 3.5727,
	"/>
<Contour name="Ea2(v1291)" hidden="false" closed="true" simplified="true" border="0.611765 0.27451 0.643137" fill="0.458824 0.729412 1" mode="9"
 points="2.8815 3.50897,
	2.88252 3.50255,
	2.88547 3.49676,
	2.89007 3.49216,
	2.89586 3.4892,
	2.90228 3.48819,
	2.90871 3.4892,
	2.9145 3.49216,
	2.9191 3.49676,
	2.92205 3.50255,
	2.92307 3.50897,
	2.92205 3.5154,
	2.9191 3.52119,
	2.9145 3.52579,
	2.90871 3.52874,
	2.90228 3.52976,
	2.89586 3.52874,
	2.89007 3.52579,
	2.88547 3.52119,
	"/>
<Contour name="Ea2(v1294)" hidden="false" closed="true" simplified="true" border="0.611765 0.27451 0.643137" fill="0.458824 0.729412 1" mode="9"
 points="2.81499 3.44385,
	2.81593 3.43785,
	2.81869 3.43244,
	2.82298 3.42815,
	2.82839 3.4254,
	2.83438 3.42445,
	2.84038 3.4254,
	2.84579 3.42815,
	2.85008 3.43244,
	2.85284 3.43785,
	2.85378 3.44385,
	2.85284 3.44984,
	2.85008 3.45525,
	2.84579 3.45954,
	2.84038 3.4623,
	2.83438 3.46325,
	2.82839 3.4623,
	2.82298 3.45954,
	2.81869 3.45525,
	"/>
<Contour name="Ea2(v1295)" hidden="false" closed="true" simplified="true" border="0.611765 0.27451 0.643137" fill="0.458824 0.729412 1" mode="9"
 points="2.92861 3.47572,
	2.92949 3.46929,
	2.93205 3.4635,
	2.93604 3.4589,
	2.94106 3.45595,
	2.94663 3.45493,
	2.95219 3.45595,
	2.95721 3.4589,
	2.9612 3.4635,
	2.96376 3.46929,
	2.96464 3.47572,
	2.96376 3.48214,
	2.9612 3.48793,
	2.95721 3.49253,
	2.95219 3.49548,
	2.94663 3.4965,
	2.94106 3.49548,
	2.93604 3.49253,
	2.93205 3.48793,
	"/>
<Contour name="Ea2(v1296)" hidden="false" closed="true" simplified="true" border="0.611765 0.27451 0.643137" fill="0.458824 0.729412 1" mode="9"
 points="2.98404 3.40089,
	2.98499 3.39447,
	2.98775 3.38867,
	2.99204 3.38407,
	2.99745 3.38112,
	3.00344 3.3801,
	3.00943 3.38112,
	3.01484 3.38407,
	3.01913 3.38867,
	3.02189 3.39447,
	3.02284 3.40089,
	3.02189 3.40731,
	3.01913 3.41311,
	3.01484 3.4177,
	3.00943 3.42066,
	3.00344 3.42167,
	2.99745 3.42066,
	2.99204 3.4177,
	2.98775 3.41311,
	"/>
<Contour name="Ea2(v1297)" hidden="false" closed="true" simplified="true" border="0.611765 0.27451 0.643137" fill="0.458824 0.729412 1" mode="9"
 points="3.02284 3.37317,
	3.02372 3.36675,
	3.02628 3.36096,
	3.03027 3.35636,
	3.03529 3.35341,
	3.04085 3.35239,
	3.04642 3.35341,
	3.05144 3.35636,
	3.05543 3.36096,
	3.05799 3.36675,
	3.05887 3.37317,
	3.05799 3.3796,
	3.05543 3.38539,
	3.05144 3.38999,
	3.04642 3.39294,
	3.04085 3.39396,
	3.03529 3.39294,
	3.03027 3.38999,
	3.02628 3.38539,
	"/>
<Contour name="Ea2(v1298)" hidden="false" closed="true" simplified="true" border="0.611765 0.27451 0.643137" fill="0.458824 0.729412 1" mode="9"
 points="3.0561 3.34823,
	3.05698 3.34267,
	3.05954 3.33764,
	3.06352 3.33366,
	3.06854 3.3311,
	3.07411 3.33022,
	3.07968 3.3311,
	3.0847 3.33366,
	3.08868 3.33764,
	3.09124 3.34267,
	3.09212 3.34823,
	3.09124 3.3538,
	3.08868 3.35882,
	3.0847 3.36281,
	3.07968 3.36536,
	3.07411 3.36625,
	3.06854 3.36536,
	3.06352 3.36281,
	3.05954 3.35882,
	"/>
<Contour name="Ea2(v1299)" hidden="false" closed="true" simplified="true" border="0.611765 0.27451 0.643137" fill="0.458824 0.729412 1" mode="9"
 points="3.02284 3.30805,
	3.02386 3.3012,
	3.02681 3.29502,
	3.03141 3.29011,
	3.0372 3.28696,
	3.04363 3.28588,
	3.05005 3.28696,
	3.05584 3.29011,
	3.06044 3.29502,
	3.06339 3.3012,
	3.06441 3.30805,
	3.06339 3.3149,
	3.06044 3.32108,
	3.05584 3.32598,
	3.05005 3.32913,
	3.04363 3.33022,
	3.0372 3.32913,
	3.03141 3.32598,
	3.02681 3.32108,
	"/>
<Contour name="Ea2(v1300)" hidden="false" closed="true" simplified="true" border="0.611765 0.27451 0.643137" fill="0.458824 0.729412 1" mode="9"
 points="2.98127 3.34685,
	2.98229 3.34085,
	2.98524 3.33544,
	2.98984 3.33115,
	2.99563 3.3284,
	3.00205 3.32745,
	3.00848 3.3284,
	3.01427 3.33115,
	3.01887 3.33544,
	3.02182 3.34085,
	3.02284 3.34685,
	3.02182 3.35284,
	3.01887 3.35825,
	3.01427 3.36254,
	3.00848 3.3653,
	3.00205 3.36625,
	2.99563 3.3653,
	2.98984 3.36254,
	2.98524 3.35825,
	"/>
<Contour name="Ea2(v1301)" hidden="false" closed="true" simplified="true" border="0.611765 0.27451 0.643137" fill="0.458824 0.729412 1" mode="9"
 points="2.96741 3.26509,
	2.96836 3.25952,
	2.97112 3.2545,
	2.97541 3.25052,
	2.98082 3.24796,
	2.98681 3.24708,
	2.99281 3.24796,
	2.99821 3.25052,
	3.00251 3.2545,
	3.00526 3.25952,
	3.00621 3.26509,
	3.00526 3.27066,
	3.00251 3.27568,
	2.99821 3.27966,
	2.99281 3.28222,
	2.98681 3.2831,
	2.98082 3.28222,
	2.97541 3.27966,
	2.97112 3.27568,
	"/>
<Contour name="Ea2(v1302)" hidden="false" closed="true" simplified="true" border="0.611765 0.27451 0.643137" fill="0.458824 0.729412 1" mode="9"
 points="2.92861 3.35932,
	2.92963 3.35204,
	2.93258 3.34547,
	2.93718 3.34026,
	2.94297 3.33691,
	2.9494 3.33576,
	2.95582 3.33691,
	2.96162 3.34026,
	2.96621 3.34547,
	2.96917 3.35204,
	2.97018 3.35932,
	2.96917 3.3666,
	2.96621 3.37316,
	2.96162 3.37838,
	2.95582 3.38172,
	2.9494 3.38287,
	2.94297 3.38172,
	2.93718 3.37838,
	2.93258 3.37316,
	"/>
<Contour name="Ea2(v1303)" hidden="false" closed="true" simplified="true" border="0.611765 0.27451 0.643137" fill="0.458824 0.729412 1" mode="9"
 points="2.8815 3.44107,
	2.88238 3.43594,
	2.88494 3.4313,
	2.88892 3.42762,
	2.89395 3.42526,
	2.89951 3.42445,
	2.90508 3.42526,
	2.9101 3.42762,
	2.91409 3.4313,
	2.91665 3.43594,
	2.91753 3.44107,
	2.91665 3.44621,
	2.91409 3.45085,
	2.9101 3.45453,
	2.90508 3.45689,
	2.89951 3.4577,
	2.89395 3.45689,
	2.88892 3.45453,
	2.88494 3.45085,
	"/>
<Contour name="Ea2(v1304)" hidden="false" closed="true" simplified="true" border="0.611765 0.27451 0.643137" fill="0.458824 0.729412 1" mode="9"
 points="2.8427 3.40366,
	2.84372 3.39724,
	2.84667 3.39144,
	2.85127 3.38684,
	2.85706 3.38389,
	2.86348 3.38287,
	2.86991 3.38389,
	2.8757 3.38684,
	2.8803 3.39144,
	2.88325 3.39724,
	2.88427 3.40366,
	2.88325 3.41008,
	2.8803 3.41588,
	2.8757 3.42048,
	2.86991 3.42343,
	2.86348 3.42445,
	2.85706 3.42343,
	2.85127 3.42048,
	2.84667 3.41588,
	"/>
<Contour name="Ea2(v1306)" hidden="false" closed="true" simplified="true" border="0.611765 0.27451 0.643137" fill="0.458824 0.729412 1" mode="9"
 points="2.88427 3.33992,
	2.88529 3.3335,
	2.88824 3.3277,
	2.89284 3.3231,
	2.89863 3.32015,
	2.90506 3.31913,
	2.91148 3.32015,
	2.91727 3.3231,
	2.92187 3.3277,
	2.92482 3.3335,
	2.92584 3.33992,
	2.92482 3.34634,
	2.92187 3.35214,
	2.91727 3.35673,
	2.91148 3.35969,
	2.90506 3.3607,
	2.89863 3.35969,
	2.89284 3.35673,
	2.88824 3.35214,
	"/>
<Contour name="Ea2(v1307)" hidden="false" closed="true" simplified="true" border="0.611765 0.27451 0.643137" fill="0.458824 0.729412 1" mode="9"
 points="2.77341 3.3995,
	2.7743 3.39265,
	2.77685 3.38647,
	2.78084 3.38157,
	2.78586 3.37842,
	2.79143 3.37733,
	2.797 3.37842,
	2.80202 3.38157,
	2.806 3.38647,
	2.80856 3.39265,
	2.80944 3.3995,
	2.80856 3.40635,
	2.806 3.41253,
	2.80202 3.41744,
	2.797 3.42059,
	2.79143 3.42167,
	2.78586 3.42059,
	2.78084 3.41744,
	2.77685 3.41253,
	"/>
<Contour name="Ea2(v1308)" hidden="false" closed="true" simplified="true" border="0.611765 0.27451 0.643137" fill="0.458824 0.729412 1" mode="9"
 points="2.78727 3.35655,
	2.78815 3.35098,
	2.79071 3.34596,
	2.7947 3.34197,
	2.79972 3.33941,
	2.80529 3.33853,
	2.81085 3.33941,
	2.81587 3.34197,
	2.81986 3.34596,
	2.82242 3.35098,
	2.8233 3.35655,
	2.82242 3.36211,
	2.81986 3.36713,
	2.81587 3.37112,
	2.81085 3.37368,
	2.80529 3.37456,
	2.79972 3.37368,
	2.7947 3.37112,
	2.79071 3.36713,
	"/>
<Contour name="Ea2(v1309)" hidden="false" closed="true" simplified="true" border="0.611765 0.27451 0.643137" fill="0.458824 0.729412 1" mode="9"
 points="2.83161 3.33715,
	2.83263 3.33072,
	2.83558 3.32493,
	2.84018 3.32033,
	2.84598 3.31738,
	2.8524 3.31636,
	2.85882 3.31738,
	2.86462 3.32033,
	2.86921 3.32493,
	2.87217 3.33072,
	2.87318 3.33715,
	2.87217 3.34357,
	2.86921 3.34936,
	2.86462 3.35396,
	2.85882 3.35691,
	2.8524 3.35793,
	2.84598 3.35691,
	2.84018 3.35396,
	2.83558 3.34936,
	"/>
<Contour name="Ea2(v1310)" hidden="false" closed="true" simplified="true" border="0.611765 0.27451 0.643137" fill="0.458824 0.729412 1" mode="9"
 points="2.7069 3.34962,
	2.70785 3.34362,
	2.71061 3.33822,
	2.7149 3.33392,
	2.72031 3.33117,
	2.7263 3.33022,
	2.7323 3.33117,
	2.7377 3.33392,
	2.742 3.33822,
	2.74475 3.34362,
	2.7457 3.34962,
	2.74475 3.35561,
	2.742 3.36102,
	2.7377 3.36531,
	2.7323 3.36807,
	2.7263 3.36902,
	2.72031 3.36807,
	2.7149 3.36531,
	2.71061 3.36102,
	"/>
<Contour name="Ea2(v1311)" hidden="false" closed="true" simplified="true" border="0.611765 0.27451 0.643137" fill="0.458824 0.729412 1" mode="9"
 points="2.73739 3.31082,
	2.7382 3.30568,
	2.74056 3.30104,
	2.74424 3.29737,
	2.74888 3.295,
	2.75401 3.29419,
	2.75915 3.295,
	2.76379 3.29737,
	2.76747 3.30104,
	2.76983 3.30568,
	2.77064 3.31082,
	2.76983 3.31596,
	2.76747 3.32059,
	2.76379 3.32427,
	2.75915 3.32663,
	2.75401 3.32745,
	2.74888 3.32663,
	2.74424 3.32427,
	2.74056 3.32059,
	"/>
<Contour name="Ea2(v1312)" hidden="false" closed="true" simplified="true" border="0.611765 0.27451 0.643137" fill="0.458824 0.729412 1" mode="9"
 points="2.80667 3.29142,
	2.80748 3.28542,
	2.80985 3.28002,
	2.81353 3.27572,
	2.81816 3.27297,
	2.8233 3.27202,
	2.82844 3.27297,
	2.83307 3.27572,
	2.83675 3.28002,
	2.83911 3.28542,
	2.83993 3.29142,
	2.83911 3.29741,
	2.83675 3.30282,
	2.83307 3.30711,
	2.82844 3.30987,
	2.8233 3.31082,
	2.81816 3.30987,
	2.81353 3.30711,
	2.80985 3.30282,
	"/>
<Contour name="Ea2(v1313)" hidden="false" closed="true" simplified="true" border="0.611765 0.27451 0.643137" fill="0.458824 0.729412 1" mode="9"
 points="2.8621 3.26925,
	2.86291 3.26411,
	2.86527 3.25947,
	2.86895 3.2558,
	2.87359 3.25343,
	2.87873 3.25262,
	2.88387 3.25343,
	2.8885 3.2558,
	2.89218 3.25947,
	2.89454 3.26411,
	2.89536 3.26925,
	2.89454 3.27439,
	2.89218 3.27902,
	2.8885 3.2827,
	2.88387 3.28506,
	2.87873 3.28588,
	2.87359 3.28506,
	2.86895 3.2827,
	2.86527 3.27902,
	"/>
<Contour name="Ea2(v1314)" hidden="false" closed="true" simplified="true" border="0.611765 0.27451 0.643137" fill="0.458824 0.729412 1" mode="9"
 points="2.79004 3.24015,
	2.79086 3.23458,
	2.79322 3.22956,
	2.7969 3.22557,
	2.80153 3.22302,
	2.80667 3.22213,
	2.81181 3.22302,
	2.81644 3.22557,
	2.82012 3.22956,
	2.82249 3.23458,
	2.8233 3.24015,
	2.82249 3.24571,
	2.82012 3.25074,
	2.81644 3.25472,
	2.81181 3.25728,
	2.80667 3.25816,
	2.80153 3.25728,
	2.7969 3.25472,
	2.79322 3.25074,
	"/>
<Contour name="Ea2(v1315)" hidden="false" closed="true" simplified="true" border="0.611765 0.27451 0.643137" fill="0.458824 0.729412 1" mode="9"
 points="2.69027 3.26093,
	2.69115 3.2558,
	2.69371 3.25116,
	2.6977 3.24748,
	2.70272 3.24512,
	2.70829 3.24431,
	2.71385 3.24512,
	2.71888 3.24748,
	2.72286 3.25116,
	2.72542 3.2558,
	2.7263 3.26093,
	2.72542 3.26607,
	2.72286 3.27071,
	2.71888 3.27439,
	2.71385 3.27675,
	2.70829 3.27756,
	2.70272 3.27675,
	2.6977 3.27439,
	2.69371 3.27071,
	"/>
<Contour name="Ea2(v1316)" hidden="false" closed="true" simplified="true" border="0.611765 0.27451 0.643137" fill="0.458824 0.729412 1" mode="9"
 points="2.77341 3.19581,
	2.7743 3.19024,
	2.77685 3.18522,
	2.78084 3.18123,
	2.78586 3.17867,
	2.79143 3.17779,
	2.797 3.17867,
	2.80202 3.18123,
	2.806 3.18522,
	2.80856 3.19024,
	2.80944 3.19581,
	2.80856 3.20137,
	2.806 3.20639,
	2.80202 3.21038,
	2.797 3.21294,
	2.79143 3.21382,
	2.78586 3.21294,
	2.78084 3.21038,
	2.77685 3.20639,
	"/>
<Contour name="Ea2(v1317)" hidden="false" closed="true" simplified="true" border="0.611765 0.27451 0.643137" fill="0.458824 0.729412 1" mode="9"
 points="2.79559 3.15978,
	2.79647 3.15421,
	2.79903 3.14919,
	2.80301 3.1452,
	2.80803 3.14265,
	2.8136 3.14176,
	2.81917 3.14265,
	2.82419 3.1452,
	2.82817 3.14919,
	2.83073 3.15421,
	2.83161 3.15978,
	2.83073 3.16534,
	2.82817 3.17037,
	2.82419 3.17435,
	2.81917 3.17691,
	2.8136 3.17779,
	2.80803 3.17691,
	2.80301 3.17435,
	2.79903 3.17037,
	"/>
<Contour name="Ea2(v1318)" hidden="false" closed="true" simplified="true" border="0.611765 0.27451 0.643137" fill="0.458824 0.729412 1" mode="9"
 points="2.74847 3.13484,
	2.74942 3.12841,
	2.75218 3.12262,
	2.75647 3.11802,
	2.76188 3.11507,
	2.76787 3.11405,
	2.77387 3.11507,
	2.77927 3.11802,
	2.78357 3.12262,
	2.78632 3.12841,
	2.78727 3.13484,
	2.78632 3.14126,
	2.78357 3.14705,
	2.77927 3.15165,
	2.77387 3.1546,
	2.76787 3.15562,
	2.76188 3.1546,
	2.75647 3.15165,
	2.75218 3.14705,
	"/>
<Contour name="Ea2(v1319)" hidden="false" closed="true" simplified="true" border="0.611765 0.27451 0.643137" fill="0.458824 0.729412 1" mode="9"
 points="2.71522 3.08356,
	2.71616 3.07671,
	2.71892 3.07053,
	2.72321 3.06563,
	2.72862 3.06248,
	2.73461 3.06139,
	2.74061 3.06248,
	2.74602 3.06563,
	2.75031 3.07053,
	2.75307 3.07671,
	2.75401 3.08356,
	2.75307 3.09042,
	2.75031 3.0966,
	2.74602 3.1015,
	2.74061 3.10465,
	2.73461 3.10574,
	2.72862 3.10465,
	2.72321 3.1015,
	2.71892 3.0966,
	"/>
<Contour name="Ea2(v1320)" hidden="false" closed="true" simplified="true" border="0.611765 0.27451 0.643137" fill="0.458824 0.729412 1" mode="9"
 points="2.77341 3.06832,
	2.77436 3.06276,
	2.77712 3.05773,
	2.78141 3.05375,
	2.78682 3.05119,
	2.79281 3.05031,
	2.79881 3.05119,
	2.80422 3.05375,
	2.80851 3.05773,
	2.81126 3.06276,
	2.81221 3.06832,
	2.81126 3.07389,
	2.80851 3.07891,
	2.80422 3.0829,
	2.79881 3.08545,
	2.79281 3.08634,
	2.78682 3.08545,
	2.78141 3.0829,
	2.77712 3.07891,
	"/>
<Contour name="Ea2(v1321)" hidden="false" closed="true" simplified="true" border="0.611765 0.27451 0.643137" fill="0.458824 0.729412 1" mode="9"
 points="2.70967 3.14176,
	2.71055 3.13577,
	2.71311 3.13036,
	2.7171 3.12607,
	2.72212 3.12331,
	2.72769 3.12236,
	2.73325 3.12331,
	2.73827 3.12607,
	2.74226 3.13036,
	2.74482 3.13577,
	2.7457 3.14176,
	2.74482 3.14776,
	2.74226 3.15317,
	2.73827 3.15746,
	2.73325 3.16021,
	2.72769 3.16116,
	2.72212 3.16021,
	2.7171 3.15746,
	2.71311 3.15317,
	"/>
<Contour name="Ea2(v1322)" hidden="false" closed="true" simplified="true" border="0.611765 0.27451 0.643137" fill="0.458824 0.729412 1" mode="9"
 points="2.69859 2.98379,
	2.6996 2.9778,
	2.70256 2.97239,
	2.70715 2.9681,
	2.71295 2.96534,
	2.71937 2.96439,
	2.7258 2.96534,
	2.73159 2.9681,
	2.73619 2.97239,
	2.73914 2.9778,
	2.74016 2.98379,
	2.73914 2.98979,
	2.73619 2.9952,
	2.73159 2.99949,
	2.7258 3.00224,
	2.71937 3.00319,
	2.71295 3.00224,
	2.70715 2.99949,
	2.70256 2.9952,
	"/>
</Transform>

<Transform dim="0"
 xcoef=" 0 1 0 0 0 0"
 ycoef=" 0 0 1 0 0 0">
<Contour name="Ea4(v398)" hidden="false" closed="true" simplified="true" border="0.612 0.275 0.643" fill="0.459 0.729 1" mode="9"
 points="3.37991 4.65627,
	3.38092 4.6499,
	3.38384 4.64416,
	3.3884 4.6396,
	3.39414 4.63668,
	3.40051 4.63567,
	3.40687 4.63668,
	3.41262 4.6396,
	3.41717 4.64416,
	3.4201 4.6499,
	3.42111 4.65627,
	3.4201 4.66263,
	3.41717 4.66837,
	3.41262 4.67293,
	3.40687 4.67586,
	3.40051 4.67687,
	3.39414 4.67586,
	3.3884 4.67293,
	3.38384 4.66837,
	"/>
<Contour name="Ea4(v399)" hidden="false" closed="true" simplified="true" border="0.612 0.275 0.643" fill="0.459 0.729 1" mode="9"
 points="3.48103 4.56263,
	3.48204 4.55627,
	3.48497 4.55053,
	3.48952 4.54597,
	3.49527 4.54304,
	3.50163 4.54204,
	3.508 4.54304,
	3.51374 4.54597,
	3.5183 4.55053,
	3.52122 4.55627,
	3.52223 4.56263,
	3.52122 4.569,
	3.5183 4.57474,
	3.51374 4.5793,
	3.508 4.58223,
	3.50163 4.58323,
	3.49527 4.58223,
	3.48952 4.5793,
	3.48497 4.57474,
	"/>
<Contour name="Ea4(v400)" hidden="false" closed="true" simplified="true" border="0.612 0.275 0.643" fill="0.459 0.729 1" mode="9"
 points="3.42111 4.45964,
	3.42212 4.45269,
	3.42504 4.44643,
	3.4296 4.44146,
	3.43534 4.43827,
	3.44171 4.43717,
	3.44807 4.43827,
	3.45382 4.44146,
	3.45837 4.44643,
	3.4613 4.45269,
	3.46231 4.45964,
	3.4613 4.46658,
	3.45837 4.47285,
	3.45382 4.47782,
	3.44807 4.48101,
	3.44171 4.48211,
	3.43534 4.48101,
	3.4296 4.47782,
	3.42504 4.47285,
	"/>
<Contour name="Ea4(v401)" hidden="false" closed="true" simplified="true" border="0.612 0.275 0.643" fill="0.459 0.729 1" mode="9"
 points="3.38366 4.41095,
	3.38466 4.40401,
	3.38759 4.39774,
	3.39215 4.39277,
	3.39789 4.38958,
	3.40425 4.38848,
	3.41062 4.38958,
	3.41636 4.39277,
	3.42092 4.39774,
	3.42385 4.40401,
	3.42485 4.41095,
	3.42385 4.41789,
	3.42092 4.42416,
	3.41636 4.42913,
	3.41062 4.43232,
	3.40425 4.43342,
	3.39789 4.43232,
	3.39215 4.42913,
	3.38759 4.42416,
	"/>
<Contour name="Ea4(v402)" hidden="false" closed="true" simplified="true" border="0.612 0.275 0.643" fill="0.459 0.729 1" mode="9"
 points="3.43234 4.39971,
	3.43308 4.39277,
	3.43521 4.38651,
	3.43852 4.38153,
	3.4427 4.37834,
	3.44733 4.37724,
	3.45195 4.37834,
	3.45613 4.38153,
	3.45945 4.38651,
	3.46157 4.39277,
	3.46231 4.39971,
	3.46157 4.40666,
	3.45945 4.41292,
	3.45613 4.41789,
	3.45195 4.42109,
	3.44733 4.42219,
	3.4427 4.42109,
	3.43852 4.41789,
	3.43521 4.41292,
	"/>
<Contour name="Ea4(v403)" hidden="false" closed="true" simplified="true" border="0.612 0.275 0.643" fill="0.459 0.729 1" mode="9"
 points="3.37991 4.32481,
	3.38101 4.31671,
	3.3842 4.3094,
	3.38917 4.3036,
	3.39544 4.29988,
	3.40238 4.29859,
	3.40933 4.29988,
	3.41559 4.3036,
	3.42056 4.3094,
	3.42375 4.31671,
	3.42485 4.32481,
	3.42375 4.33291,
	3.42056 4.34022,
	3.41559 4.34602,
	3.40933 4.34974,
	3.40238 4.35103,
	3.39544 4.34974,
	3.38917 4.34602,
	3.3842 4.34022,
	"/>
<Contour name="Ea4(v404)" hidden="false" closed="true" simplified="true" border="0.612 0.275 0.643" fill="0.459 0.729 1" mode="9"
 points="3.305 4.41657,
	3.30592 4.4102,
	3.30858 4.40446,
	3.31272 4.3999,
	3.31794 4.39698,
	3.32373 4.39597,
	3.32952 4.39698,
	3.33474 4.3999,
	3.33888 4.40446,
	3.34154 4.4102,
	3.34246 4.41657,
	3.34154 4.42293,
	3.33888 4.42868,
	3.33474 4.43323,
	3.32952 4.43616,
	3.32373 4.43717,
	3.31794 4.43616,
	3.31272 4.43323,
	3.30858 4.42868,
	"/>
<Contour name="Ea4(v405)" hidden="false" closed="true" simplified="true" border="0.612 0.275 0.643" fill="0.459 0.729 1" mode="9"
 points="3.3125 4.36226,
	3.3136 4.35532,
	3.31679 4.34905,
	3.32176 4.34408,
	3.32802 4.34089,
	3.33497 4.33979,
	3.34191 4.34089,
	3.34818 4.34408,
	3.35315 4.34905,
	3.35634 4.35532,
	3.35744 4.36226,
	3.35634 4.36921,
	3.35315 4.37547,
	3.34818 4.38044,
	3.34191 4.38363,
	3.33497 4.38473,
	3.32802 4.38363,
	3.32176 4.38044,
	3.31679 4.37547,
	"/>
<Contour name="Ea4(v406)" hidden="false" closed="true" simplified="true" border="0.612 0.275 0.643" fill="0.459 0.729 1" mode="9"
 points="3.29377 4.28923,
	3.29478 4.28286,
	3.2977 4.27712,
	3.30226 4.27256,
	3.308 4.26964,
	3.31437 4.26863,
	3.32073 4.26964,
	3.32648 4.27256,
	3.33103 4.27712,
	3.33396 4.28286,
	3.33497 4.28923,
	3.33396 4.29559,
	3.33103 4.30134,
	3.32648 4.30589,
	3.32073 4.30882,
	3.31437 4.30983,
	3.308 4.30882,
	3.30226 4.30589,
	3.2977 4.30134,
	"/>
<Contour name="Ea4(v407)" hidden="false" closed="true" simplified="true" border="0.612 0.275 0.643" fill="0.459 0.729 1" mode="9"
 points="3.23759 4.30046,
	3.23851 4.2941,
	3.24117 4.28836,
	3.24531 4.2838,
	3.25053 4.28087,
	3.25632 4.27987,
	3.2621 4.28087,
	3.26732 4.2838,
	3.27147 4.28836,
	3.27413 4.2941,
	3.27504 4.30046,
	3.27413 4.30683,
	3.27147 4.31257,
	3.26732 4.31713,
	3.2621 4.32006,
	3.25632 4.32106,
	3.25053 4.32006,
	3.24531 4.31713,
	3.24117 4.31257,
	"/>
</Transform>

<Transform dim="0"
 xcoef=" 0 1 0 0 0 0"
 ycoef=" 0 0 1 0 0 0">
<Contour name="Ea2(ER)" hidden="false" closed="true" simplified="true" border="0.607843 0.768627 0.956863" fill="0.733333 0.752941 0.94902" mode="9"
 points="2.8968 3.12906,
	2.89865 3.12413,
	2.89988 3.12167,
	2.90481 3.11859,
	2.90727 3.11674,
	2.91713 3.12536,
	2.93315 3.14508,
	2.93684 3.15001,
	2.94116 3.15986,
	2.94054 3.16479,
	2.93561 3.16849,
	2.93068 3.16664,
	2.92082 3.16048,
	2.91097 3.15124,
	2.90234 3.14138,
	2.89741 3.13152,
	2.8968 3.12967,
	"/>
</Transform>

<Transform dim="0"
 xcoef=" 0 1 0 0 0 0"
 ycoef=" 0 0 1 0 0 0">
<Contour name="Ea4(ER)" hidden="false" closed="true" simplified="true" border="0.580392 0.988235 0.87451" fill="0.733 0.753 0.949" mode="9"
 points="3.46133 4.90462,
	3.46225 4.89723,
	3.46317 4.89354,
	3.4641 4.89169,
	3.47888 4.89816,
	3.48258 4.90093,
	3.4909 4.91571,
	3.49552 4.92218,
	3.5103 4.93327,
	3.51769 4.93789,
	3.52139 4.93974,
	3.52231 4.94343,
	3.52139 4.94713,
	3.51769 4.95082,
	3.5103 4.95452,
	3.49552 4.95082,
	3.49182 4.94898,
	3.47981 4.93419,
	3.46964 4.91941,
	3.46502 4.91202,
	3.46225 4.90832,
	3.46133 4.90555,
	"/>
<Contour name="Ea4(ER)" hidden="false" closed="true" simplified="true" border="0.580392 0.988235 0.87451" fill="0.733 0.753 0.949" mode="9"
 points="3.66257 4.96712,
	3.66871 4.96328,
	3.67178 4.96175,
	3.68407 4.96328,
	3.69635 4.96942,
	3.70864 4.96942,
	3.71478 4.96942,
	3.72707 4.96635,
	3.73321 4.96328,
	3.73935 4.95791,
	3.7478 4.94562,
	3.75394 4.93334,
	3.75701 4.92719,
	3.76162 4.92105,
	3.76392 4.91798,
	3.77007 4.91568,
	3.77314 4.91414,
	3.78542 4.91951,
	3.78849 4.92105,
	3.7908 4.92412,
	3.7931 4.93641,
	3.78158 4.94869,
	3.7716 4.96098,
	3.75932 4.96942,
	3.75317 4.97403,
	3.7286 4.98632,
	3.71632 4.99246,
	3.70403 4.99246,
	3.69789 4.99246,
	3.6856 4.98939,
	3.67332 4.98324,
	3.66794 4.97941,
	3.66257 4.96789,
	"/>
<Contour name="Ea4(ER)" hidden="false" closed="true" simplified="true" border="0.580392 0.988235 0.87451" fill="0.733 0.753 0.949" mode="9"
 points="3.64414 4.70913,
	3.65028 4.70836,
	3.65643 4.71066,
	3.6595 4.7122,
	3.66487 4.71834,
	3.67639 4.72756,
	3.68023 4.7337,
	3.6856 4.73907,
	3.68868 4.74138,
	3.69252 4.74752,
	3.69789 4.75136,
	3.70864 4.76211,
	3.71478 4.76748,
	3.71862 4.77363,
	3.72169 4.77439,
	3.74626 4.79205,
	3.76623 4.81662,
	3.77851 4.82891,
	3.78235 4.83505,
	3.79387 4.84657,
	3.80001 4.85271,
	3.80385 4.85886,
	3.80539 4.865,
	3.80615 4.86807,
	3.80385 4.87421,
	3.79848 4.88035,
	3.7954 4.88266,
	3.78312 4.87805,
	3.77698 4.87268,
	3.77237 4.86039,
	3.75548 4.83582,
	3.74396 4.82353,
	3.73398 4.81125,
	3.72553 4.79896,
	3.71401 4.78745,
	3.70173 4.78054,
	3.69559 4.77823,
	3.68944 4.77746,
	3.68791 4.77746,
	3.67562 4.76672,
	3.67178 4.76057,
	3.66948 4.74829,
	3.66564 4.74214,
	3.65489 4.72986,
	3.65259 4.72372,
	3.65105 4.72065,
	3.64568 4.7145,
	3.64491 4.71143,
	3.64414 4.7099,
	"/>
</Transform>

<Transform dim="0"
 xcoef=" 0 1 0 0 0 0"
 ycoef=" 0 0 1 0 0 0">
<Contour name="Ea5" hidden="false" closed="true" simplified="true" border="0.984314 0.207843 0.0156863" fill="1 1 0.690196" mode="9"
 points="1.23963 5.70287,
	1.23963 5.69903,
	1.2454 5.68367,
	1.2502 5.67599,
	1.25116 5.67214,
	1.25692 5.66446,
	1.26076 5.65678,
	1.26268 5.6491,
	1.26268 5.64718,
	1.2646 5.64622,
	1.26748 5.63086,
	1.27708 5.6155,
	1.27996 5.61166,
	1.28092 5.60974,
	1.28476 5.60878,
	1.29244 5.60206,
	1.3078 5.59437,
	1.33853 5.58477,
	1.35293 5.56941,
	1.35965 5.55405,
	1.36349 5.54637,
	1.36733 5.53101,
	1.36925 5.52332,
	1.37981 5.50796,
	1.3923 5.4926,
	1.39902 5.48492,
	1.41726 5.45419,
	1.42494 5.43883,
	1.4259 5.43499,
	1.43646 5.41963,
	1.44894 5.40427,
	1.46431 5.39083,
	1.47199 5.3841,
	1.50271 5.36394,
	1.51807 5.3553,
	1.53344 5.34954,
	1.53728 5.34762,
	1.55264 5.3457,
	1.56032 5.3457,
	1.568 5.3505,
	1.59872 5.37834,
	1.61409 5.38891,
	1.62945 5.40139,
	1.63329 5.40523,
	1.63905 5.42059,
	1.63809 5.43595,
	1.63329 5.45131,
	1.62945 5.459,
	1.62465 5.48972,
	1.63425 5.52044,
	1.63617 5.53581,
	1.63713 5.54349,
	1.64289 5.55885,
	1.64577 5.57421,
	1.64193 5.60494,
	1.63041 5.66638,
	1.62657 5.69711,
	1.62657 5.71247,
	1.62657 5.72015,
	1.62657 5.72207,
	1.62177 5.74607,
	1.61601 5.7624,
	1.60545 5.77776,
	1.59776 5.79312,
	1.59488 5.8008,
	1.59296 5.81616,
	1.59776 5.84689,
	1.59968 5.86225,
	1.59392 5.9237,
	1.57952 5.95442,
	1.56896 5.96979,
	1.5392 5.99955,
	1.52383 6.01203,
	1.50847 6.02259,
	1.50079 6.02835,
	1.48543 6.037,
	1.47007 6.04372,
	1.46239 6.04564,
	1.4547 6.04468,
	1.45086 6.04372,
	1.4355 6.03219,
	1.42014 6.01875,
	1.40478 6.00819,
	1.3971 6.00339,
	1.36637 5.99571,
	1.35869 5.99283,
	1.34333 5.97843,
	1.33661 5.97075,
	1.33373 5.96691,
	1.32989 5.95154,
	1.32317 5.93618,
	1.31837 5.92946,
	1.303 5.91986,
	1.29052 5.90546,
	1.28572 5.89778,
	1.2838 5.89394,
	1.2886 5.87857,
	1.29532 5.86321,
	1.2982 5.85553,
	1.30012 5.84017,
	1.29916 5.83249,
	1.29628 5.82481,
	1.27132 5.79408,
	1.25596 5.77968,
	1.24828 5.772,
	1.23963 5.75664,
	1.23675 5.74127,
	1.23675 5.72591,
	1.23867 5.71055,
	1.23963 5.70383,
	"/>
</Transform>

<Transform dim="0"
 xcoef=" 0 1 0 0 0 0"
 ycoef=" 0 0 1 0 0 0">
<Contour name="Ea4(ER)" hidden="false" closed="true" simplified="true" border="0.580392 0.988235 0.87451" fill="0.733 0.753 0.949" mode="9"
 points="4.75355 6.0535,
	4.75824 6.05292,
	4.76058 6.05292,
	4.76292 6.05116,
	4.77229 6.05643,
	4.77463 6.0576,
	4.7922 6.07634,
	4.82324 6.15129,
	4.83261 6.16066,
	4.84197 6.1671,
	4.84607 6.17178,
	4.85134 6.18115,
	4.85193 6.18232,
	4.84783 6.19169,
	4.84315 6.19521,
	4.84197 6.19521,
	4.83729 6.20458,
	4.83612 6.21394,
	4.83553 6.21629,
	4.83495 6.21746,
	4.83261 6.21863,
	4.83143 6.21863,
	4.82851 6.21746,
	4.82324 6.20809,
	4.82031 6.19872,
	4.81914 6.19404,
	4.79747 6.15656,
	4.79337 6.14719,
	4.7922 6.14251,
	4.77229 6.10503,
	4.76117 6.08629,
	4.75941 6.08161,
	4.7559 6.06287,
	4.75355 6.05409,
	"/>
</Transform>

<Transform dim="0"
 xcoef=" 0 1 0 0 0 0"
 ycoef=" 0 0 1 0 0 0">
<Contour name="Ea4" hidden="false" closed="true" simplified="true" border="0.984 0.208 0.016" fill="1 1 0.69" mode="9"
 points="4.64929 5.59857,
	4.69374 5.64301,
	4.70416 5.65413,
	4.71874 5.67635,
	4.72568 5.68746,
	4.72846 5.69302,
	4.7361 5.70413,
	4.74582 5.71524,
	4.75207 5.72635,
	4.75693 5.73746,
	4.75832 5.74302,
	4.75971 5.74579,
	4.76249 5.76802,
	4.76457 5.77913,
	4.77221 5.80135,
	4.77846 5.82357,
	4.78054 5.82913,
	4.78471 5.83468,
	4.79652 5.85691,
	4.80277 5.86802,
	4.80624 5.87357,
	4.81596 5.88468,
	4.82221 5.89579,
	4.82707 5.90691,
	4.83055 5.91802,
	4.83263 5.92357,
	4.83332 5.92913,
	4.83332 5.93191,
	4.85555 5.97635,
	4.86596 5.99857,
	4.87082 6.00968,
	4.87777 6.05413,
	4.88124 6.06524,
	4.88332 6.07635,
	4.88402 6.08191,
	4.8861 6.08746,
	4.8868 6.09857,
	4.88471 6.1208,
	4.88402 6.12635,
	4.89166 6.1708,
	4.88749 6.19302,
	4.8868 6.20413,
	4.88749 6.21524,
	4.88818 6.2208,
	4.8861 6.23191,
	4.88055 6.24302,
	4.87082 6.25413,
	4.86805 6.25969,
	4.86666 6.26247,
	4.8611 6.26663,
	4.85555 6.26872,
	4.84443 6.26941,
	4.83332 6.26802,
	4.82777 6.26733,
	4.81666 6.26316,
	4.8111 6.26108,
	4.80832 6.25969,
	4.79721 6.2583,
	4.77499 6.24719,
	4.76388 6.23746,
	4.75763 6.22635,
	4.75277 6.21524,
	4.75207 6.21246,
	4.75485 6.20135,
	4.75971 6.19024,
	4.76179 6.18469,
	4.76318 6.17358,
	4.76179 6.15135,
	4.75832 6.14024,
	4.73818 6.0958,
	4.73332 6.08469,
	4.73054 6.07357,
	4.72846 6.06802,
	4.72707 6.05691,
	4.72777 6.03469,
	4.72916 6.02357,
	4.72916 6.01802,
	4.73193 6.00691,
	4.73471 5.98468,
	4.73193 5.96246,
	4.72985 5.95135,
	4.72916 5.92913,
	4.73124 5.88468,
	4.73263 5.87357,
	4.73193 5.85135,
	4.72568 5.82913,
	4.72568 5.82774,
	4.72499 5.82079,
	4.72499 5.8201,
	4.72568 5.81524,
	4.71943 5.77079,
	4.71874 5.74857,
	4.71735 5.73746,
	4.71388 5.72635,
	4.69304 5.6819,
	4.68679 5.67079,
	4.68263 5.66524,
	4.67985 5.66246,
	4.66804 5.64024,
	4.66179 5.62913,
	4.65346 5.61801,
	4.64929 5.61246,
	4.64652 5.6069,
	4.64582 5.60413,
	4.64513 5.60274,
	4.6479 5.59788,
	4.6486 5.59857,
	"/>
</Transform>

<Transform dim="0"
 xcoef=" 0 1 0 0 0 0"
 ycoef=" 0 0 1 0 0 0">
<Contour name="Ea4(mito1)" hidden="false" closed="true" simplified="true" border="0 0 1" fill="0 0 1" mode="9"
 points="3.41917 4.72065,
	3.42386 4.70812,
	3.42699 4.70186,
	3.44969 4.67681,
	3.45596 4.67133,
	3.481 4.65803,
	3.49353 4.65176,
	3.49666 4.6502,
	3.50918 4.64941,
	3.51545 4.64941,
	3.52797 4.65255,
	3.5405 4.65959,
	3.56554 4.67994,
	3.59059 4.70186,
	3.61486 4.72613,
	3.62112 4.73239,
	3.6313 4.74491,
	3.68139 4.78875,
	3.69314 4.80127,
	3.70253 4.8138,
	3.70957 4.82632,
	3.71349 4.83258,
	3.71662 4.83493,
	3.72836 4.85998,
	3.73149 4.8725,
	3.73306 4.88503,
	3.72679 4.91008,
	3.72523 4.91634,
	3.72132 4.9226,
	3.70957 4.93513,
	3.69705 4.94217,
	3.68452 4.94765,
	3.67826 4.95078,
	3.66574 4.95313,
	3.65948 4.95391,
	3.64695 4.95235,
	3.64069 4.95156,
	3.63912 4.95156,
	3.63364 4.94765,
	3.6313 4.94687,
	3.62895 4.94452,
	3.6219 4.94374,
	3.61877 4.94139,
	3.56867 4.93278,
	3.55615 4.93278,
	3.54363 4.93043,
	3.5311 4.92573,
	3.52484 4.9226,
	3.49979 4.90303,
	3.49353 4.89912,
	3.48727 4.89286,
	3.46222 4.87642,
	3.45204 4.86389,
	3.4356 4.83885,
	3.42543 4.82632,
	3.42073 4.82006,
	3.41134 4.79501,
	3.41056 4.78249,
	3.41603 4.75744,
	3.41838 4.74491,
	3.41917 4.73239,
	3.41917 4.72613,
	3.41917 4.723,
	3.41917 4.72143,
	"/>
</Transform>

<Transform dim="0"
 xcoef=" 0 1 0 0 0 0"
 ycoef=" 0 0 1 0 0 0">
<Contour name="Ea4(ER)" hidden="false" closed="true" simplified="true" border="0.580392 0.988235 0.87451" fill="0.733 0.753 0.949" mode="9"
 points="3.55224 4.65803,
	3.56476 4.65724,
	3.58981 4.6635,
	3.59607 4.66507,
	3.6086 4.67212,
	3.61094 4.67525,
	3.61251 4.67681,
	3.61799 4.67994,
	3.62973 4.69012,
	3.6313 4.69325,
	3.63051 4.70577,
	3.62503 4.70891,
	3.6219 4.71047,
	3.60938 4.70186,
	3.58433 4.67916,
	3.57181 4.67446,
	3.56554 4.67212,
	3.5538 4.65959,
	3.55302 4.65881,
	"/>
</Transform>

<Transform dim="0"
 xcoef=" 0 1 0 0 0 0"
 ycoef=" 0 0 1 0 0 0">
<Contour name="Ea4" hidden="false" closed="true" simplified="true" border="0.984 0.208 0.016" fill="1 1 0.69" mode="9"
 points="3.12698 4.2392,
	3.12963 4.23073,
	3.13387 4.22226,
	3.13493 4.22014,
	3.13545 4.21908,
	3.14393 4.21485,
	3.1524 4.21141,
	3.15663 4.20982,
	3.15875 4.20876,
	3.15981 4.20823,
	3.16828 4.21246,
	3.17252 4.21485,
	3.17464 4.21617,
	3.18337 4.23312,
	3.18576 4.23709,
	3.2027 4.24503,
	3.20694 4.24688,
	3.21541 4.24953,
	3.21753 4.25006,
	3.23447 4.25059,
	3.23871 4.25085,
	3.24718 4.24768,
	3.25142 4.24635,
	3.25353 4.24503,
	3.25459 4.2445,
	3.27154 4.2445,
	3.27365 4.2445,
	3.27471 4.2445,
	3.27895 4.24609,
	3.28742 4.25165,
	3.29589 4.25562,
	3.30013 4.25721,
	3.3086 4.25933,
	3.31707 4.26224,
	3.32555 4.26594,
	3.32978 4.2678,
	3.3319 4.26859,
	3.34037 4.27362,
	3.35732 4.28156,
	3.36155 4.28395,
	3.39544 4.29427,
	3.40391 4.29586,
	3.41238 4.29877,
	3.41662 4.30116,
	3.42509 4.30486,
	3.42933 4.30672,
	3.43145 4.30804,
	3.43568 4.31175,
	3.43674 4.31281,
	3.44098 4.31545,
	3.44521 4.31889,
	3.44733 4.32075,
	3.4558 4.32498,
	3.46004 4.32763,
	3.4611 4.32816,
	3.46269 4.33028,
	3.46375 4.3324,
	3.46534 4.33452,
	3.47381 4.34246,
	3.47804 4.34643,
	3.48228 4.34855,
	3.48334 4.34908,
	3.48652 4.35331,
	3.48784 4.35543,
	3.49155 4.3639,
	3.49578 4.38085,
	3.49763 4.38932,
	3.50002 4.40626,
	3.50161 4.42321,
	3.50187 4.42532,
	3.50981 4.44227,
	3.51696 4.45921,
	3.51829 4.46345,
	3.51882 4.46557,
	3.51908 4.46663,
	3.51855 4.47086,
	3.51643 4.4751,
	3.51564 4.47722,
	3.51458 4.48569,
	3.5159 4.49416,
	3.51643 4.49628,
	3.52067 4.50475,
	3.52305 4.50899,
	3.52596 4.51322,
	3.53338 4.52169,
	3.53761 4.52593,
	3.53867 4.52699,
	3.55562 4.53626,
	3.55773 4.53758,
	3.55879 4.53811,
	3.56726 4.54605,
	3.56938 4.54817,
	3.57521 4.55664,
	3.59295 4.59053,
	3.60195 4.60747,
	3.60645 4.61595,
	3.60883 4.62018,
	3.61518 4.62865,
	3.63133 4.6456,
	3.63557 4.64983,
	3.6631 4.68372,
	3.66655 4.68796,
	3.66814 4.69008,
	3.68508 4.70702,
	3.68932 4.71126,
	3.70626 4.72635,
	3.71473 4.73429,
	3.71897 4.73826,
	3.73591 4.75018,
	3.75286 4.76341,
	3.75709 4.76685,
	3.75921 4.76844,
	3.76768 4.77692,
	3.77165 4.78115,
	3.77827 4.78962,
	3.78145 4.79386,
	3.78992 4.80233,
	3.79416 4.8063,
	3.79839 4.80921,
	3.81534 4.81716,
	3.84923 4.83092,
	3.86617 4.8394,
	3.87464 4.84416,
	3.87676 4.84522,
	3.87782 4.84575,
	3.881 4.84999,
	3.88338 4.85422,
	3.88523 4.85846,
	3.88629 4.86058,
	3.88947 4.87752,
	3.89026 4.88176,
	3.88708 4.8987,
	3.88576 4.90717,
	3.8847 4.90929,
	3.88391 4.91035,
	3.89238 4.92729,
	3.89662 4.93577,
	3.89873 4.94,
	3.90879 4.95695,
	3.9178 4.97389,
	3.91912 4.97601,
	3.94904 5.0099,
	3.95671 5.01837,
	3.97339 5.03531,
	3.98187 5.04299,
	3.9861 5.0467,
	3.99034 5.05093,
	3.99987 5.06788,
	4.00252 5.07211,
	4.01522 5.08906,
	4.02184 5.09753,
	4.02529 5.10177,
	4.04223 5.11553,
	4.0507 5.12295,
	4.05706 5.13142,
	4.06262 5.13989,
	4.06314 5.14068,
	4.06738 5.14386,
	4.06897 5.14598,
	4.07744 5.14969,
	4.07956 5.15074,
	4.0838 5.15207,
	4.08803 5.15233,
	4.09015 5.15233,
	4.09439 5.15419,
	4.0965 5.15472,
	4.09862 5.15472,
	4.10286 5.15604,
	4.10498 5.15683,
	4.10921 5.15736,
	4.11027 5.15763,
	4.11451 5.16054,
	4.11821 5.16478,
	4.11954 5.16689,
	4.1198 5.16795,
	4.12007 5.16848,
	4.11954 5.1706,
	4.11133 5.17801,
	4.10921 5.17987,
	4.09227 5.18834,
	4.08803 5.19019,
	4.07956 5.19258,
	4.0785 5.19284,
	4.06156 5.19019,
	4.04461 5.18675,
	4.04038 5.18569,
	4.03826 5.18543,
	4.00437 5.1751,
	4.00013 5.17378,
	3.99802 5.17325,
	3.96413 5.15577,
	3.95566 5.15154,
	3.93871 5.14201,
	3.93659 5.14068,
	3.91965 5.12453,
	3.91753 5.12268,
	3.91647 5.12162,
	3.89953 5.11262,
	3.89106 5.10838,
	3.88682 5.10521,
	3.88258 5.10282,
	3.88047 5.10177,
	3.87623 5.09859,
	3.85929 5.09038,
	3.85505 5.08853,
	3.83811 5.0827,
	3.82116 5.07794,
	3.81693 5.07661,
	3.81481 5.07608,
	3.79786 5.06867,
	3.78939 5.06523,
	3.78516 5.06258,
	3.78304 5.06099,
	3.77457 5.05332,
	3.77033 5.04908,
	3.76186 5.04352,
	3.75974 5.04246,
	3.72585 5.03452,
	3.69196 5.02525,
	3.68984 5.02446,
	3.68879 5.02419,
	3.68455 5.02102,
	3.67634 5.01307,
	3.67528 5.01201,
	3.67502 5.01149,
	3.66655 5.01096,
	3.66231 5.01096,
	3.66019 5.01096,
	3.65596 5.01228,
	3.6549 5.01281,
	3.65066 5.01334,
	3.64219 5.01228,
	3.64007 5.01201,
	3.63901 5.01201,
	3.63054 5.00937,
	3.6263 5.00778,
	3.61783 5.00698,
	3.60089 5.00804,
	3.59665 5.00831,
	3.58818 5.00672,
	3.58394 5.00593,
	3.567 5.00063,
	3.53311 4.99189,
	3.51617 4.98766,
	3.5077 4.98554,
	3.50346 4.98422,
	3.48652 4.97601,
	3.47804 4.97204,
	3.47381 4.96992,
	3.46534 4.96409,
	3.45686 4.95748,
	3.45263 4.95377,
	3.44866 4.94953,
	3.44283 4.94106,
	3.44124 4.93894,
	3.43277 4.931,
	3.43171 4.92994,
	3.42324 4.92491,
	3.419 4.92253,
	3.41689 4.92147,
	3.39994 4.90744,
	3.39571 4.90373,
	3.38988 4.89526,
	3.38882 4.89314,
	3.3867 4.88467,
	3.38564 4.8762,
	3.38512 4.86773,
	3.383 4.85078,
	3.3822 4.84654,
	3.37903 4.83807,
	3.35679 4.80418,
	3.35414 4.79995,
	3.35255 4.79783,
	3.34831 4.78936,
	3.34646 4.78512,
	3.34408 4.77665,
	3.33799 4.74276,
	3.33667 4.73429,
	3.3364 4.73217,
	3.33984 4.71523,
	3.34408 4.69828,
	3.3454 4.69405,
	3.35282 4.6771,
	3.35387 4.67499,
	3.35943 4.65804,
	3.36023 4.65592,
	3.36076 4.65169,
	3.36129 4.63474,
	3.36049 4.62627,
	3.36049 4.62415,
	3.35361 4.59027,
	3.35176 4.58179,
	3.34937 4.57332,
	3.3409 4.55638,
	3.3221 4.52249,
	3.31734 4.51402,
	3.31204 4.50554,
	3.30913 4.50131,
	3.2816 4.46742,
	3.27789 4.46318,
	3.27154 4.45471,
	3.26571 4.44624,
	3.26042 4.4293,
	3.25989 4.42718,
	3.25565 4.41871,
	3.25459 4.41659,
	3.25142 4.41235,
	3.23474 4.39859,
	3.2305 4.39514,
	3.22838 4.39303,
	3.21144 4.38852,
	3.2072 4.38747,
	3.19873 4.38429,
	3.19661 4.38349,
	3.17967 4.3737,
	3.17755 4.37264,
	3.16908 4.36576,
	3.16696 4.3639,
	3.16114 4.35543,
	3.14393 4.32154,
	3.13969 4.31307,
	3.13545 4.29613,
	3.1336 4.28765,
	3.13069 4.27071,
	3.1291 4.25377,
	3.12804 4.24529,
	3.12751 4.24106,
	3.12725 4.24,
	3.12698 4.23947,
	"/>
</Transform>

<Transform dim="0"
 xcoef=" 0 1 0 0 0 0"
 ycoef=" 0 0 1 0 0 0">
<Contour name="Ea4(AZ1)" hidden="false" closed="true" simplified="true" border="1 0.501961 0.752941" fill="1 0.501961 1" mode="9"
 points="3.25245 4.25421,
	3.25812 4.21605,
	3.25961 4.20651,
	3.2599 4.20413,
	3.2602 4.20293,
	3.2605 4.20234,
	3.27004 4.20323,
	3.27481 4.20353,
	3.31297 4.21486,
	3.31774 4.21635,
	3.39407 4.25362,
	3.41315 4.26167,
	3.41554 4.26256,
	3.42508 4.26853,
	3.42746 4.27002,
	3.44654 4.27538,
	3.45608 4.27777,
	3.46562 4.28224,
	3.46801 4.28343,
	3.4692 4.28403,
	3.4695 4.28462,
	3.45817 4.32279,
	3.45698 4.32756,
	3.45608 4.32994,
	3.45579 4.33114,
	3.45549 4.33173,
	3.45072 4.33024,
	3.44833 4.32964,
	3.44714 4.32935,
	3.42806 4.31086,
	3.42567 4.30848,
	3.41613 4.30281,
	3.41136 4.30013,
	3.40659 4.29834,
	3.39705 4.29685,
	3.38751 4.29655,
	3.36843 4.29267,
	3.36604 4.29238,
	3.3565 4.2891,
	3.34696 4.28164,
	3.34458 4.27956,
	3.3255 4.26972,
	3.31596 4.26614,
	3.31119 4.26435,
	3.3088 4.26375,
	3.28972 4.26435,
	3.28018 4.26375,
	3.27064 4.26197,
	3.2611 4.26137,
	3.25633 4.25809,
	3.25394 4.2563,
	3.25275 4.25541,
	3.25245 4.25451,
	"/>
</Transform>

<Transform dim="0"
 xcoef=" 0 1 0 0 0 0"
 ycoef=" 0 0 1 0 0 0">
<Contour name="Ea2" hidden="false" closed="true" simplified="true" border="0.984 0.208 0.016" fill="1 1 0.69" mode="9"
 points="2.71125 2.93487,
	2.71922 2.94034,
	2.72321 2.94333,
	2.73118 2.9508,
	2.73466 2.95479,
	2.73715 2.95877,
	2.73865 2.96076,
	2.73914 2.96276,
	2.75209 2.97869,
	2.75658 2.98666,
	2.76454 2.99463,
	2.78048 3.00708,
	2.78845 3.01356,
	2.79244 3.01605,
	2.79642 3.01655,
	2.80439 3.01555,
	2.80638 3.01505,
	2.81435 3.01655,
	2.82232 3.01904,
	2.83029 3.02651,
	2.84374 3.04244,
	2.84722 3.04643,
	2.86316 3.05838,
	2.87113 3.06486,
	2.87511 3.06834,
	2.89105 3.07731,
	2.90699 3.08876,
	2.91496 3.09524,
	2.91894 3.09823,
	2.92641 3.1062,
	2.93239 3.11416,
	2.93588 3.11815,
	2.93986 3.12064,
	2.94783 3.12363,
	2.9558 3.12363,
	2.96377 3.12263,
	2.96775 3.12164,
	2.97174 3.12164,
	2.97373 3.12114,
	2.9817 3.12512,
	2.98967 3.1306,
	2.99365 3.13409,
	2.99564 3.13807,
	2.99714 3.14006,
	2.99813 3.14405,
	2.99664 3.15202,
	2.99614 3.156,
	2.99365 3.16347,
	2.99315 3.16746,
	2.99365 3.17144,
	3.00112 3.18738,
	3.01009 3.20332,
	3.01407 3.21129,
	3.02602 3.22722,
	3.0315 3.23519,
	3.03399 3.23918,
	3.03748 3.24316,
	3.04196 3.25113,
	3.04844 3.2591,
	3.06338 3.27504,
	3.07135 3.28201,
	3.07931 3.28799,
	3.09525 3.30243,
	3.11119 3.31588,
	3.11866 3.32235,
	3.12215 3.32584,
	3.12613 3.32833,
	3.12812 3.32932,
	3.13609 3.33729,
	3.14307 3.34526,
	3.159 3.3607,
	3.16697 3.36867,
	3.17644 3.38461,
	3.1849 3.40055,
	3.18938 3.40851,
	3.19536 3.42445,
	3.19785 3.43242,
	3.19935 3.44039,
	3.20184 3.44836,
	3.20283 3.45035,
	3.20283 3.45832,
	3.20283 3.4623,
	3.20881 3.47824,
	3.2113 3.48621,
	3.2113 3.4882,
	3.21977 3.50414,
	3.22275 3.50813,
	3.23869 3.52356,
	3.27057 3.54448,
	3.28651 3.55395,
	3.29447 3.56092,
	3.29846 3.5649,
	3.30444 3.57287,
	3.30942 3.58084,
	3.32336 3.61272,
	3.3388 3.64459,
	3.34627 3.66053,
	3.34876 3.66451,
	3.36271 3.68045,
	3.3657 3.68444,
	3.36769 3.68842,
	3.36868 3.69041,
	3.36968 3.69838,
	3.36918 3.70237,
	3.36769 3.70635,
	3.35972 3.70784,
	3.32784 3.70884,
	3.31987 3.70834,
	3.31589 3.70784,
	3.30792 3.70386,
	3.30394 3.70286,
	3.288 3.70834,
	3.28003 3.70934,
	3.26409 3.70735,
	3.23222 3.70087,
	3.21628 3.69788,
	3.20034 3.6939,
	3.1844 3.68892,
	3.15253 3.67348,
	3.14456 3.669,
	3.12862 3.65704,
	3.12464 3.65356,
	3.1087 3.64509,
	3.10073 3.64111,
	3.03698 3.63015,
	3.02104 3.62716,
	3.0051 3.62268,
	2.97323 3.61122,
	2.94135 3.59628,
	2.93737 3.59429,
	2.9294 3.58831,
	2.92691 3.58582,
	2.92542 3.58383,
	2.92542 3.58333,
	2.92342 3.58034,
	2.91595 3.56441,
	2.91197 3.55644,
	2.90798 3.55295,
	2.904 3.55146,
	2.89603 3.55096,
	2.89205 3.55096,
	2.89005 3.55096,
	2.88607 3.55295,
	2.88408 3.55494,
	2.88308 3.55494,
	2.8791 3.55793,
	2.87511 3.55793,
	2.86714 3.55345,
	2.85918 3.54747,
	2.84423 3.53203,
	2.83975 3.52406,
	2.83726 3.52008,
	2.82979 3.51211,
	2.79791 3.4877,
	2.78995 3.48123,
	2.78596 3.47824,
	2.77002 3.47027,
	2.76205 3.4638,
	2.75508 3.45583,
	2.73964 3.42395,
	2.73466 3.41599,
	2.72868 3.40802,
	2.69631 3.34427,
	2.67988 3.31239,
	2.67639 3.30442,
	2.66842 3.27255,
	2.66693 3.26458,
	2.66643 3.26059,
	2.66991 3.22872,
	2.6724 3.21278,
	2.68784 3.14903,
	2.69133 3.13309,
	2.69332 3.12512,
	2.69532 3.10918,
	2.69332 3.10122,
	2.68585 3.08528,
	2.68087 3.07731,
	2.65647 3.04543,
	2.65149 3.03746,
	2.64402 3.02153,
	2.63555 2.98965,
	2.63107 2.97371,
	2.62858 2.96574,
	2.61513 2.93387,
	2.61363 2.92988,
	2.61314 2.92889,
	2.62111 2.91295,
	2.6236 2.90897,
	2.63953 2.9015,
	2.6475 2.9,
	2.6485 2.8995,
	2.68037 2.91594,
	2.68436 2.91843,
	2.68635 2.91943,
	2.69033 2.92291,
	2.70627 2.93287,
	2.71026 2.93437,
	2.71076 2.93437,
	"/>
<Contour name="Ea2" hidden="false" closed="true" simplified="true" border="0.984 0.208 0.016" fill="1 1 0.69" mode="9"
 points="2.92293 3.57885,
	"/>
</Transform>

<Transform dim="0"
 xcoef=" 0 1 0 0 0 0"
 ycoef=" 0 0 1 0 0 0">
<Contour name="Ea2(v1292)" hidden="false" closed="true" simplified="true" border="0.611765 0.27451 0.643137" fill="0.458824 0.729412 1" mode="9"
 points="2.92104 3.40016,
	2.92157 3.39597,
	2.92312 3.39205,
	2.9256 3.38864,
	2.92885 3.38595,
	2.93267 3.38415,
	2.93681 3.38336,
	2.94102 3.38363,
	2.94503 3.38493,
	2.94859 3.38719,
	2.95148 3.39026,
	2.95351 3.39396,
	2.95456 3.39805,
	2.95456 3.40226,
	2.95351 3.40635,
	2.95148 3.41005,
	2.94859 3.41312,
	2.94503 3.41538,
	2.94102 3.41668,
	2.93681 3.41695,
	2.93267 3.41616,
	2.92885 3.41436,
	2.9256 3.41167,
	2.92312 3.40826,
	2.92157 3.40434,
	"/>
</Transform>

<Transform dim="0"
 xcoef=" 0 1 0 0 0 0"
 ycoef=" 0 0 1 0 0 0">
<Contour name="Ea2(v1293)" hidden="false" closed="true" simplified="true" border="0.611765 0.27451 0.643137" fill="0.458824 0.729412 1" mode="9"
 points="2.82951 3.4964,
	2.83002 3.49221,
	2.83151 3.48827,
	2.83391 3.4848,
	2.83707 3.482,
	2.8408 3.48004,
	2.8449 3.47903,
	2.84912 3.47903,
	2.85321 3.48004,
	2.85695 3.482,
	2.8601 3.4848,
	2.8625 3.48827,
	2.864 3.49221,
	2.86451 3.4964,
	2.864 3.50059,
	2.8625 3.50453,
	2.8601 3.508,
	2.85695 3.5108,
	2.85321 3.51276,
	2.84912 3.51377,
	2.8449 3.51377,
	2.8408 3.51276,
	2.83707 3.5108,
	2.83391 3.508,
	2.83151 3.50453,
	2.83002 3.50059,
	"/>
</Transform>

</Section>