<?xml version="1.0"?>
<!DOCTYPE Section SYSTEM "section.dtd">

<Section index="16" thickness="0.05" alignLocked="true">
<Transform dim="6"
 xcoef=" 0.53391261452794 0.797871637355087 0.389943871001458 0 0 0"
 ycoef=" 2.32048903456333 -0.528692554874138 0.79611923911482 0 0 0">
<Image mag="0.0022159" contrast="1" brightness="0"
 src="R34CA1-B_S12.116.jpg" />
<Contour name="domain1" hidden="false" closed="true" simplified="false" border="1 0 1" fill="1 0 1" mode="11"
 points="0 0,
	4096 0,
	4096 4096,
	0 4096,
	"/>
</Transform>

<Transform dim="0"
 xcoef=" 0 1 0 0 0 0"
 ycoef=" 0 0 1 0 0 0">
<Contour name="Ea5" hidden="false" closed="true" simplified="true" border="0.984314 0.207843 0.0156863" fill="1 1 0.690196" mode="9"
 points="3.03067 2.01197,
	3.03415 1.99341,
	3.03531 1.98412,
	3.04111 1.96556,
	3.04807 1.92844,
	3.05271 1.90987,
	3.05967 1.89131,
	3.07011 1.87275,
	3.07243 1.86811,
	3.08171 1.85883,
	3.08868 1.84954,
	3.09796 1.84374,
	3.10724 1.84026,
	3.11652 1.8391,
	3.13508 1.83214,
	3.17221 1.80778,
	3.18497 1.78922,
	3.18961 1.77993,
	3.19889 1.77181,
	3.20817 1.76949,
	3.21745 1.77181,
	3.23602 1.76253,
	3.2453 1.75557,
	3.25458 1.74629,
	3.2685 1.72773,
	3.27546 1.71844,
	3.29403 1.70336,
	3.33115 1.68248,
	3.36828 1.66392,
	3.38684 1.65464,
	3.39612 1.64883,
	3.41236 1.63027,
	3.42281 1.61171,
	3.42861 1.60243,
	3.43209 1.59779,
	3.45065 1.58734,
	3.46341 1.56878,
	3.47385 1.55022,
	3.47733 1.53166,
	3.48662 1.51309,
	3.49126 1.51193,
	3.49938 1.50265,
	3.50402 1.49917,
	3.50518 1.49685,
	3.50982 1.49569,
	3.52606 1.47713,
	3.53302 1.45857,
	3.53302 1.44,
	3.53186 1.43072,
	3.5133 1.3936,
	3.50518 1.37503,
	3.49242 1.35647,
	3.48894 1.34719,
	3.48198 1.33791,
	3.47849 1.33327,
	3.47617 1.32398,
	3.47269 1.31934,
	3.47153 1.31006,
	3.46921 1.30542,
	3.46805 1.28686,
	3.46921 1.27758,
	3.47269 1.2683,
	3.47501 1.24973,
	3.46805 1.21261,
	3.46573 1.20797,
	3.48314 1.17084,
	3.49358 1.15228,
	3.50982 1.13372,
	3.5191 1.12443,
	3.52954 1.10587,
	3.53534 1.09659,
	3.54462 1.08963,
	3.54927 1.08499,
	3.55159 1.08267,
	3.55855 1.04554,
	3.56203 1.02698,
	3.56783 1.00842,
	3.58639 0.971292,
	3.59567 0.952729,
	3.60147 0.934166,
	3.60263 0.924885,
	3.60959 0.906322,
	3.6212 0.887759,
	3.62932 0.878478,
	3.63396 0.874997,
	3.67108 0.871517,
	3.68037 0.868036,
	3.68733 0.858755,
	3.69081 0.849473,
	3.69313 0.83091,
	3.68733 0.812348,
	3.67688 0.793785,
	3.66992 0.784503,
	3.66412 0.765941,
	3.65832 0.728815,
	3.65832 0.719534,
	3.66876 0.682408,
	3.68269 0.645282,
	3.68501 0.636001,
	3.69545 0.617438,
	3.69893 0.612797,
	3.70241 0.575672,
	3.70241 0.56639,
	3.70705 0.547828,
	3.70937 0.538546,
	3.70937 0.501421,
	3.70705 0.482858,
	3.71633 0.464295,
	3.72909 0.445732,
	3.73489 0.408606,
	3.73605 0.390044,
	3.73605 0.385403,
	3.74533 0.36684,
	3.75694 0.348277,
	3.77318 0.329715,
	3.79174 0.312312,
	3.8103 0.29955,
	3.84743 0.283308,
	3.85671 0.279827,
	3.89384 0.276346,
	3.93096 0.275186,
	3.94953 0.276346,
	3.98665 0.284468,
	4.00521 0.292589,
	4.0145 0.29723,
	4.02958 0.315792,
	4.03538 0.325074,
	4.05394 0.334355,
	4.0725 0.340156,
	4.08179 0.341316,
	4.09107 0.345957,
	4.10615 0.36452,
	4.11195 0.373801,
	4.12123 0.381922,
	4.13979 0.392364,
	4.15836 0.398165,
	4.17692 0.394684,
	4.17924 0.393524,
	4.18852 0.395845,
	4.19316 0.395845,
	4.21173 0.405126,
	4.23029 0.423689,
	4.24189 0.442252,
	4.24885 0.451533,
	4.26393 0.488659,
	4.26625 0.49794,
	4.26045 0.535066,
	4.25929 0.544347,
	4.25233 0.56291,
	4.17808 0.62788,
	4.16532 0.646442,
	4.15836 0.655724,
	4.12123 0.690529,
	4.10267 0.727655,
	4.09223 0.746218,
	4.07947 0.76478,
	4.07134 0.774062,
	4.05974 0.792625,
	4.04118 0.82975,
	4.0261 0.866876,
	4.00869 0.904001,
	3.99941 0.922564,
	3.98665 0.95969,
	3.97621 0.996815,
	3.97389 1.03394,
	3.97737 1.07107,
	3.97853 1.10819,
	3.98201 1.12676,
	3.98317 1.16388,
	3.98201 1.18244,
	3.98317 1.20101,
	3.99941 1.23813,
	4.00057 1.25669,
	4.00057 1.26598,
	3.99477 1.28454,
	3.99361 1.28918,
	4.00057 1.30774,
	4.00173 1.32631,
	4.00289 1.33559,
	3.98433 1.37271,
	3.97389 1.39128,
	3.96113 1.40984,
	3.9414 1.44696,
	3.93212 1.46553,
	3.92632 1.48409,
	3.924 1.49337,
	3.91356 1.51193,
	3.90776 1.52121,
	3.89964 1.5305,
	3.8892 1.54906,
	3.87527 1.56762,
	3.86599 1.5769,
	3.84743 1.58618,
	3.82887 1.60243,
	3.82307 1.61171,
	3.82075 1.61635,
	3.81146 1.62099,
	3.80218 1.62911,
	3.79174 1.64767,
	3.78826 1.65231,
	3.78594 1.65464,
	3.78246 1.69176,
	3.7813 1.70104,
	3.77666 1.71148,
	3.76738 1.71844,
	3.76274 1.72309,
	3.75346 1.72657,
	3.71633 1.76253,
	3.69777 1.78109,
	3.68965 1.79038,
	3.68037 1.80894,
	3.67456 1.81706,
	3.60031 1.85535,
	3.58175 1.85883,
	3.57711 1.85999,
	3.53998 1.8449,
	3.53534 1.84258,
	3.53418 1.84142,
	3.51562 1.8507,
	3.49706 1.86579,
	3.47849 1.87623,
	3.46109 1.89479,
	3.45645 1.90407,
	3.45413 1.92264,
	3.45529 1.9412,
	3.44717 1.95976,
	3.42861 1.97716,
	3.41236 1.99573,
	3.39148 2.03285,
	3.37872 2.05142,
	3.36248 2.06998,
	3.34275 2.1071,
	3.32767 2.12567,
	3.30911 2.14191,
	3.29055 2.15235,
	3.27198 2.15931,
	3.2627 2.16163,
	3.25342 2.16047,
	3.23486 2.15235,
	3.21629 2.14191,
	3.19773 2.12567,
	3.18845 2.11755,
	3.18381 2.1129,
	3.14668 2.09434,
	3.12812 2.08622,
	3.11884 2.0839,
	3.1142 2.08274,
	3.09564 2.08622,
	3.07707 2.09434,
	3.05851 2.08622,
	3.04575 2.06766,
	3.03647 2.04909,
	3.03067 2.01313,
	"/>
</Transform>

<Transform dim="0"
 xcoef=" 0 1 0 0 0 0"
 ycoef=" 0 0 1 0 0 0">
<Contour name="Ed9" hidden="false" closed="true" simplified="true" border="0.541176 0.756863 0.0352941" fill="0.501961 1 1" mode="9"
 points="2.95932 1.60889,
	2.96542 1.59669,
	2.96847 1.5906,
	2.98066 1.58145,
	2.99286 1.57459,
	3.00506 1.56391,
	3.00811 1.56086,
	3.03251 1.5479,
	3.0447 1.5418,
	3.0691 1.53494,
	3.0813 1.53113,
	3.0935 1.52579,
	3.09959 1.52198,
	3.11179 1.51131,
	3.11865 1.49911,
	3.12247 1.49301,
	3.12856 1.48844,
	3.13848 1.47624,
	3.13924 1.47319,
	3.14534 1.46709,
	3.14839 1.46099,
	3.15372 1.45489,
	3.15753 1.44879,
	3.15906 1.44575,
	3.16211 1.4427,
	3.16516 1.4366,
	3.16973 1.4305,
	3.17736 1.4061,
	3.18269 1.3939,
	3.18498 1.38171,
	3.18879 1.36951,
	3.19108 1.36341,
	3.19337 1.36112,
	3.21776 1.35121,
	3.22996 1.34435,
	3.25436 1.32453,
	3.26655 1.31386,
	3.31382 1.26506,
	3.32602 1.25287,
	3.33822 1.24372,
	3.36261 1.23304,
	3.37481 1.23228,
	3.38091 1.23152,
	3.4053 1.23686,
	3.4175 1.24143,
	3.4236 1.24524,
	3.44419 1.26964,
	3.45028 1.28184,
	3.4602 1.33063,
	3.46248 1.34283,
	3.46706 1.35502,
	3.47316 1.36722,
	3.49221 1.39162,
	3.49679 1.39772,
	3.50975 1.42211,
	3.5128 1.42821,
	3.50746 1.45261,
	3.50518 1.4648,
	3.50365 1.4709,
	3.49298 1.4953,
	3.48917 1.5014,
	3.47773 1.51283,
	3.47239 1.51817,
	3.45943 1.54257,
	3.45562 1.55476,
	3.45257 1.56086,
	3.45105 1.56391,
	3.42818 1.58831,
	3.41598 1.59593,
	3.40988 1.59974,
	3.39768 1.61194,
	3.37786 1.63634,
	3.36566 1.64777,
	3.35346 1.65387,
	3.32907 1.66073,
	3.31687 1.66836,
	3.30467 1.67827,
	3.29247 1.68665,
	3.28028 1.69352,
	3.27418 1.69657,
	3.22691 1.74536,
	3.22081 1.75069,
	3.19642 1.76365,
	3.18422 1.77128,
	3.15982 1.78424,
	3.14762 1.79339,
	3.13543 1.80101,
	3.12933 1.80482,
	3.11713 1.81549,
	3.11408 1.81778,
	3.10188 1.82007,
	3.08968 1.81778,
	3.08358 1.81549,
	3.08054 1.81473,
	3.06834 1.8033,
	3.063 1.7972,
	3.05919 1.7911,
	3.05004 1.7667,
	3.0386 1.74231,
	3.01268 1.69352,
	3.00887 1.68742,
	2.99896 1.67522,
	2.99439 1.66912,
	2.99286 1.66607,
	2.97228 1.64167,
	2.96237 1.61728,
	2.96008 1.61118,
	2.95932 1.60965,
	"/>
</Transform>

<Transform dim="0"
 xcoef=" 0 1 0 0 0 0"
 ycoef=" 0 0 1 0 0 0">
<Contour name="Ed9" hidden="false" closed="true" simplified="true" border="0.541176 0.756863 0.0352941" fill="0.501961 1 1" mode="9"
 points="1.44452 0.136249,
	1.45155 0.120172,
	1.46663 0.111128,
	1.47467 0.107109,
	1.49074 0.110123,
	1.50682 0.117157,
	1.51486 0.121177,
	1.52089 0.129216,
	1.5239 0.133235,
	1.55606 0.148308,
	1.57214 0.155342,
	1.58821 0.160366,
	1.60429 0.1674,
	1.62037 0.176444,
	1.62841 0.181468,
	1.64449 0.182473,
	1.66056 0.181468,
	1.6686 0.181468,
	1.68468 0.177449,
	1.69272 0.174434,
	1.69674 0.172424,
	1.70076 0.172424,
	1.70478 0.170415,
	1.71382 0.154337,
	1.72789 0.122182,
	1.73191 0.114143,
	1.73794 0.049832,
	1.73894 0.0337544,
	1.74799 0.00159901,
	1.75602 -0.0144787,
	1.7721 -0.0305563,
	1.78014 -0.0385952,
	1.78818 -0.0446243,
	1.7922 -0.0486437,
	1.80024 -0.053668,
	1.81632 -0.0566825,
	1.82034 -0.0576874,
	1.83641 -0.0546728,
	1.84043 -0.0546728,
	1.87259 -0.0375903,
	1.88867 -0.0295515,
	1.90474 -0.0235223,
	1.92082 -0.0205078,
	1.9369 -0.0144787,
	1.94494 -0.0124689,
	1.95298 -0.00844953,
	1.96905 -0.00543497,
	1.97709 -0.00443011,
	1.98513 -0.000410694,
	1.98915 0.00059416,
	2.02131 -0.00342526,
	2.02935 -0.00342526,
	2.04542 -0.0104592,
	2.05346 -0.0154835,
	2.05748 -0.0174932,
	2.12179 -0.0767796,
	2.13686 -0.0918524,
	2.14993 -0.10793,
	2.15696 -0.115969,
	2.165 -0.120993,
	2.18108 -0.127022,
	2.18912 -0.128027,
	2.19314 -0.129032,
	2.20921 -0.127022,
	2.22529 -0.123003,
	2.22931 -0.121998,
	2.24438 -0.106925,
	2.25343 -0.0908476,
	2.25845 -0.0838136,
	2.27453 -0.0717553,
	2.28257 -0.0677359,
	2.31472 -0.0617068,
	2.3308 -0.0566825,
	2.34688 -0.0496486,
	2.37903 -0.0416097,
	2.41119 -0.0486437,
	2.42727 -0.0556777,
	2.44234 -0.0667311,
	2.45038 -0.0828087,
	2.4544 -0.0908476,
	2.45842 -0.123003,
	2.45842 -0.139081,
	2.45842 -0.147119,
	2.4745 -0.179275,
	2.48153 -0.195352,
	2.49258 -0.227508,
	2.49962 -0.235547,
	2.50364 -0.239566,
	2.53579 -0.254639,
	2.54383 -0.255644,
	2.57599 -0.272726,
	2.59206 -0.280765,
	2.6001 -0.284784,
	2.63226 -0.287799,
	2.64834 -0.286794,
	2.65637 -0.284784,
	2.67245 -0.287799,
	2.68049 -0.289809,
	2.7448 -0.292823,
	2.77696 -0.294833,
	2.80911 -0.301867,
	2.82519 -0.304882,
	2.83323 -0.305886,
	2.84931 -0.311916,
	2.88146 -0.317945,
	2.89754 -0.319954,
	2.96185 -0.340051,
	2.97793 -0.344071,
	3.04224 -0.35211,
	3.07439 -0.3501,
	3.08243 -0.349095,
	3.09047 -0.345076,
	3.12263 -0.341056,
	3.1387 -0.340051,
	3.14674 -0.338042,
	3.16282 -0.325983,
	3.1789 -0.322969,
	3.24321 -0.330003,
	3.25929 -0.331008,
	3.27536 -0.328998,
	3.30752 -0.328998,
	3.3236 -0.328998,
	3.33968 -0.322969,
	3.37183 -0.307896,
	3.38791 -0.304882,
	3.42006 -0.289809,
	3.45222 -0.268707,
	3.48437 -0.249615,
	3.50045 -0.242581,
	3.50849 -0.239566,
	3.52457 -0.228513,
	3.5306 -0.220474,
	3.53462 -0.212435,
	3.53562 -0.208416,
	3.54165 -0.200377,
	3.54567 -0.196357,
	3.57783 -0.177265,
	3.5939 -0.168221,
	3.60998 -0.161187,
	3.64214 -0.152144,
	3.65018 -0.149129,
	3.66424 -0.133051,
	3.6753 -0.116974,
	3.68032 -0.108935,
	3.68233 -0.104916,
	3.71449 -0.087833,
	3.74664 -0.0687408,
	3.7788 -0.046634,
	3.81095 -0.0305563,
	3.82703 -0.0225175,
	3.84311 -0.0184981,
	3.85115 -0.0144787,
	3.8833 -0.0124689,
	3.88732 -0.0124689,
	3.95163 0.0186815,
	3.96771 0.0277252,
	3.97575 0.0317446,
	4.00388 0.0628951,
	4.01795 0.0789728,
	4.05011 0.104094,
	4.06417 0.119167,
	4.07121 0.127206,
	4.07523 0.131225,
	4.10738 0.150317,
	4.13954 0.1674,
	4.17169 0.186492,
	4.20385 0.203575,
	4.23601 0.222667,
	4.25208 0.232715,
	4.26816 0.246783,
	4.28424 0.258842,
	4.30032 0.267885,
	4.33247 0.281953,
	4.34855 0.289992,
	4.36463 0.301046,
	4.3807 0.314109,
	4.39678 0.324157,
	4.40482 0.329182,
	4.41989 0.343249,
	4.43899 0.375405,
	4.45607 0.40756,
	4.46109 0.415599,
	4.46913 0.420623,
	4.47717 0.423638,
	4.48119 0.424643,
	4.4832 0.424643,
	4.49928 0.437706,
	4.50631 0.44474,
	4.51134 0.452779,
	4.52138 0.484934,
	4.52641 0.501012,
	4.53043 0.50905,
	4.54349 0.525128,
	4.57464 0.554269,
	4.58368 0.570347,
	4.5877 0.586424,
	4.58971 0.594463,
	4.59072 0.598482,
	4.5867 0.61456,
	4.58569 0.61858,
	4.58569 0.620589,
	4.57665 0.628628,
	4.57263 0.628628,
	4.57062 0.628628,
	4.56861 0.630638,
	4.55253 0.630638,
	4.54851 0.630638,
	4.54349 0.627623,
	4.53947 0.626618,
	4.53545 0.623604,
	4.53143 0.622599,
	4.52339 0.61657,
	4.51535 0.61255,
	4.51134 0.609536,
	4.51134 0.607526,
	4.5043 0.600492,
	4.50028 0.596473,
	4.49827 0.596473,
	4.49023 0.588434,
	4.48822 0.588434,
	4.48621 0.586424,
	4.4842 0.586424,
	4.47617 0.578385,
	4.47215 0.574366,
	4.46813 0.573361,
	4.46009 0.566327,
	4.45607 0.562308,
	4.45305 0.554269,
	4.45205 0.552259,
	4.45004 0.552259,
	4.43597 0.536181,
	4.43195 0.532162,
	4.42894 0.530152,
	4.41386 0.51508,
	4.40884 0.508046,
	4.40181 0.500007,
	4.39176 0.483929,
	4.38673 0.476895,
	4.38271 0.474885,
	4.38271 0.472876,
	4.3807 0.470866,
	4.3807 0.468856,
	4.37668 0.464837,
	4.37467 0.462827,
	4.37467 0.458808,
	4.37066 0.454788,
	4.36865 0.452779,
	4.36865 0.448759,
	4.36061 0.443735,
	4.35659 0.441725,
	4.35357 0.437706,
	4.35156 0.437706,
	4.34955 0.435696,
	4.34553 0.434691,
	4.34151 0.431677,
	4.3375 0.431677,
	4.33549 0.429667,
	4.33147 0.429667,
	4.32745 0.427657,
	4.32343 0.427657,
	4.31941 0.425648,
	4.31539 0.425648,
	4.31338 0.423638,
	4.30936 0.423638,
	4.30735 0.423638,
	4.30534 0.421628,
	4.2973 0.420623,
	4.29328 0.417609,
	4.28524 0.417609,
	4.28122 0.413589,
	4.2772 0.413589,
	4.27519 0.41158,
	4.27318 0.41158,
	4.27117 0.40957,
	4.26716 0.40957,
	4.25912 0.403541,
	4.25711 0.403541,
	4.24907 0.396507,
	4.24505 0.391482,
	4.24304 0.391482,
	4.235 0.385453,
	4.23098 0.383444,
	4.22897 0.381434,
	4.22093 0.378419,
	4.21289 0.373395,
	4.21088 0.371385,
	4.20988 0.371385,
	4.17672 0.355308,
	4.14456 0.350283,
	4.12849 0.347269,
	4.11241 0.33923,
	4.09633 0.329182,
	4.08829 0.322148,
	4.07221 0.312099,
	4.04006 0.295016,
	4.0079 0.271905,
	3.99183 0.260851,
	3.98379 0.253817,
	3.97977 0.249798,
	3.97072 0.23372,
	3.95766 0.201565,
	3.95565 0.193526,
	3.95465 0.189507,
	3.95465 0.187497,
	3.92952 0.155342,
	3.91345 0.150317,
	3.88129 0.145293,
	3.84914 0.143283,
	3.83306 0.143283,
	3.82502 0.143283,
	3.80894 0.147303,
	3.8009 0.149313,
	3.78483 0.143283,
	3.76875 0.139264,
	3.76473 0.138259,
	3.73257 0.145293,
	3.7165 0.149313,
	3.70042 0.151322,
	3.68434 0.156347,
	3.6763 0.158356,
	3.64415 0.174434,
	3.62807 0.182473,
	3.62606 0.185487,
	3.62103 0.217643,
	3.61802 0.249798,
	3.61802 0.253817,
	3.60697 0.285973,
	3.5929 0.318128,
	3.58787 0.334206,
	3.58486 0.350283,
	3.58486 0.358322,
	3.58486 0.362342,
	3.59893 0.394497,
	3.60496 0.410575,
	3.60295 0.426652,
	3.60194 0.434691,
	3.60496 0.466847,
	3.60295 0.482924,
	3.60194 0.490963,
	3.59893 0.499002,
	3.58787 0.51508,
	3.57481 0.530152,
	3.56677 0.536181,
	3.55069 0.540201,
	3.48638 0.549245,
	3.45423 0.533167,
	3.43815 0.524123,
	3.43112 0.520104,
	3.42308 0.528143,
	3.41906 0.532162,
	3.41102 0.54824,
	3.407 0.556279,
	3.40198 0.572356,
	3.41604 0.636667,
	3.41705 0.652745,
	3.41604 0.668822,
	3.41303 0.6849,
	3.406 0.700978,
	3.39997 0.709016,
	3.38489 0.71806,
	3.37685 0.72208,
	3.36078 0.725094,
	3.3447 0.724089,
	3.33666 0.723084,
	3.32862 0.724089,
	3.32661 0.726099,
	3.31053 0.726099,
	3.3025 0.726099,
	3.28642 0.731123,
	3.27034 0.733133,
	3.26632 0.733133,
	3.25828 0.738157,
	3.25024 0.745191,
	3.23718 0.761269,
	3.23115 0.769308,
	3.21507 0.801463,
	3.20603 0.817541,
	3.19196 0.833618,
	3.18895 0.837638,
	3.18292 0.853715,
	3.18091 0.861754,
	3.18191 0.89391,
	3.18191 0.909987,
	3.18493 0.942143,
	3.18593 0.95822,
	3.18593 0.966259,
	3.18593 0.970279,
	3.18091 0.978317,
	3.17387 0.985351,
	3.16584 0.990376,
	3.14976 0.9954,
	3.13368 0.998414,
	3.10152 0.996405,
	3.09349 0.99339,
	3.07741 0.980327,
	3.04827 0.949177,
	3.01712 0.917021,
	3.00104 0.901948,
	2.99401 0.89391,
	2.98999 0.885871,
	2.98697 0.869793,
	2.98597 0.837638,
	2.97893 0.82156,
	2.96989 0.805482,
	2.95783 0.789405,
	2.9518 0.781366,
	2.93572 0.783376,
	2.92768 0.784381,
	2.89553 0.781366,
	2.86337 0.784381,
	2.83122 0.778351,
	2.79906 0.778351,
	2.73475 0.782371,
	2.67044 0.780361,
	2.60613 0.782371,
	2.57398 0.779356,
	2.5579 0.778351,
	2.52574 0.773327,
	2.49359 0.771317,
	2.47751 0.771317,
	2.44535 0.764283,
	2.42928 0.761269,
	2.4132 0.754235,
	2.40516 0.75122,
	2.38908 0.740167,
	2.35693 0.713036,
	2.32678 0.681885,
	2.31171 0.665808,
	2.30367 0.658774,
	2.28759 0.650735,
	2.25544 0.629633,
	2.22328 0.602502,
	2.19113 0.585419,
	2.12682 0.556279,
	2.09466 0.542211,
	2.07858 0.536181,
	2.07054 0.534172,
	2.06251 0.530152,
	2.03035 0.505031,
	2.01427 0.491968,
	2.00623 0.485939,
	1.99518 0.469861,
	1.99016 0.461822,
	1.98312 0.453783,
	1.9791 0.449764,
	1.96302 0.44072,
	1.95599 0.435696,
	1.95499 0.433686,
	1.95599 0.431677,
	1.93991 0.419618,
	1.92384 0.410575,
	1.90776 0.40555,
	1.89972 0.403541,
	1.7711 0.404546,
	1.73894 0.40756,
	1.72286 0.40957,
	1.70679 0.414594,
	1.70277 0.415599,
	1.68769 0.430672,
	1.67865 0.446749,
	1.67564 0.454788,
	1.67363 0.458808,
	1.67664 0.474885,
	1.67765 0.507041,
	1.67865 0.523118,
	1.67966 0.527138,
	1.67162 0.559293,
	1.6686 0.567332,
	1.6676 0.568337,
	1.60329 0.531157,
	1.59927 0.529148,
	1.56711 0.500007,
	1.56008 0.491968,
	1.55505 0.483929,
	1.53898 0.470866,
	1.53094 0.464837,
	1.51586 0.448759,
	1.50783 0.44072,
	1.49175 0.428662,
	1.48371 0.421628,
	1.47467 0.40555,
	1.47065 0.397512,
	1.46864 0.389473,
	1.46763 0.373395,
	1.46763 0.365356,
	1.46763 0.361337,
	1.4606 0.353298,
	1.45155 0.33722,
	1.44753 0.329182,
	1.45055 0.313104,
	1.45055 0.297026,
	1.45055 0.293007,
	1.45758 0.276929,
	1.46261 0.26889,
	1.46663 0.265876,
	1.47366 0.249798,
	1.47868 0.23372,
	1.47969 0.229701,
	1.47567 0.213623,
	1.47366 0.205584,
	1.47366 0.189507,
	1.47366 0.185487,
	1.46361 0.16941,
	1.45155 0.153332,
	1.44854 0.149313,
	1.44552 0.141274,
	1.44452 0.137254,
	"/>
<Contour name="Ed9" hidden="false" closed="true" simplified="true" border="0.541176 0.756863 0.0352941" fill="0.501961 1 1" mode="9"
 points="4.21792 0.380429,
	4.21691 0.377415,
	4.21792 0.378419,
	"/>
</Transform>

<Transform dim="0"
 xcoef=" 0 1 0 0 0 0"
 ycoef=" 0 0 1 0 0 0">
<Contour name="Ea5(v435)" hidden="false" closed="true" simplified="true" border="1 0 0" fill="1 1 1" mode="9"
 points="3.32848 1.97874,
	3.32897 1.97424,
	3.33041 1.96998,
	3.33273 1.96619,
	3.3358 1.96308,
	3.33946 1.96081,
	3.3435 1.95951,
	3.34771 1.95925,
	3.35187 1.96004,
	3.35574 1.96183,
	3.35913 1.96454,
	3.36184 1.96801,
	3.36373 1.97206,
	3.36471 1.97647,
	3.36471 1.98101,
	3.36373 1.98542,
	3.36184 1.98947,
	3.35913 1.99294,
	3.35574 1.99565,
	3.35187 1.99744,
	3.34771 1.99823,
	3.3435 1.99796,
	3.33946 1.99666,
	3.3358 1.9944,
	3.33273 1.99129,
	3.33041 1.9875,
	"/>
<Contour name="Ea5(v445)" hidden="false" closed="true" simplified="true" border="1 0 0" fill="1 1 1" mode="9"
 points="3.14807 1.97874,
	3.14839 1.97452,
	3.14935 1.9704,
	3.15093 1.96645,
	3.1531 1.96277,
	3.1558 1.95942,
	3.15899 1.95649,
	3.16258 1.95403,
	3.16652 1.9521,
	3.1707 1.95073,
	3.17505 1.94997,
	3.17947 1.94981,
	3.18387 1.95027,
	3.18814 1.95134,
	3.19221 1.953,
	3.19599 1.9552,
	3.19939 1.9579,
	3.20234 1.96105,
	3.20478 1.96457,
	3.20666 1.9684,
	3.20793 1.97245,
	3.20857 1.97663,
	3.20857 1.98085,
	3.20793 1.98503,
	3.20666 1.98908,
	3.20478 1.99291,
	3.20234 1.99643,
	3.19939 1.99958,
	3.19599 2.00228,
	3.19221 2.00448,
	3.18814 2.00614,
	3.18387 2.0072,
	3.17947 2.00767,
	3.17505 2.00751,
	3.1707 2.00674,
	3.16652 2.00538,
	3.16258 2.00345,
	3.15899 2.00099,
	3.1558 1.99806,
	3.1531 1.99471,
	3.15093 1.99103,
	3.14935 1.98708,
	3.14839 1.98295,
	"/>
<Contour name="Ea5(v454)" hidden="false" closed="true" simplified="true" border="1 0 0" fill="1 1 1" mode="9"
 points="3.13865 2.03865,
	3.13917 2.03446,
	3.14073 2.03052,
	3.14322 2.02704,
	3.1465 2.02425,
	3.15038 2.02229,
	3.15463 2.02128,
	3.15901 2.02128,
	3.16327 2.02229,
	3.16715 2.02425,
	3.17043 2.02704,
	3.17292 2.03052,
	3.17447 2.03446,
	3.175 2.03865,
	3.17447 2.04284,
	3.17292 2.04678,
	3.17043 2.05026,
	3.16715 2.05306,
	3.16327 2.05502,
	3.15901 2.05603,
	3.15463 2.05603,
	3.15038 2.05502,
	3.1465 2.05306,
	3.14322 2.05026,
	3.14073 2.04678,
	3.13917 2.04284,
	"/>
<Contour name="Ea5(v2)" hidden="false" closed="true" simplified="true" border="1 0 0" fill="1 1 1" mode="9"
 points="3.10095 1.99422,
	3.10144 1.98956,
	3.10288 1.98516,
	3.1052 1.98124,
	3.10827 1.97802,
	3.11193 1.97568,
	3.11597 1.97433,
	3.12018 1.97406,
	3.12434 1.97488,
	3.12821 1.97673,
	3.1316 1.97953,
	3.13431 1.98312,
	3.1362 1.98731,
	3.13718 1.99188,
	3.13718 1.99657,
	3.1362 2.00113,
	3.13431 2.00532,
	3.1316 2.00891,
	3.12821 2.01171,
	3.12434 2.01357,
	3.12018 2.01438,
	3.11597 2.01411,
	3.11193 2.01277,
	3.10827 2.01042,
	3.1052 2.0072,
	3.10288 2.00329,
	"/>
<Contour name="Ea5(v13)" hidden="false" closed="true" simplified="true" border="1 0 0" fill="1 1 1" mode="9"
 points="3.07806 1.92623,
	3.07872 1.92145,
	3.08063 1.91713,
	3.08361 1.91371,
	3.08736 1.91151,
	3.09152 1.91075,
	3.09568 1.91151,
	3.09944 1.91371,
	3.10242 1.91713,
	3.10433 1.92145,
	3.10499 1.92623,
	3.10433 1.93102,
	3.10242 1.93533,
	3.09944 1.93876,
	3.09568 1.94096,
	3.09152 1.94171,
	3.08736 1.94096,
	3.08361 1.93876,
	3.08063 1.93533,
	"/>
<Contour name="Ea5(v24)" hidden="false" closed="true" simplified="true" border="1 0 0" fill="1 1 1" mode="9"
 points="3.11441 1.92825,
	3.11488 1.92376,
	3.11628 1.91949,
	3.11852 1.91566,
	3.12151 1.91246,
	3.12508 1.91006,
	3.12907 1.90856,
	3.13326 1.90806,
	3.13746 1.90856,
	3.14144 1.91006,
	3.14501 1.91246,
	3.148 1.91566,
	3.15024 1.91949,
	3.15164 1.92376,
	3.15211 1.92825,
	3.15164 1.93275,
	3.15024 1.93701,
	3.148 1.94084,
	3.14501 1.94404,
	3.14144 1.94645,
	3.13746 1.94794,
	3.13326 1.94845,
	3.12907 1.94794,
	3.12508 1.94645,
	3.12151 1.94404,
	3.11852 1.94084,
	3.11628 1.93701,
	"/>
<Contour name="Ea5(v35)" hidden="false" closed="true" simplified="true" border="1 0 0" fill="1 1 1" mode="9"
 points="3.14403 1.88584,
	3.1445 1.8815,
	3.1459 1.87737,
	3.14814 1.87367,
	3.15113 1.87058,
	3.1547 1.86825,
	3.15869 1.86681,
	3.16288 1.86632,
	3.16707 1.86681,
	3.17106 1.86825,
	3.17463 1.87058,
	3.17762 1.87367,
	3.17986 1.87737,
	3.18126 1.8815,
	3.18173 1.88584,
	3.18126 1.89019,
	3.17986 1.89431,
	3.17762 1.89801,
	3.17463 1.9011,
	3.17106 1.90343,
	3.16707 1.90487,
	3.16288 1.90536,
	3.15869 1.90487,
	3.1547 1.90343,
	3.15113 1.9011,
	3.14814 1.89801,
	3.1459 1.89431,
	"/>
<Contour name="Ea5(v46)" hidden="false" closed="true" simplified="true" border="1 0 0" fill="1 1 1" mode="9"
 points="3.18981 1.88719,
	3.19034 1.88267,
	3.19189 1.87843,
	3.19437 1.87475,
	3.19762 1.87184,
	3.20144 1.8699,
	3.20558 1.86905,
	3.20979 1.86933,
	3.2138 1.87074,
	3.21736 1.87318,
	3.22025 1.8765,
	3.22228 1.8805,
	3.22333 1.88491,
	3.22333 1.88947,
	3.22228 1.89388,
	3.22025 1.89787,
	3.21736 1.90119,
	3.2138 1.90363,
	3.20979 1.90504,
	3.20558 1.90533,
	3.20144 1.90447,
	3.19762 1.90253,
	3.19437 1.89963,
	3.19189 1.89594,
	3.19034 1.89171,
	"/>
<Contour name="Ea5(v57)" hidden="false" closed="true" simplified="true" border="1 0 0" fill="1 1 1" mode="9"
 points="3.22616 1.92287,
	3.22667 1.91836,
	3.22816 1.91411,
	3.23056 1.91037,
	3.23372 1.90735,
	3.23745 1.90524,
	3.24155 1.90415,
	3.24577 1.90415,
	3.24987 1.90524,
	3.2536 1.90735,
	3.25676 1.91037,
	3.25916 1.91411,
	3.26065 1.91836,
	3.26116 1.92287,
	3.26065 1.92738,
	3.25916 1.93163,
	3.25676 1.93537,
	3.2536 1.93838,
	3.24987 1.94049,
	3.24577 1.94158,
	3.24155 1.94158,
	3.23745 1.94049,
	3.23372 1.93838,
	3.23056 1.93537,
	3.22816 1.93163,
	3.22667 1.92738,
	"/>
<Contour name="Ea5(v68)" hidden="false" closed="true" simplified="true" border="1 0 0" fill="1 1 1" mode="9"
 points="3.30559 1.89594,
	3.3061 1.89143,
	3.3076 1.88718,
	3.30999 1.88344,
	3.31315 1.88043,
	3.31689 1.87832,
	3.32098 1.87723,
	3.3252 1.87723,
	3.3293 1.87832,
	3.33304 1.88043,
	3.33619 1.88344,
	3.33859 1.88718,
	3.34009 1.89143,
	3.3406 1.89594,
	3.34009 1.90045,
	3.33859 1.9047,
	3.33619 1.90844,
	3.33304 1.91145,
	3.3293 1.91356,
	3.3252 1.91465,
	3.32098 1.91465,
	3.31689 1.91356,
	3.31315 1.91145,
	3.30999 1.90844,
	3.3076 1.9047,
	3.3061 1.90045,
	"/>
<Contour name="Ea5(v79)" hidden="false" closed="true" simplified="true" border="1 0 0" fill="1 1 1" mode="9"
 points="3.21135 1.84141,
	3.21198 1.83645,
	3.2138 1.83193,
	3.21667 1.82826,
	3.22032 1.82575,
	3.22443 1.82463,
	3.22863 1.82501,
	3.23255 1.82684,
	3.23585 1.82997,
	3.23822 1.83411,
	3.23946 1.8389,
	3.23946 1.84392,
	3.23822 1.84871,
	3.23585 1.85286,
	3.23255 1.85599,
	3.22863 1.85782,
	3.22443 1.85819,
	3.22032 1.85708,
	3.21667 1.85457,
	3.2138 1.85089,
	"/>
<Contour name="Ea5(v89)" hidden="false" closed="true" simplified="true" border="1 0 0" fill="1 1 1" mode="9"
 points="3.30559 1.74986,
	3.30619 1.7455,
	3.30794 1.74149,
	3.3107 1.73816,
	3.31425 1.73578,
	3.31829 1.73454,
	3.32251 1.73454,
	3.32655 1.73578,
	3.3301 1.73816,
	3.33286 1.74149,
	3.33461 1.7455,
	3.33521 1.74986,
	3.33461 1.75422,
	3.33286 1.75823,
	3.3301 1.76156,
	3.32655 1.76395,
	3.32251 1.76519,
	3.31829 1.76519,
	3.31425 1.76395,
	3.3107 1.76156,
	3.30794 1.75823,
	3.30619 1.75422,
	"/>
</Transform>

<Transform dim="0"
 xcoef=" 0 1 0 0 0 0"
 ycoef=" 0 0 1 0 0 0">
<Contour name="Ea5(v100)" hidden="false" closed="true" simplified="true" border="1 0 0" fill="1 1 1" mode="9"
 points="3.89163 1.36959,
	3.89207 1.36546,
	3.89335 1.36151,
	3.89543 1.35791,
	3.89821 1.35483,
	3.90157 1.35238,
	3.90537 1.35069,
	3.90943 1.34983,
	3.91358 1.34983,
	3.91765 1.35069,
	3.92144 1.35238,
	3.9248 1.35483,
	3.92758 1.35791,
	3.92966 1.36151,
	3.93094 1.36546,
	3.93138 1.36959,
	3.93094 1.37372,
	3.92966 1.37767,
	3.92758 1.38127,
	3.9248 1.38436,
	3.92144 1.3868,
	3.91765 1.38849,
	3.91358 1.38935,
	3.90943 1.38935,
	3.90537 1.38849,
	3.90157 1.3868,
	3.89821 1.38436,
	3.89543 1.38127,
	3.89335 1.37767,
	3.89207 1.37372,
	"/>
<Contour name="Ea5(v111)" hidden="false" closed="true" simplified="true" border="1 0 0" fill="1 1 1" mode="9"
 points="3.92475 1.30998,
	3.9252 1.30571,
	3.92653 1.30164,
	3.92867 1.29795,
	3.93153 1.29483,
	3.93496 1.29242,
	3.93882 1.29083,
	3.94292 1.29014,
	3.94707 1.29037,
	3.95107 1.29152,
	3.95474 1.29353,
	3.95791 1.29631,
	3.96042 1.29973,
	3.96216 1.30363,
	3.96306 1.30783,
	3.96306 1.31213,
	3.96216 1.31632,
	3.96042 1.32022,
	3.95791 1.32364,
	3.95474 1.32643,
	3.95107 1.32844,
	3.94707 1.32959,
	3.94292 1.32982,
	3.93882 1.32913,
	3.93496 1.32754,
	3.93153 1.32512,
	3.92867 1.322,
	3.92653 1.31832,
	"/>
</Transform>

<Transform dim="0"
 xcoef=" 0 1 0 0 0 0"
 ycoef=" 0 0 1 0 0 0">
<Contour name="Ea5(MVB1)" hidden="false" closed="true" simplified="true" border="0.521569 0.858824 0.0156863" fill="0.866667 0.980392 0.521569" mode="9"
 points="3.70896 0.582125,
	3.71138 0.577274,
	3.71381 0.557869,
	3.71563 0.548167,
	3.71987 0.538465,
	3.7229 0.528762,
	3.72472 0.523911,
	3.732 0.514209,
	3.73503 0.509358,
	3.73806 0.499655,
	3.7417 0.480251,
	3.74352 0.475399,
	3.74655 0.470548,
	3.75625 0.463878,
	3.76596 0.460846,
	3.76838 0.46024,
	3.77808 0.465091,
	3.78233 0.469335,
	3.78657 0.48874,
	3.79082 0.498443,
	3.7987 0.508145,
	3.8084 0.517847,
	3.81326 0.522698,
	3.82599 0.542103,
	3.83509 0.561508,
	3.8369 0.566359,
	3.83751 0.576061,
	3.83812 0.580912,
	3.8369 0.590615,
	3.83387 0.600317,
	3.82963 0.610019,
	3.8272 0.619722,
	3.82902 0.639126,
	3.82963 0.643978,
	3.82781 0.65368,
	3.8272 0.673085,
	3.8266 0.677936,
	3.81144 0.716745,
	3.80234 0.73615,
	3.7981 0.745852,
	3.79506 0.755555,
	3.79324 0.760406,
	3.78718 0.770108,
	3.77141 0.789513,
	3.76353 0.799215,
	3.75807 0.808917,
	3.75625 0.81862,
	3.75443 0.823471,
	3.75262 0.825897,
	3.74776 0.828322,
	3.74291 0.828929,
	3.73867 0.828322,
	3.73382 0.81862,
	3.732 0.799215,
	3.72836 0.77981,
	3.72836 0.777991,
	3.732 0.770714,
	3.74109 0.761012,
	3.74413 0.756161,
	3.74473 0.746459,
	3.74291 0.741607,
	3.73321 0.731905,
	3.72897 0.727054,
	3.72351 0.717352,
	3.72108 0.7125,
	3.71866 0.693096,
	3.71866 0.688245,
	3.71623 0.678542,
	3.71259 0.639733,
	3.71077 0.620328,
	3.71017 0.600923,
	3.70896 0.591221,
	3.70896 0.58637,
	3.70896 0.583944,
	3.70896 0.582732,
	"/>
</Transform>

<Transform dim="0"
 xcoef=" 0 1 0 0 0 0"
 ycoef=" 0 0 1 0 0 0">
<Contour name="Ea5(MVB2)" hidden="false" closed="true" simplified="true" border="0.521569 0.858824 0.0156863" fill="0.866667 0.980392 0.521569" mode="9"
 points="3.87739 0.40575,
	3.88346 0.397655,
	3.89965 0.384501,
	3.90774 0.380454,
	3.92393 0.377418,
	3.92798 0.376406,
	3.93203 0.37843,
	3.94822 0.379442,
	3.96441 0.388548,
	3.9725 0.393608,
	3.97857 0.401702,
	3.98161 0.40575,
	3.98464 0.421939,
	3.9897 0.438129,
	3.99476 0.446223,
	3.99679 0.462413,
	3.99375 0.478602,
	3.99072 0.486697,
	3.98768 0.490745,
	3.98667 0.494792,
	3.98869 0.502887,
	3.98869 0.519076,
	3.98566 0.527171,
	3.9806 0.534254,
	3.96441 0.541337,
	3.93203 0.546396,
	3.91584 0.546396,
	3.90774 0.542349,
	3.90066 0.535266,
	3.89763 0.531218,
	3.8956 0.529195,
	3.89358 0.5211,
	3.89155 0.519076,
	3.88245 0.454318,
	3.8784 0.446223,
	3.87739 0.413844,
	3.87739 0.406762,
	"/>
</Transform>

<Transform dim="0"
 xcoef=" 0 1 0 0 0 0"
 ycoef=" 0 0 1 0 0 0">
<Contour name="Ea5(MVB2)" hidden="false" closed="true" simplified="true" border="0.521569 0.858824 0.0156863" fill="0.866667 0.980392 0.521569" mode="9"
 points="3.85933 0.621879,
	3.86135 0.613784,
	3.86236 0.609737,
	3.86945 0.605689,
	3.87754 0.604677,
	3.88564 0.605689,
	3.88867 0.606701,
	3.89879 0.607713,
	3.90587 0.608725,
	3.91397 0.607713,
	3.92206 0.602654,
	3.93825 0.595571,
	3.95444 0.594559,
	3.97063 0.596583,
	3.97873 0.598606,
	3.98682 0.603666,
	3.9939 0.61176,
	3.99795 0.619855,
	4.002 0.636045,
	4.00402 0.652234,
	4.00503 0.656282,
	4.002 0.664376,
	3.9939 0.672471,
	3.98986 0.676518,
	3.97367 0.685625,
	3.96557 0.688661,
	3.96153 0.689672,
	3.95343 0.688661,
	3.93724 0.679554,
	3.90486 0.652234,
	3.87248 0.635033,
	3.86439 0.628962,
	3.86135 0.624914,
	3.85933 0.622891,
	"/>
</Transform>

<Transform dim="0"
 xcoef=" 0 1 0 0 0 0"
 ycoef=" 0 0 1 0 0 0">
<Contour name="Ea5(ER)" hidden="false" closed="true" simplified="true" border="0 0.882 0.882" fill="0.502 1 1" mode="9"
 points="3.79952 1.25888,
	3.80664 1.25129,
	3.80902 1.24749,
	3.81044 1.24369,
	3.81139 1.24179,
	3.81139 1.23419,
	3.81329 1.2266,
	3.81329 1.22565,
	3.81946 1.21805,
	3.82231 1.21425,
	3.82991 1.20808,
	3.83371 1.20476,
	3.83561 1.20286,
	3.8508 1.19336,
	3.8584 1.18671,
	3.86172 1.18292,
	3.86932 1.17722,
	3.87312 1.17389,
	3.88071 1.16867,
	3.88356 1.16487,
	3.88546 1.16107,
	3.88736 1.15348,
	3.88784 1.14968,
	3.88736 1.14778,
	3.88784 1.14398,
	3.89164 1.13638,
	3.89258 1.13449,
	3.89971 1.12689,
	3.90398 1.11929,
	3.90683 1.11169,
	3.90778 1.1079,
	3.90825 1.106,
	3.90493 1.0908,
	3.90445 1.08321,
	3.90398 1.08131,
	3.90398 1.08083,
	3.90398 1.07846,
	3.90398 1.07751,
	3.90588 1.06944,
	3.9073 1.06564,
	3.90825 1.05804,
	3.90778 1.05424,
	3.90968 1.03905,
	3.90968 1.03525,
	3.90968 1.03335,
	3.91585 1.01816,
	3.91917 1.01056,
	3.9206 1.00296,
	3.92107 0.995367,
	3.9263 0.96498,
	3.9282 0.957383,
	3.92867 0.953584,
	3.93199 0.945987,
	3.93389 0.942189,
	3.93674 0.938391,
	3.93817 0.934592,
	3.94386 0.926995,
	3.94766 0.925096,
	3.94814 0.924621,
	3.95004 0.92652,
	3.94861 0.930319,
	3.94719 0.937916,
	3.94861 0.945513,
	3.95336 0.960706,
	3.95431 0.968303,
	3.95194 0.9759,
	3.94861 0.983497,
	3.94766 0.987296,
	3.94719 0.989195,
	3.95099 1.00439,
	3.95289 1.01199,
	3.95621 1.01958,
	3.95858 1.02718,
	3.96048 1.04237,
	3.95906 1.04997,
	3.95431 1.06516,
	3.94719 1.09555,
	3.94576 1.11075,
	3.94624 1.12594,
	3.94529 1.13354,
	3.94481 1.13733,
	3.94196 1.14493,
	3.94007 1.14873,
	3.92677 1.16392,
	3.92012 1.17152,
	3.88974 1.18671,
	3.87454 1.19336,
	3.85935 1.20096,
	3.85555 1.20286,
	3.85365 1.20381,
	3.83941 1.23419,
	3.83323 1.24939,
	3.83181 1.25319,
	3.83086 1.25509,
	3.81567 1.26316,
	3.81187 1.26506,
	3.80807 1.26838,
	3.80617 1.2698,
	3.79952 1.26221,
	3.79952 1.26031,
	3.79952 1.25936,
	"/>
</Transform>

<Transform dim="0"
 xcoef=" 0 1 0 0 0 0"
 ycoef=" 0 0 1 0 0 0">
<Contour name="Ea5(endo4)" hidden="false" closed="true" simplified="true" border="1 1 0" fill="1 1 0.501961" mode="9"
 points="3.64392 1.19382,
	3.6443 1.19078,
	3.64468 1.18926,
	3.65077 1.18432,
	3.66293 1.18127,
	3.67509 1.18089,
	3.68118 1.18089,
	3.68422 1.18089,
	3.69638 1.18356,
	3.69942 1.18432,
	3.70018 1.1847,
	3.70322 1.1828,
	3.70398 1.17975,
	3.7036 1.17671,
	3.70322 1.17519,
	3.69714 1.16949,
	3.69106 1.16493,
	3.68802 1.16189,
	3.6865 1.15581,
	3.68574 1.15276,
	3.68612 1.14668,
	3.6865 1.14364,
	3.68688 1.14212,
	3.69296 1.13604,
	3.696 1.12996,
	3.69676 1.12844,
	3.70284 1.12425,
	3.70589 1.12197,
	3.71197 1.11931,
	3.72413 1.11551,
	3.72717 1.11323,
	3.72755 1.11171,
	3.72641 1.10563,
	3.72603 1.09346,
	3.72679 1.08738,
	3.73021 1.0813,
	3.73173 1.07826,
	3.73478 1.0756,
	3.74086 1.07446,
	3.7439 1.07332,
	3.74656 1.07066,
	3.74694 1.06913,
	3.74732 1.06837,
	3.74466 1.06229,
	3.74086 1.05621,
	3.73668 1.04405,
	3.73478 1.03796,
	3.73249 1.0258,
	3.73326 1.01972,
	3.73364 1.0182,
	3.73364 1.01744,
	3.73896 1.01135,
	3.742 1.00869,
	3.74808 1.00755,
	3.76024 1.01249,
	3.76633 1.01516,
	3.77241 1.01706,
	3.78457 1.0182,
	3.79674 1.01478,
	3.79978 1.0144,
	3.80586 1.01516,
	3.8089 1.01554,
	3.81498 1.01858,
	3.81803 1.0201,
	3.82411 1.02542,
	3.82639 1.02846,
	3.82905 1.03454,
	3.82943 1.03758,
	3.82867 1.04367,
	3.82867 1.05583,
	3.82829 1.06191,
	3.82791 1.06495,
	3.82639 1.06799,
	3.8146 1.07826,
	3.81156 1.0813,
	3.80548 1.08434,
	3.80244 1.08548,
	3.79636 1.08586,
	3.79028 1.0851,
	3.78723 1.0832,
	3.78457 1.08016,
	3.77887 1.06799,
	3.77659 1.06191,
	3.77545 1.06039,
	3.77469 1.06001,
	3.76861 1.06115,
	3.76595 1.06229,
	3.76291 1.06837,
	3.76177 1.07142,
	3.76253 1.07446,
	3.76253 1.07598,
	3.76861 1.08814,
	3.77165 1.09422,
	3.77431 1.10639,
	3.77469 1.10791,
	3.77393 1.11095,
	3.76899 1.11703,
	3.76595 1.11931,
	3.75378 1.12539,
	3.75188 1.12844,
	3.75074 1.12996,
	3.75036 1.13072,
	3.7534 1.1368,
	3.7553 1.13984,
	3.76024 1.14592,
	3.76291 1.14896,
	3.76329 1.14934,
	3.76519 1.15162,
	3.77089 1.16379,
	3.77165 1.16683,
	3.77241 1.16835,
	3.77203 1.18051,
	3.77089 1.1866,
	3.76899 1.19268,
	3.76785 1.19572,
	3.76709 1.19724,
	3.76785 1.20332,
	3.76785 1.20484,
	3.77431 1.21701,
	3.77925 1.22309,
	3.78609 1.23525,
	3.78647 1.24134,
	3.78685 1.24438,
	3.78533 1.25654,
	3.78495 1.25958,
	3.77963 1.27175,
	3.77355 1.28391,
	3.77051 1.28999,
	3.76975 1.29151,
	3.76367 1.2976,
	3.75758 1.30178,
	3.75454 1.3033,
	3.74846 1.3052,
	3.7363 1.3071,
	3.72413 1.30596,
	3.72109 1.30482,
	3.71501 1.29988,
	3.70436 1.28771,
	3.69638 1.27555,
	3.69334 1.26947,
	3.68612 1.24514,
	3.68574 1.2421,
	3.6808 1.22993,
	3.67471 1.21777,
	3.67281 1.21473,
	3.66673 1.21054,
	3.66369 1.20902,
	3.66255 1.20826,
	3.66103 1.20902,
	3.65495 1.2094,
	3.65191 1.20978,
	3.65039 1.2094,
	3.64734 1.20712,
	3.64582 1.2056,
	3.64468 1.19952,
	3.6443 1.19648,
	3.64392 1.19496,
	3.64392 1.1942,
	"/>
</Transform>

<Transform dim="0"
 xcoef=" 0 1 0 0 0 0"
 ycoef=" 0 0 1 0 0 0">
<Contour name="Ea5(AZ1)" hidden="false" closed="true" simplified="true" border="1 0.501961 0.752941" fill="1 0.501961 1" mode="9"
 points="3.19837 1.74504,
	3.22275 1.71718,
	3.23494 1.70324,
	3.24191 1.69715,
	3.26978 1.6806,
	3.29764 1.66232,
	3.32551 1.64926,
	3.33944 1.6449,
	3.3464 1.64316,
	3.34989 1.64229,
	3.35163 1.64142,
	3.35424 1.64403,
	3.36295 1.6719,
	3.36382 1.67364,
	3.35163 1.68757,
	3.32376 1.7015,
	3.30983 1.70934,
	3.25497 1.7642,
	3.24975 1.77116,
	3.24714 1.77465,
	3.24017 1.779,
	3.23669 1.78074,
	3.22275 1.77987,
	3.2036 1.75201,
	3.20098 1.74852,
	3.19924 1.74678,
	3.19924 1.74591,
	"/>
</Transform>

</Section>