<?xml version="1.0"?>
<!DOCTYPE Section SYSTEM "section.dtd">

<Section index="22" thickness="0.05" alignLocked="true">
<Transform dim="6"
 xcoef=" 0.42826674906167 0.791507373339813 0.418408992367364 0 0 0"
 ycoef=" 2.40925163806596 -0.549063030565455 0.78257109292893 0 0 0">
<Image mag="0.0022159" contrast="1" brightness="0"
 src="R34CA1-B_S12.122.jpg" />
<Contour name="domain1" hidden="false" closed="true" simplified="false" border="1 0 1" fill="1 0 1" mode="11"
 points="0 0,
	4096 0,
	4096 4096,
	0 4096,
	"/>
</Transform>

<Transform dim="0"
 xcoef=" 0 1 0 0 0 0"
 ycoef=" 0 0 1 0 0 0">
<Contour name="Ed1" hidden="false" closed="true" simplified="true" border="0.541176 0.756863 0.0352941" fill="0.501961 1 1" mode="9"
 points="2.35298 2.39146,
	2.35571 2.36963,
	2.37482 2.34779,
	2.383 2.33688,
	2.38846 2.33142,
	2.39938 2.32596,
	2.40483 2.32596,
	2.41029 2.32323,
	2.42121 2.31232,
	2.4253 2.3014,
	2.42803 2.27957,
	2.43485 2.26866,
	2.45668 2.25365,
	2.4676 2.24819,
	2.47442 2.23727,
	2.49625 2.21954,
	2.51808 2.21544,
	2.53992 2.21681,
	2.58358 2.23318,
	2.60541 2.24137,
	2.62724 2.24546,
	2.64907 2.24546,
	2.65999 2.24682,
	2.6709 2.25501,
	2.675 2.26047,
	2.68182 2.2823,
	2.68318 2.29322,
	2.68318 2.29867,
	2.6559 2.34234,
	2.58221 2.42966,
	2.57949 2.43376,
	2.56857 2.44331,
	2.56721 2.44467,
	2.54128 2.47878,
	2.53036 2.4897,
	2.51945 2.49789,
	2.50853 2.50198,
	2.4867 2.50061,
	2.44304 2.48833,
	2.42121 2.48015,
	2.39938 2.46787,
	2.35981 2.4242,
	2.35571 2.41329,
	2.35298 2.39282,
	"/>
</Transform>

<Transform dim="0"
 xcoef=" 0 1 0 0 0 0"
 ycoef=" 0 0 1 0 0 0">
<Contour name="Ed4" hidden="false" closed="true" simplified="true" border="0.541176 0.756863 0.0352941" fill="0.501961 1 1" mode="9"
 points="1.54672 2.8775,
	1.54993 2.87429,
	1.55635 2.87108,
	1.55956 2.86947,
	1.56116 2.86867,
	1.574 2.86787,
	1.58041 2.86747,
	1.58362 2.86707,
	1.60929 2.8779,
	1.61571 2.8803,
	1.61892 2.88151,
	1.63176 2.8783,
	1.63817 2.87669,
	1.64138 2.87589,
	1.65422 2.86907,
	1.67989 2.84701,
	1.69272 2.83819,
	1.69914 2.83418,
	1.72481 2.82254,
	1.73765 2.81733,
	1.74406 2.81452,
	1.79541 2.78404,
	1.80182 2.78003,
	1.81707 2.75436,
	1.82469 2.74152,
	1.8283 2.7351,
	1.8295 2.7335,
	1.83592 2.72949,
	1.84233 2.72788,
	1.84554 2.72708,
	1.84635 2.72668,
	1.85276 2.72829,
	1.85597 2.72949,
	1.86881 2.72989,
	1.88164 2.72949,
	1.89448 2.72548,
	1.9009 2.72347,
	1.90731 2.72227,
	1.92015 2.72147,
	1.92657 2.72107,
	1.97791 2.74313,
	1.99074 2.74834,
	1.99716 2.75035,
	2.02283 2.75516,
	2.03567 2.75716,
	2.04208 2.75837,
	2.09343 2.75797,
	2.10626 2.75716,
	2.10947 2.75676,
	2.1223 2.75115,
	2.12872 2.74834,
	2.13193 2.74714,
	2.13354 2.74674,
	2.14637 2.74874,
	2.15279 2.74954,
	2.156 2.74994,
	2.18167 2.76158,
	2.18809 2.76479,
	2.18969 2.76559,
	2.19571 2.77842,
	2.19851 2.78484,
	2.19972 2.78805,
	2.20012 2.78965,
	2.19731 2.80249,
	2.19811 2.81532,
	2.19851 2.82174,
	2.19851 2.82335,
	2.20894 2.84902,
	2.22058 2.87469,
	2.22378 2.88111,
	2.24304 2.90678,
	2.24785 2.91319,
	2.27352 2.93566,
	2.28636 2.94608,
	2.29277 2.9513,
	2.29919 2.95571,
	2.31203 2.96293,
	2.31844 2.96654,
	2.33128 2.97536,
	2.3377 2.97978,
	2.36337 2.99341,
	2.3762 3.00304,
	2.38904 3.01387,
	2.40709 3.03954,
	2.41631 3.05238,
	2.42073 3.05879,
	2.42393 3.06521,
	2.42634 3.07805,
	2.42594 3.08126,
	2.41712 3.10693,
	2.4127 3.11976,
	2.4115 3.12297,
	2.4107 3.12458,
	2.4099 3.13099,
	2.4095 3.1342,
	2.40909 3.13581,
	2.41351 3.16148,
	2.41551 3.18715,
	2.42033 3.21282,
	2.42073 3.21603,
	2.41832 3.2417,
	2.41712 3.25453,
	2.41511 3.26737,
	2.40268 3.31871,
	2.40067 3.33155,
	2.40348 3.35722,
	2.40187 3.38289,
	2.40107 3.39572,
	2.39666 3.42139,
	2.39626 3.43423,
	2.38984 3.4599,
	2.38663 3.47273,
	2.38503 3.47915,
	2.38382 3.49199,
	2.38382 3.4984,
	2.38342 3.50161,
	2.38944 3.52728,
	2.39265 3.54012,
	2.39425 3.54654,
	2.39465 3.54975,
	2.39305 3.55616,
	2.39185 3.55937,
	2.38743 3.56579,
	2.3766 3.57862,
	2.37099 3.58504,
	2.36457 3.58986,
	2.35174 3.59667,
	2.3004 3.61994,
	2.28756 3.62515,
	2.27472 3.62916,
	2.26189 3.63157,
	2.25868 3.63197,
	2.20734 3.62636,
	2.18167 3.62355,
	2.16883 3.62235,
	2.14316 3.61472,
	2.13033 3.61031,
	2.12391 3.60831,
	2.1207 3.6067,
	2.1199 3.6059,
	2.11669 3.60831,
	2.11509 3.60951,
	2.11428 3.61031,
	2.08861 3.61232,
	2.0854 3.61312,
	2.05973 3.6063,
	2.03406 3.59587,
	2.02123 3.59066,
	1.99556 3.58304,
	1.98272 3.57903,
	1.9763 3.57742,
	1.97309 3.57622,
	1.96668 3.57542,
	1.95384 3.57502,
	1.94742 3.57461,
	1.89608 3.57742,
	1.87041 3.57742,
	1.85758 3.57742,
	1.83191 3.57903,
	1.81907 3.57983,
	1.81265 3.58023,
	1.79982 3.57822,
	1.78698 3.57542,
	1.77415 3.56579,
	1.76773 3.56098,
	1.76492 3.55777,
	1.75931 3.54493,
	1.7565 3.53851,
	1.75489 3.53531,
	1.75329 3.52247,
	1.75209 3.51605,
	1.75128 3.51284,
	1.74447 3.50001,
	1.74086 3.49359,
	1.73885 3.49038,
	1.68751 3.44466,
	1.66184 3.42219,
	1.649 3.41096,
	1.64258 3.40495,
	1.61691 3.39211,
	1.60408 3.3873,
	1.59766 3.38489,
	1.59124 3.38128,
	1.58483 3.37687,
	1.57961 3.37045,
	1.5768 3.36724,
	1.56678 3.34157,
	1.56076 3.32874,
	1.55514 3.30307,
	1.55354 3.29023,
	1.55314 3.28702,
	1.55274 3.28542,
	1.56437 3.25975,
	1.56758 3.25333,
	1.56918 3.25012,
	1.5748 3.2437,
	1.5772 3.24049,
	1.57921 3.23408,
	1.58122 3.22124,
	1.58162 3.21803,
	1.58122 3.21482,
	1.5772 3.20199,
	1.5748 3.19557,
	1.56156 3.1699,
	1.55555 3.15706,
	1.55314 3.15065,
	1.55234 3.14904,
	1.55113 3.13621,
	1.54953 3.08487,
	1.54873 3.0592,
	1.54833 3.05278,
	1.54592 3.03994,
	1.54592 3.03914,
	1.54431 3.02992,
	1.54431 3.02671,
	1.54271 3.0235,
	1.5407 3.01708,
	1.5399 3.01387,
	1.5387 2.9882,
	1.5387 2.98178,
	1.5387 2.98018,
	1.5379 2.97857,
	1.5379 2.97697,
	1.53709 2.97536,
	1.53709 2.97376,
	1.53629 2.97216,
	1.53589 2.96574,
	1.53549 2.96253,
	1.53469 2.96093,
	1.53469 2.90958,
	1.53469 2.90317,
	1.53589 2.89675,
	1.54151 2.88391,
	1.54391 2.8807,
	1.54552 2.8791,
	1.54632 2.8779,
	"/>
</Transform>

<Transform dim="0"
 xcoef=" 0 1 0 0 0 0"
 ycoef=" 0 0 1 0 0 0">
<Contour name="Ea5(mito1)" hidden="false" closed="true" simplified="true" border="0 0 1" fill="0 0 1" mode="9"
 points="2.61967 2.93013,
	2.62786 2.92706,
	2.63605 2.92706,
	2.64015 2.92604,
	2.65653 2.93013,
	2.67292 2.94037,
	2.6893 2.95471,
	2.70568 2.97109,
	2.71387 2.97826,
	2.72411 2.99464,
	2.72821 3.01103,
	2.72821 3.01512,
	2.73435 3.03151,
	2.73845 3.04277,
	2.74152 3.06018,
	2.74255 3.06837,
	2.75791 3.10114,
	2.76712 3.1339,
	2.76712 3.138,
	2.76917 3.1421,
	2.76917 3.17486,
	2.76917 3.18305,
	2.77224 3.19125,
	2.77326 3.19944,
	2.80398 3.26497,
	2.80603 3.28135,
	2.80706 3.28955,
	2.81422 3.30593,
	2.81627 3.31003,
	2.82139 3.34279,
	2.81934 3.37556,
	2.82139 3.40833,
	2.81832 3.44109,
	2.8173 3.45748,
	2.81115 3.49024,
	2.80398 3.50663,
	2.80296 3.52301,
	2.80398 3.53939,
	2.80501 3.54759,
	2.79989 3.56397,
	2.79272 3.58035,
	2.78862 3.58855,
	2.78043 3.59571,
	2.76405 3.6039,
	2.75586 3.60493,
	2.72309 3.62131,
	2.70773 3.65306,
	2.70056 3.66944,
	2.69749 3.67251,
	2.68111 3.67558,
	2.66472 3.67558,
	2.64834 3.67149,
	2.63196 3.66022,
	2.62479 3.65408,
	2.61967 3.6377,
	2.6166 3.57216,
	2.61557 3.55578,
	2.61455 3.54759,
	2.61455 3.54349,
	2.60533 3.52711,
	2.59305 3.51072,
	2.58588 3.49434,
	2.58281 3.48615,
	2.58178 3.47796,
	2.5869 3.46157,
	2.60226 3.42881,
	2.60943 3.41242,
	2.61148 3.40423,
	2.61148 3.39604,
	2.61865 3.37966,
	2.63503 3.3643,
	2.63912 3.36122,
	2.64629 3.34484,
	2.66472 3.31207,
	2.6678 3.30388,
	2.66472 3.2875,
	2.65039 3.25473,
	2.6422 3.23835,
	2.63708 3.23016,
	2.634 3.22196,
	2.63093 3.21787,
	2.60329 3.15336,
	2.58793 3.12059,
	2.58178 3.10421,
	2.57871 3.09602,
	2.57666 3.09192,
	2.57666 3.08373,
	2.57461 3.07554,
	2.57461 3.04277,
	2.57461 3.03458,
	2.57666 3.02639,
	2.57666 3.0182,
	2.57973 3.00181,
	2.58076 2.99362,
	2.59612 2.96085,
	2.60636 2.94447,
	2.61148 2.93628,
	2.61865 2.93116,
	"/>
</Transform>

<Transform dim="0"
 xcoef=" 0 1 0 0 0 0"
 ycoef=" 0 0 1 0 0 0">
<Contour name="Ea5(mito3)" hidden="false" closed="true" simplified="true" border="0 0 1" fill="0 0 1" mode="9"
 points="3.09227 1.97596,
	3.09681 1.95516,
	3.10526 1.93437,
	3.10851 1.92398,
	3.11046 1.91878,
	3.11761 1.90838,
	3.12865 1.88759,
	3.13385 1.87719,
	3.1501 1.83561,
	3.15854 1.81481,
	3.16244 1.80442,
	3.16829 1.79402,
	3.17154 1.78362,
	3.18713 1.76283,
	3.19038 1.75763,
	3.20013 1.74854,
	3.22027 1.72774,
	3.22872 1.71735,
	3.23132 1.71215,
	3.24691 1.69136,
	3.25536 1.68096,
	3.26121 1.67056,
	3.282 1.65497,
	3.2924 1.64717,
	3.29759 1.64392,
	3.30799 1.64067,
	3.31319 1.63873,
	3.32359 1.63938,
	3.32878 1.64197,
	3.33918 1.65042,
	3.34893 1.66017,
	3.35412 1.66537,
	3.35802 1.67056,
	3.36322 1.68096,
	3.36647 1.69136,
	3.36972 1.71215,
	3.37037 1.72255,
	3.36907 1.74334,
	3.35607 1.78492,
	3.35282 1.79532,
	3.33463 1.83691,
	3.33008 1.8473,
	3.31969 1.8577,
	3.30734 1.87849,
	3.2859 1.92008,
	3.27615 1.94087,
	3.25926 1.98246,
	3.25471 1.987,
	3.24431 1.99415,
	3.23392 2.0039,
	3.22872 2.00715,
	3.21832 2.01169,
	3.21312 2.01429,
	3.19233 2.02794,
	3.18648 2.03834,
	3.18453 2.04093,
	3.17414 2.04743,
	3.16894 2.05068,
	3.16634 2.05198,
	3.15594 2.05068,
	3.15334 2.05003,
	3.14295 2.04158,
	3.12216 2.02794,
	3.11176 2.01754,
	3.09552 1.99675,
	3.09227 1.97661,
	"/>
</Transform>

<Transform dim="0"
 xcoef=" 0 1 0 0 0 0"
 ycoef=" 0 0 1 0 0 0">
<Contour name="Ed9" hidden="false" closed="true" simplified="true" border="0.541 0.757 0.035" fill="0.502 1 1" mode="9"
 points="3.0318 1.42627,
	3.04619 1.38439,
	3.05011 1.37393,
	3.06713 1.3543,
	3.08806 1.3399,
	3.0933 1.33729,
	3.10638 1.31635,
	3.11685 1.29542,
	3.12208 1.29149,
	3.13255 1.28887,
	3.13517 1.28756,
	3.1561 1.29542,
	3.16134 1.29803,
	3.17704 1.31897,
	3.19143 1.36084,
	3.19798 1.38178,
	3.19928 1.42365,
	3.19536 1.43412,
	3.19405 1.45505,
	3.19405 1.46029,
	3.18751 1.47075,
	3.18489 1.47599,
	3.17442 1.48253,
	3.15349 1.48907,
	3.13255 1.49169,
	3.11161 1.49169,
	3.09068 1.49431,
	3.06974 1.49431,
	3.05927 1.49431,
	3.04881 1.48907,
	3.03965 1.47861,
	3.03572 1.47337,
	3.0318 1.45244,
	3.0318 1.4315,
	3.0318 1.42757,
	"/>
</Transform>

<Transform dim="0"
 xcoef=" 0 1 0 0 0 0"
 ycoef=" 0 0 1 0 0 0">
<Contour name="Ed10" hidden="false" closed="true" simplified="true" border="0.541 0.757 0.035" fill="0.502 1 1" mode="9"
 points="-0.0686159 3.72017,
	-0.0576629 3.68122,
	-0.0503609 3.64228,
	-0.0467099 3.62281,
	-0.0321059 3.58386,
	-0.0248039 3.56439,
	-0.00411498 3.52545,
	0.009272 3.50598,
	0.016574 3.49624,
	0.020225 3.49137,
	0.039697 3.48529,
	0.0494329 3.48407,
	0.0543009 3.48285,
	0.0640369 3.48772,
	0.0689049 3.49259,
	0.0774239 3.51206,
	0.0932449 3.53153,
	0.112717 3.54249,
	0.122453 3.54857,
	0.139491 3.56804,
	0.158963 3.58508,
	0.168699 3.59238,
	0.173567 3.59603,
	0.193039 3.59968,
	0.212511 3.59725,
	0.231983 3.59117,
	0.251455 3.57778,
	0.255106 3.53883,
	0.25754 3.51936,
	0.273361 3.48042,
	0.279446 3.46095,
	0.280663 3.44148,
	0.284314 3.422,
	0.285531 3.41227,
	0.300135 3.37332,
	0.320824 3.33438,
	0.33056 3.32586,
	0.350031 3.31369,
	0.359767 3.30639,
	0.398711 3.28813,
	0.418183 3.28083,
	0.496071 3.22972,
	0.505807 3.22363,
	0.583695 3.19808,
	0.603167 3.19077,
	0.622639 3.1786,
	0.640894 3.15913,
	0.670102 3.12019,
	0.676187 3.11045,
	0.693225 3.09098,
	0.696876 3.08124,
	0.702961 3.0423,
	0.701744 3.02283,
	0.700527 3.01309,
	0.702961 2.99362,
	0.704178 2.98388,
	0.722433 2.94494,
	0.740688 2.92547,
	0.76016 2.90843,
	0.799104 2.88044,
	0.818576 2.8707,
	0.828312 2.86583,
	0.847784 2.8488,
	0.85752 2.84149,
	0.928106 2.76361,
	0.946361 2.74414,
	0.985304 2.71128,
	0.99504 2.70276,
	1.01451 2.6918,
	1.05346 2.66381,
	1.06319 2.65651,
	1.06806 2.65408,
	1.07293 2.64921,
	1.15082 2.6127,
	1.17029 2.60296,
	1.20923 2.58836,
	1.21897 2.58593,
	1.25791 2.58471,
	1.29686 2.59079,
	1.30659 2.59323,
	1.34554 2.6127,
	1.36501 2.62122,
	1.38448 2.6273,
	1.39422 2.63095,
	1.43316 2.63582,
	1.45263 2.63339,
	1.4721 2.63461,
	1.49158 2.63947,
	1.53052 2.64312,
	1.54999 2.64434,
	1.56946 2.64799,
	1.58894 2.65529,
	1.5938 2.65651,
	1.61328 2.67477,
	1.62666 2.69424,
	1.64613 2.70763,
	1.66561 2.71858,
	1.68143 2.73805,
	1.68386 2.74779,
	1.67899 2.78673,
	1.67047 2.8062,
	1.66804 2.81107,
	1.64979 2.83054,
	1.6437 2.84028,
	1.62423 2.85366,
	1.60476 2.86097,
	1.59989 2.86218,
	1.56094 2.85245,
	1.54147 2.85245,
	1.522 2.8561,
	1.51226 2.86097,
	1.50253 2.86827,
	1.49279 2.88774,
	1.48914 2.92668,
	1.49279 2.96563,
	1.49401 3.00457,
	1.48792 3.02404,
	1.48306 3.03378,
	1.45141 3.07272,
	1.43316 3.0922,
	1.42464 3.10193,
	1.40639 3.14088,
	1.38083 3.21876,
	1.36014 3.25771,
	1.34919 3.27718,
	1.34188 3.29665,
	1.33702 3.31612,
	1.32971 3.3356,
	1.28955 3.41348,
	1.2786 3.43296,
	1.26156 3.45243,
	1.25548 3.4719,
	1.25304 3.49137,
	1.25304 3.51084,
	1.24574 3.53032,
	1.24209 3.54979,
	1.23844 3.62768,
	1.23357 3.64715,
	1.23236 3.66662,
	1.23114 3.67636,
	1.23479 3.69583,
	1.24087 3.7153,
	1.24331 3.72504,
	1.24331 3.74451,
	1.23722 3.78345,
	1.22627 3.8224,
	1.21775 3.86134,
	1.20923 3.88081,
	1.18368 3.91976,
	1.17881 3.92949,
	1.17151 3.93923,
	1.16299 3.9587,
	1.15934 3.96844,
	1.15934 3.98791,
	1.15934 3.99764,
	1.15934 4.00251,
	1.1569 4.00738,
	1.1569 4.01712,
	1.15325 4.02685,
	1.15082 4.03172,
	1.13134 4.05119,
	1.11187 4.06823,
	1.107 4.0731,
	1.02912 4.11447,
	1.00964 4.12786,
	0.999908 4.13516,
	0.990172 4.14003,
	0.985304 4.13881,
	0.965833 4.14612,
	0.960965 4.14612,
	0.951229 4.1522,
	0.946361 4.15342,
	0.926889 4.16681,
	0.907417 4.18628,
	0.902549 4.19115,
	0.883077 4.2021,
	0.863605 4.20697,
	0.824661 4.20332,
	0.785717 4.19601,
	0.766245 4.19236,
	0.756509 4.19358,
	0.746773 4.19845,
	0.727301 4.21427,
	0.717565 4.224,
	0.678621 4.25443,
	0.668885 4.26173,
	0.659149 4.2666,
	0.639677 4.26782,
	0.629941 4.26903,
	0.627507 4.27147,
	0.611686 4.28607,
	0.572742 4.31893,
	0.55327 4.33475,
	0.543534 4.34205,
	0.538666 4.34449,
	0.519194 4.36274,
	0.509458 4.36883,
	0.470514 4.3737,
	0.460778 4.37735,
	0.451042 4.38343,
	0.43157 4.40047,
	0.426702 4.40534,
	0.387758 4.42603,
	0.348814 4.44185,
	0.309871 4.44428,
	0.270927 4.44063,
	0.231983 4.42238,
	0.222247 4.41629,
	0.18452 4.37735,
	0.177218 4.36761,
	0.169916 4.34814,
	0.167482 4.3384,
	0.166265 4.33597,
	0.17235 4.3165,
	0.178435 4.30676,
	0.19669 4.28851,
	0.200341 4.26903,
	0.206426 4.24956,
	0.214945 4.23009,
	0.219813 4.22035,
	0.227115 4.21062,
	0.266059 4.17289,
	0.285531 4.15342,
	0.302569 4.13395,
	0.332994 4.095,
	0.340295 4.07553,
	0.342729 4.03659,
	0.340295 3.99764,
	0.332994 3.9587,
	0.326909 3.93923,
	0.290399 3.86134,
	0.28188 3.8516,
	0.262408 3.837,
	0.242936 3.82605,
	0.223464 3.81874,
	0.213728 3.81388,
	0.174784 3.80414,
	0.165048 3.80049,
	0.126104 3.81388,
	0.0871599 3.82483,
	0.0676879 3.82483,
	0.0482159 3.83335,
	0.009272 3.84552,
	0.00440401 3.84795,
	0.00197001 3.84917,
	-0.017502 3.83822,
	-0.0369739 3.82118,
	-0.0576629 3.78223,
	-0.0625309 3.7725,
	-0.0661819 3.75303,
	-0.0673989 3.73355,
	-0.0686159 3.72382,
	-0.0686159 3.72138,
	"/>
</Transform>

<Transform dim="0"
 xcoef=" 0 1 0 0 0 0"
 ycoef=" 0 0 1 0 0 0">
<Contour name="Ed10" hidden="false" closed="true" simplified="true" border="0.541 0.757 0.035" fill="0.502 1 1" mode="9"
 points="2.02885 3.7452,
	2.03074 3.74331,
	2.03832 3.73999,
	2.05347 3.73668,
	2.06862 3.73526,
	2.08377 3.73289,
	2.09892 3.72958,
	2.1065 3.72816,
	2.1368 3.71821,
	2.14438 3.71585,
	2.15195 3.71253,
	2.15574 3.71064,
	2.17089 3.70543,
	2.20119 3.70022,
	2.21634 3.69785,
	2.21824 3.69738,
	2.23339 3.70117,
	2.24097 3.70306,
	2.24475 3.70401,
	2.2599 3.7149,
	2.27458 3.7291,
	2.29163 3.75941,
	2.29589 3.76698,
	2.30204 3.78213,
	2.30394 3.78971,
	2.30441 3.7935,
	2.30299 3.80107,
	2.30252 3.80486,
	2.2992 3.81243,
	2.29778 3.81622,
	2.29542 3.82001,
	2.28926 3.82759,
	2.27411 3.8399,
	2.25896 3.85031,
	2.24381 3.85884,
	2.24002 3.85931,
	2.23244 3.85836,
	2.22866 3.85836,
	2.22108 3.85505,
	2.21445 3.84747,
	2.1922 3.81717,
	2.18652 3.80959,
	2.18367 3.80581,
	2.18225 3.80391,
	2.17468 3.80012,
	2.15953 3.79397,
	2.15195 3.79018,
	2.14816 3.78829,
	2.14627 3.78734,
	2.11597 3.78781,
	2.10082 3.79444,
	2.09703 3.79586,
	2.09513 3.79681,
	2.08756 3.79728,
	2.08377 3.79776,
	2.0762 3.79681,
	2.06862 3.7916,
	2.06246 3.78403,
	2.05962 3.77645,
	2.04873 3.7613,
	2.03358 3.75325,
	2.02979 3.75088,
	2.02885 3.74994,
	2.02885 3.74615,
	2.02885 3.74567,
	"/>
</Transform>

<Transform dim="0"
 xcoef=" 0 1 0 0 0 0"
 ycoef=" 0 0 1 0 0 0">
<Contour name="Ea5(v34)" hidden="false" closed="true" simplified="true" border="1 0 0" fill="1 1 1" mode="9"
 points="3.03959 2.01005,
	3.04051 2.00426,
	3.04317 1.99903,
	3.04732 1.99489,
	3.05254 1.99223,
	3.05833 1.99131,
	3.06412 1.99223,
	3.06934 1.99489,
	3.07349 1.99903,
	3.07615 2.00426,
	3.07707 2.01005,
	3.07615 2.01584,
	3.07349 2.02106,
	3.06934 2.02521,
	3.06412 2.02787,
	3.05833 2.02878,
	3.05254 2.02787,
	3.04732 2.02521,
	3.04317 2.02106,
	"/>
<Contour name="Ea5(v36)" hidden="false" closed="true" simplified="true" border="1 0 0" fill="1 1 1" mode="9"
 points="3.02835 1.94447,
	3.02927 1.9381,
	3.03193 1.93235,
	3.03607 1.92779,
	3.0413 1.92487,
	3.04709 1.92386,
	3.05288 1.92487,
	3.0581 1.92779,
	3.06225 1.93235,
	3.06491 1.9381,
	3.06582 1.94447,
	3.06491 1.95084,
	3.06225 1.95658,
	3.0581 1.96114,
	3.05288 1.96407,
	3.04709 1.96508,
	3.0413 1.96407,
	3.03607 1.96114,
	3.03193 1.95658,
	"/>
<Contour name="Ea5(v37)" hidden="false" closed="true" simplified="true" border="1 0 0" fill="1 1 1" mode="9"
 points="3.03397 1.85922,
	3.03493 1.85342,
	3.03772 1.84813,
	3.04208 1.84383,
	3.04765 1.8409,
	3.05391 1.8396,
	3.06031 1.84003,
	3.06629 1.84218,
	3.07131 1.84583,
	3.07493 1.85068,
	3.07683 1.85628,
	3.07683 1.86215,
	3.07493 1.86775,
	3.07131 1.8726,
	3.06629 1.87625,
	3.06031 1.8784,
	3.05391 1.87883,
	3.04765 1.87753,
	3.04208 1.8746,
	3.03772 1.8703,
	"/>
<Contour name="Ea5(v38)" hidden="false" closed="true" simplified="true" border="1 0 0" fill="1 1 1" mode="9"
 points="3.10517 1.77584,
	3.10609 1.76947,
	3.10875 1.76372,
	3.11289 1.75916,
	3.11812 1.75623,
	3.12391 1.75523,
	3.1297 1.75623,
	3.13492 1.75916,
	3.13907 1.76372,
	3.14173 1.76947,
	3.14264 1.77584,
	3.14173 1.78221,
	3.13907 1.78795,
	3.13492 1.79251,
	3.1297 1.79544,
	3.12391 1.79645,
	3.11812 1.79544,
	3.11289 1.79251,
	3.10875 1.78795,
	"/>
<Contour name="Ea5(v39)" hidden="false" closed="true" simplified="true" border="1 0 0" fill="1 1 1" mode="9"
 points="3.04147 1.77865,
	3.04234 1.77257,
	3.04487 1.76708,
	3.0488 1.76273,
	3.05377 1.75994,
	3.05927 1.75897,
	3.06477 1.75994,
	3.06973 1.76273,
	3.07367 1.76708,
	3.07619 1.77257,
	3.07707 1.77865,
	3.07619 1.78473,
	3.07367 1.79021,
	3.06973 1.79456,
	3.06477 1.79736,
	3.05927 1.79832,
	3.05377 1.79736,
	3.0488 1.79456,
	3.04487 1.79021,
	"/>
<Contour name="Ea5(v40)" hidden="false" closed="true" simplified="true" border="1 0 0" fill="1 1 1" mode="9"
 points="3.07144 1.73274,
	3.07227 1.72811,
	3.07467 1.72393,
	3.0784 1.72061,
	3.0831 1.71849,
	3.08831 1.71775,
	3.09352 1.71849,
	3.09822 1.72061,
	3.10195 1.72393,
	3.10435 1.72811,
	3.10517 1.73274,
	3.10435 1.73737,
	3.10195 1.74155,
	3.09822 1.74487,
	3.09352 1.747,
	3.08831 1.74773,
	3.0831 1.747,
	3.0784 1.74487,
	3.07467 1.74155,
	"/>
<Contour name="Ea5(v41)" hidden="false" closed="true" simplified="true" border="1 0 0" fill="1 1 1" mode="9"
 points="2.53182 2.71924,
	2.53274 2.71345,
	2.5354 2.70822,
	2.53955 2.70408,
	2.54477 2.70142,
	2.55056 2.7005,
	2.55635 2.70142,
	2.56157 2.70408,
	2.56572 2.70822,
	2.56838 2.71345,
	2.5693 2.71924,
	2.56838 2.72503,
	2.56572 2.73025,
	2.56157 2.73439,
	2.55635 2.73706,
	2.55056 2.73797,
	2.54477 2.73706,
	2.53955 2.73439,
	2.5354 2.73025,
	"/>
<Contour name="Ea5(v43)" hidden="false" closed="true" simplified="true" border="1 0 0" fill="1 1 1" mode="9"
 points="2.65361 2.8785,
	2.65449 2.87187,
	2.65703 2.86583,
	2.66102 2.86092,
	2.6661 2.85757,
	2.67182 2.85608,
	2.67766 2.85658,
	2.68312 2.85903,
	2.68771 2.86321,
	2.69101 2.86874,
	2.69274 2.87515,
	2.69274 2.88185,
	2.69101 2.88826,
	2.68771 2.89379,
	2.68312 2.89797,
	2.67766 2.90042,
	2.67182 2.90092,
	2.6661 2.89943,
	2.66102 2.89608,
	2.65703 2.89117,
	"/>
<Contour name="Ea5(v44)" hidden="false" closed="true" simplified="true" border="1 0 0" fill="1 1 1" mode="9"
 points="2.49622 3.09678,
	2.49696 3.09049,
	2.49912 3.0846,
	2.50257 3.07947,
	2.5071 3.07543,
	2.51241 3.07273,
	2.51817 3.07154,
	2.52403 3.07194,
	2.52962 3.0739,
	2.53457 3.07729,
	2.53859 3.08192,
	2.54142 3.08747,
	2.54288 3.09361,
	2.54288 3.09995,
	2.54142 3.1061,
	2.53859 3.11165,
	2.53457 3.11627,
	2.52962 3.11967,
	2.52403 3.12163,
	2.51817 3.12203,
	2.51241 3.12084,
	2.5071 3.11814,
	2.50257 3.1141,
	2.49912 3.10897,
	2.49696 3.10307,
	"/>
<Contour name="Ea5(v45)" hidden="false" closed="true" simplified="true" border="1 0 0" fill="1 1 1" mode="9"
 points="2.53744 3.1914,
	2.53821 3.18462,
	2.54046 3.17829,
	2.54403 3.17286,
	2.54869 3.16869,
	2.55411 3.16607,
	2.55993 3.16517,
	2.56575 3.16607,
	2.57117 3.16869,
	2.57583 3.17286,
	2.5794 3.17829,
	2.58165 3.18462,
	2.58241 3.1914,
	2.58165 3.19819,
	2.5794 3.20452,
	2.57583 3.20995,
	2.57117 3.21412,
	2.56575 3.21674,
	2.55993 3.21764,
	2.55411 3.21674,
	2.54869 3.21412,
	2.54403 3.20995,
	2.54046 3.20452,
	"/>
<Contour name="Ea5(v47)" hidden="false" closed="true" simplified="true" border="1 0 0" fill="1 1 1" mode="9"
 points="2.5693 3.24949,
	2.57035 3.2437,
	2.57341 3.23848,
	2.57818 3.23433,
	2.58419 3.23167,
	2.59084 3.23075,
	2.5975 3.23167,
	2.60351 3.23433,
	2.60828 3.23848,
	2.61134 3.2437,
	2.61239 3.24949,
	2.61134 3.25528,
	2.60828 3.2605,
	2.60351 3.26465,
	2.5975 3.26731,
	2.59084 3.26823,
	2.58419 3.26731,
	2.57818 3.26465,
	2.57341 3.2605,
	"/>
<Contour name="Ea5(v48)" hidden="false" closed="true" simplified="true" border="1 0 0" fill="1 1 1" mode="9"
 points="2.5618 3.30102,
	2.56268 3.29522,
	2.56522 3.28993,
	2.56921 3.28563,
	2.57429 3.2827,
	2.58001 3.2814,
	2.58585 3.28184,
	2.59131 3.28398,
	2.5959 3.28763,
	2.5992 3.29248,
	2.60093 3.29808,
	2.60093 3.30395,
	2.5992 3.30955,
	2.5959 3.3144,
	2.59131 3.31805,
	2.58585 3.3202,
	2.58001 3.32063,
	2.57429 3.31933,
	2.56921 3.3164,
	2.56522 3.3121,
	"/>
<Contour name="Ea5(v49)" hidden="false" closed="true" simplified="true" border="1 0 0" fill="1 1 1" mode="9"
 points="2.61239 3.32256,
	2.61331 3.31677,
	2.61597 3.31155,
	2.62012 3.3074,
	2.62534 3.30474,
	2.63113 3.30383,
	2.63692 3.30474,
	2.64214 3.3074,
	2.64629 3.31155,
	2.64895 3.31677,
	2.64987 3.32256,
	2.64895 3.32835,
	2.64629 3.33358,
	2.64214 3.33772,
	2.63692 3.34038,
	2.63113 3.3413,
	2.62534 3.34038,
	2.62012 3.33772,
	2.61597 3.33358,
	"/>
<Contour name="Ea5(v50)" hidden="false" closed="true" simplified="true" border="1 0 0" fill="1 1 1" mode="9"
 points="2.56555 3.36191,
	2.56642 3.3561,
	2.56897 3.35077,
	2.57299 3.34633,
	2.57815 3.34316,
	2.58403 3.34151,
	2.59016 3.34151,
	2.59605 3.34316,
	2.60121 3.34633,
	2.60522 3.35077,
	2.60777 3.3561,
	2.60864 3.36191,
	2.60777 3.36772,
	2.60522 3.37305,
	2.60121 3.37749,
	2.59605 3.38066,
	2.59016 3.38231,
	2.58403 3.38231,
	2.57815 3.38066,
	2.57299 3.37749,
	2.56897 3.37305,
	2.56642 3.36772,
	"/>
<Contour name="Ea5(v51)" hidden="false" closed="true" simplified="true" border="1 0 0" fill="1 1 1" mode="9"
 points="2.4981 3.24902,
	2.49897 3.24226,
	2.50152 3.23609,
	2.5055 3.23108,
	2.51058 3.22765,
	2.5163 3.22613,
	2.52215 3.22664,
	2.52761 3.22914,
	2.53219 3.23341,
	2.5355 3.23906,
	2.53723 3.2456,
	2.53723 3.25244,
	2.5355 3.25898,
	2.53219 3.26463,
	2.52761 3.2689,
	2.52215 3.2714,
	2.5163 3.27191,
	2.51058 3.27039,
	2.5055 3.26697,
	2.50152 3.26195,
	"/>
<Contour name="Ea5(v52)" hidden="false" closed="true" simplified="true" border="1 0 0" fill="1 1 1" mode="9"
 points="2.44938 3.26073,
	2.4503 3.25378,
	2.45296 3.24752,
	2.45711 3.24254,
	2.46233 3.23935,
	2.46812 3.23825,
	2.47391 3.23935,
	2.47913 3.24254,
	2.48328 3.24752,
	2.48594 3.25378,
	2.48686 3.26073,
	2.48594 3.26768,
	2.48328 3.27395,
	2.47913 3.27892,
	2.47391 3.28211,
	2.46812 3.28322,
	2.46233 3.28211,
	2.45711 3.27892,
	2.45296 3.27395,
	"/>
<Contour name="Ea5(v53)" hidden="false" closed="true" simplified="true" border="1 0 0" fill="1 1 1" mode="9"
 points="2.44376 3.38252,
	2.44456 3.37645,
	2.4469 3.37084,
	2.4506 3.36609,
	2.45539 3.36256,
	2.46092 3.36051,
	2.46678 3.36009,
	2.47252 3.36133,
	2.47773 3.36415,
	2.48202 3.36833,
	2.48507 3.37356,
	2.48665 3.37946,
	2.48665 3.38558,
	2.48507 3.39148,
	2.48202 3.39671,
	2.47773 3.40089,
	2.47252 3.40371,
	2.46678 3.40495,
	2.46092 3.40453,
	2.45539 3.40248,
	2.4506 3.39895,
	2.4469 3.3942,
	2.44456 3.38859,
	"/>
<Contour name="Ea5(v54)" hidden="false" closed="true" simplified="true" border="1 0 0" fill="1 1 1" mode="9"
 points="2.49248 3.35723,
	2.49335 3.35115,
	2.49588 3.34566,
	2.49981 3.34131,
	2.50478 3.33852,
	2.51028 3.33755,
	2.51578 3.33852,
	2.52074 3.34131,
	2.52468 3.34566,
	2.52721 3.35115,
	2.52808 3.35723,
	2.52721 3.36331,
	2.52468 3.36879,
	2.52074 3.37314,
	2.51578 3.37594,
	2.51028 3.3769,
	2.50478 3.37594,
	2.49981 3.37314,
	2.49588 3.36879,
	"/>
<Contour name="Ea5(v55)" hidden="false" closed="true" simplified="true" border="1 0 0" fill="1 1 1" mode="9"
 points="2.51121 3.4228,
	2.51209 3.41645,
	2.51463 3.41067,
	2.51862 3.40596,
	2.5237 3.40275,
	2.52942 3.40132,
	2.53526 3.4018,
	2.54072 3.40414,
	2.54531 3.40815,
	2.54861 3.41346,
	2.55034 3.41959,
	2.55034 3.42602,
	2.54861 3.43215,
	2.54531 3.43746,
	2.54072 3.44147,
	2.53526 3.44381,
	2.52942 3.44429,
	2.5237 3.44286,
	2.51862 3.43965,
	2.51463 3.43494,
	"/>
<Contour name="Ea5(v56)" hidden="false" closed="true" simplified="true" border="1 0 0" fill="1 1 1" mode="9"
 points="2.53557 3.49869,
	2.53645 3.49261,
	2.53899 3.48708,
	2.54298 3.48258,
	2.54806 3.4795,
	2.55377 3.47814,
	2.55962 3.4786,
	2.56508 3.48084,
	2.56967 3.48467,
	2.57297 3.48975,
	2.5747 3.49562,
	2.5747 3.50176,
	2.57297 3.50763,
	2.56967 3.51271,
	2.56508 3.51654,
	2.55962 3.51878,
	2.55377 3.51924,
	2.54806 3.51787,
	2.54298 3.5148,
	2.53899 3.5103,
	"/>
<Contour name="Ea5(v58)" hidden="false" closed="true" simplified="true" border="1 0 0" fill="1 1 1" mode="9"
 points="2.47749 3.47902,
	2.4784 3.47351,
	2.48107 3.46855,
	2.48521 3.46461,
	2.49043 3.46209,
	2.49622 3.46122,
	2.50201 3.46209,
	2.50724 3.46461,
	2.51138 3.46855,
	2.51404 3.47351,
	2.51496 3.47902,
	2.51404 3.48452,
	2.51138 3.48948,
	2.50724 3.49342,
	2.50201 3.49594,
	2.49622 3.49682,
	2.49043 3.49594,
	2.48521 3.49342,
	2.48107 3.48948,
	"/>
<Contour name="Ea5(v59)" hidden="false" closed="true" simplified="true" border="1 0 0" fill="1 1 1" mode="9"
 points="2.49997 3.52305,
	2.50093 3.51726,
	2.50373 3.51203,
	2.50808 3.50789,
	2.51357 3.50523,
	2.51964 3.50431,
	2.52572 3.50523,
	2.53121 3.50789,
	2.53556 3.51203,
	2.53836 3.51726,
	2.53932 3.52305,
	2.53836 3.52884,
	2.53556 3.53406,
	2.53121 3.53821,
	2.52572 3.54087,
	2.51964 3.54178,
	2.51357 3.54087,
	2.50808 3.53821,
	2.50373 3.53406,
	"/>
<Contour name="Ea5(v60)" hidden="false" closed="true" simplified="true" border="1 0 0" fill="1 1 1" mode="9"
 points="2.44751 3.55584,
	2.44834 3.54977,
	2.45078 3.54419,
	2.45462 3.53955,
	2.45956 3.53624,
	2.46519 3.53451,
	2.47105 3.53451,
	2.47668 3.53624,
	2.48162 3.53955,
	2.48546 3.54419,
	2.48789 3.54977,
	2.48873 3.55584,
	2.48789 3.56191,
	2.48546 3.56749,
	2.48162 3.57212,
	2.47668 3.57544,
	2.47105 3.57716,
	2.46519 3.57716,
	2.45956 3.57544,
	2.45462 3.57212,
	2.45078 3.56749,
	2.44834 3.56191,
	"/>
<Contour name="Ea5(v61)" hidden="false" closed="true" simplified="true" border="1 0 0" fill="1 1 1" mode="9"
 points="2.41753 3.48183,
	2.41831 3.47546,
	2.42057 3.46971,
	2.42409 3.46515,
	2.42853 3.46222,
	2.43346 3.46122,
	2.43838 3.46222,
	2.44282 3.46515,
	2.44634 3.46971,
	2.4486 3.47546,
	2.44938 3.48183,
	2.4486 3.48819,
	2.44634 3.49394,
	2.44282 3.4985,
	2.43838 3.50143,
	2.43346 3.50244,
	2.42853 3.50143,
	2.42409 3.4985,
	2.42057 3.49394,
	"/>
<Contour name="Ea5(v62)" hidden="false" closed="true" simplified="true" border="1 0 0" fill="1 1 1" mode="9"
 points="2.44563 3.73852,
	2.44651 3.73245,
	2.44905 3.72691,
	2.45304 3.72241,
	2.45812 3.71933,
	2.46384 3.71797,
	2.46969 3.71843,
	2.47514 3.72067,
	2.47973 3.7245,
	2.48303 3.72958,
	2.48476 3.73545,
	2.48476 3.74159,
	2.48303 3.74746,
	2.47973 3.75254,
	2.47514 3.75637,
	2.46969 3.75861,
	2.46384 3.75907,
	2.45812 3.75771,
	2.45304 3.75463,
	2.44905 3.75013,
	"/>
</Transform>

<Transform dim="0"
 xcoef=" 0 1 0 0 0 0"
 ycoef=" 0 0 1 0 0 0">
<Contour name="Ea1(v3)" hidden="false" closed="true" simplified="true" border="0.996078 0.270588 0.027451" fill="1 0 0" mode="9"
 points="2.2517 2.24559,
	2.25202 2.24163,
	2.25297 2.23782,
	2.25451 2.23431,
	2.25658 2.23124,
	2.2591 2.22871,
	2.26198 2.22683,
	2.26511 2.22568,
	2.26836 2.22529,
	2.27161 2.22568,
	2.27474 2.22683,
	2.27762 2.22871,
	2.28014 2.23124,
	2.28221 2.23431,
	2.28375 2.23782,
	2.2847 2.24163,
	2.28502 2.24559,
	2.2847 2.24956,
	2.28375 2.25337,
	2.28221 2.25688,
	2.28014 2.25995,
	2.27762 2.26248,
	2.27474 2.26435,
	2.27161 2.26551,
	2.26836 2.2659,
	2.26511 2.26551,
	2.26198 2.26435,
	2.2591 2.26248,
	2.25658 2.25995,
	2.25451 2.25688,
	2.25297 2.25337,
	"/>
<Contour name="Ea1(v4)" hidden="false" closed="true" simplified="true" border="0.996078 0.270588 0.027451" fill="1 0 0" mode="9"
 points="2.2996 2.22789,
	2.29989 2.22427,
	2.30076 2.22076,
	2.30218 2.21748,
	2.3041 2.21453,
	2.30646 2.21202,
	2.30919 2.21001,
	2.31219 2.20858,
	2.31538 2.20777,
	2.31864 2.20761,
	2.32188 2.2081,
	2.32498 2.20922,
	2.32786 2.21095,
	2.33042 2.21322,
	2.33257 2.21596,
	2.33424 2.21908,
	2.33539 2.22249,
	2.33597 2.22607,
	2.33597 2.22971,
	2.33539 2.23329,
	2.33424 2.2367,
	2.33257 2.23983,
	2.33042 2.24257,
	2.32786 2.24484,
	2.32498 2.24656,
	2.32188 2.24769,
	2.31864 2.24818,
	2.31538 2.24801,
	2.31219 2.2472,
	2.30919 2.24577,
	2.30646 2.24377,
	2.3041 2.24125,
	2.30218 2.23831,
	2.30076 2.23503,
	"/>
<Contour name="Ea1(v5)" hidden="false" closed="true" simplified="true" border="0.996078 0.270588 0.027451" fill="1 0 0" mode="9"
 points="2.19447 2.21153,
	2.19558 2.20584,
	2.19882 2.2007,
	2.20386 2.19662,
	2.21021 2.194,
	2.21725 2.19309,
	2.22429 2.194,
	2.23064 2.19662,
	2.23568 2.2007,
	2.23891 2.20584,
	2.24003 2.21153,
	2.23891 2.21723,
	2.23568 2.22237,
	2.23064 2.22645,
	2.22429 2.22907,
	2.21725 2.22997,
	2.21021 2.22907,
	2.20386 2.22645,
	2.19882 2.22237,
	"/>
<Contour name="Ea1(v6)" hidden="false" closed="true" simplified="true" border="0.996078 0.270588 0.027451" fill="1 0 0" mode="9"
 points="2.2422 2.17899,
	2.24316 2.17196,
	2.24598 2.1655,
	2.25043 2.16014,
	2.25615 2.1563,
	2.26266 2.1543,
	2.26946 2.1543,
	2.27597 2.1563,
	2.28169 2.16014,
	2.28614 2.1655,
	2.28896 2.17196,
	2.28992 2.17899,
	2.28896 2.18602,
	2.28614 2.19248,
	2.28169 2.19785,
	2.27597 2.20169,
	2.26946 2.20369,
	2.26266 2.20369,
	2.25615 2.20169,
	2.25043 2.19785,
	2.24598 2.19248,
	2.24316 2.18602,
	"/>
<Contour name="Ea1(v7)" hidden="false" closed="true" simplified="true" border="0.996078 0.270588 0.027451" fill="1 0 0" mode="9"
 points="2.29426 2.16706,
	2.29522 2.16103,
	2.29799 2.15558,
	2.30231 2.15127,
	2.30775 2.14849,
	2.31379 2.14754,
	2.31982 2.14849,
	2.32526 2.15127,
	2.32958 2.15558,
	2.33236 2.16103,
	2.33331 2.16706,
	2.33236 2.17309,
	2.32958 2.17854,
	2.32526 2.18286,
	2.31982 2.18563,
	2.31379 2.18659,
	2.30775 2.18563,
	2.30231 2.18286,
	2.29799 2.17854,
	"/>
<Contour name="Ea1(v8)" hidden="false" closed="true" simplified="true" border="0.996078 0.270588 0.027451" fill="1 0 0" mode="9"
 points="2.30728 2.1215,
	2.30818 2.11614,
	2.3108 2.1113,
	2.31488 2.10746,
	2.32002 2.105,
	2.32572 2.10415,
	2.33142 2.105,
	2.33656 2.10746,
	2.34064 2.1113,
	2.34326 2.11614,
	2.34416 2.1215,
	2.34326 2.12687,
	2.34064 2.1317,
	2.33656 2.13554,
	2.33142 2.13801,
	2.32572 2.13886,
	2.32002 2.13801,
	2.31488 2.13554,
	2.3108 2.1317,
	"/>
<Contour name="Ea1(v9)" hidden="false" closed="true" simplified="true" border="0.996078 0.270588 0.027451" fill="1 0 0" mode="9"
 points="2.35718 2.15513,
	2.35797 2.14943,
	2.36028 2.14429,
	2.36388 2.14021,
	2.36842 2.13759,
	2.37345 2.13669,
	2.37847 2.13759,
	2.38301 2.14021,
	2.38661 2.14429,
	2.38892 2.14943,
	2.38972 2.15513,
	2.38892 2.16083,
	2.38661 2.16597,
	2.38301 2.17005,
	2.37847 2.17267,
	2.37345 2.17357,
	2.36842 2.17267,
	2.36388 2.17005,
	2.36028 2.16597,
	"/>
<Contour name="Ea1(v10)" hidden="false" closed="true" simplified="true" border="0.996078 0.270588 0.027451" fill="1 0 0" mode="9"
 points="2.33765 2.05425,
	2.33861 2.04755,
	2.34138 2.0415,
	2.3457 2.0367,
	2.35114 2.03362,
	2.35718 2.03256,
	2.36321 2.03362,
	2.36865 2.0367,
	2.37297 2.0415,
	2.37575 2.04755,
	2.3767 2.05425,
	2.37575 2.06095,
	2.37297 2.067,
	2.36865 2.0718,
	2.36321 2.07488,
	2.35718 2.07594,
	2.35114 2.07488,
	2.3457 2.0718,
	2.34138 2.067,
	"/>
<Contour name="Ea1(v11)" hidden="false" closed="true" simplified="true" border="0.996078 0.270588 0.027451" fill="1 0 0" mode="9"
 points="2.30728 2.00327,
	2.30823 1.99824,
	2.31101 1.99371,
	2.31533 1.99011,
	2.32077 1.98779,
	2.3268 1.987,
	2.33284 1.98779,
	2.33828 1.99011,
	2.3426 1.99371,
	2.34537 1.99824,
	2.34633 2.00327,
	2.34537 2.0083,
	2.3426 2.01283,
	2.33828 2.01643,
	2.33284 2.01874,
	2.3268 2.01954,
	2.32077 2.01874,
	2.31533 2.01643,
	2.31101 2.01283,
	"/>
<Contour name="Ea1(v12)" hidden="false" closed="true" simplified="true" border="0.996078 0.270588 0.027451" fill="1 0 0" mode="9"
 points="2.33548 1.95663,
	2.33649 1.94992,
	2.33942 1.94387,
	2.34398 1.93908,
	2.34972 1.93599,
	2.35609 1.93493,
	2.36246 1.93599,
	2.36821 1.93908,
	2.37276 1.94387,
	2.37569 1.94992,
	2.3767 1.95663,
	2.37569 1.96333,
	2.37276 1.96938,
	2.36821 1.97418,
	2.36246 1.97726,
	2.35609 1.97832,
	2.34972 1.97726,
	2.34398 1.97418,
	2.33942 1.96938,
	"/>
<Contour name="Ea1(v13)" hidden="false" closed="true" simplified="true" border="0.996078 0.270588 0.027451" fill="1 0 0" mode="9"
 points="2.18362 2.12259,
	2.18463 2.11689,
	2.18756 2.11175,
	2.19212 2.10767,
	2.19786 2.10505,
	2.20423 2.10415,
	2.2106 2.10505,
	2.21634 2.10767,
	2.2209 2.11175,
	2.22383 2.11689,
	2.22484 2.12259,
	2.22383 2.12829,
	2.2209 2.13343,
	2.21634 2.13751,
	2.2106 2.14013,
	2.20423 2.14103,
	2.19786 2.14013,
	2.19212 2.13751,
	2.18756 2.13343,
	"/>
<Contour name="Ea1(v14)" hidden="false" closed="true" simplified="true" border="0.996078 0.270588 0.027451" fill="1 0 0" mode="9"
 points="2.25738 2.09655,
	2.25839 2.08952,
	2.26132 2.08317,
	2.26588 2.07813,
	2.27162 2.07489,
	2.27799 2.07378,
	2.28436 2.07489,
	2.29011 2.07813,
	2.29467 2.08317,
	2.29759 2.08952,
	2.2986 2.09655,
	2.29759 2.10359,
	2.29467 2.10994,
	2.29011 2.11498,
	2.28436 2.11822,
	2.27799 2.11933,
	2.27162 2.11822,
	2.26588 2.11498,
	2.26132 2.10994,
	"/>
<Contour name="Ea1(v15)" hidden="false" closed="true" simplified="true" border="0.996078 0.270588 0.027451" fill="1 0 0" mode="9"
 points="2.19447 2.06293,
	2.19532 2.05622,
	2.19778 2.05018,
	2.20162 2.04538,
	2.20646 2.0423,
	2.21182 2.04123,
	2.21719 2.0423,
	2.22203 2.04538,
	2.22586 2.05018,
	2.22833 2.05622,
	2.22918 2.06293,
	2.22833 2.06963,
	2.22586 2.07568,
	2.22203 2.08048,
	2.21719 2.08356,
	2.21182 2.08462,
	2.20646 2.08356,
	2.20162 2.08048,
	2.19778 2.07568,
	"/>
<Contour name="Ea1(v16)" hidden="false" closed="true" simplified="true" border="0.996078 0.270588 0.027451" fill="1 0 0" mode="9"
 points="2.22484 2.02605,
	2.2258 2.02001,
	2.22857 2.01457,
	2.23289 2.01025,
	2.23833 2.00748,
	2.24437 2.00652,
	2.2504 2.00748,
	2.25584 2.01025,
	2.26016 2.01457,
	2.26293 2.02001,
	2.26389 2.02605,
	2.26293 2.03208,
	2.26016 2.03752,
	2.25584 2.04184,
	2.2504 2.04462,
	2.24437 2.04557,
	2.23833 2.04462,
	2.23289 2.04184,
	2.22857 2.03752,
	"/>
<Contour name="Ea1(v17)" hidden="false" closed="true" simplified="true" border="0.996078 0.270588 0.027451" fill="1 0 0" mode="9"
 points="2.13372 2.07269,
	2.13463 2.06632,
	2.13725 2.06058,
	2.14133 2.05602,
	2.14647 2.05309,
	2.15216 2.05208,
	2.15786 2.05309,
	2.163 2.05602,
	2.16708 2.06058,
	2.1697 2.06632,
	2.1706 2.07269,
	2.1697 2.07906,
	2.16708 2.0848,
	2.163 2.08936,
	2.15786 2.09229,
	2.15216 2.0933,
	2.14647 2.09229,
	2.14133 2.08936,
	2.13725 2.0848,
	"/>
</Transform>

<Transform dim="0"
 xcoef=" 0 1 0 0 0 0"
 ycoef=" 0 0 1 0 0 0">
<Contour name="Ed2" hidden="false" closed="true" simplified="true" border="0.541176 0.756863 0.0352941" fill="0.501961 1 1" mode="9"
 points="-0.170277 1.32596,
	-0.161488 1.30838,
	-0.126334 1.28971,
	-0.108757 1.28202,
	-0.0736035 1.27982,
	-0.0560266 1.28092,
	-0.0384496 1.28751,
	-0.00329568 1.2963,
	0.0054928 1.2985,
	0.0406467 1.2963,
	0.0582237 1.29081,
	0.0758006 1.28312,
	0.0801949 1.28202,
	0.082392 1.28092,
	0.0867862 1.28202,
	0.0889834 1.28312,
	0.124137 1.26225,
	0.132926 1.26115,
	0.150503 1.26334,
	0.154897 1.26334,
	0.163685 1.26774,
	0.180164 1.28312,
	0.188952 1.28751,
	0.197741 1.28861,
	0.206529 1.28751,
	0.224106 1.27763,
	0.232895 1.26994,
	0.23619 1.26554,
	0.239486 1.24796,
	0.23619 1.23039,
	0.23619 1.21281,
	0.239486 1.20402,
	0.241683 1.19963,
	0.250472 1.19084,
	0.25926 1.18535,
	0.276837 1.18315,
	0.294414 1.18425,
	0.311991 1.19413,
	0.329568 1.20182,
	0.347145 1.21171,
	0.364722 1.2238,
	0.37351 1.22929,
	0.391087 1.24577,
	0.398777 1.25456,
	0.408664 1.27213,
	0.420748 1.30729,
	0.428438 1.32486,
	0.439424 1.34244,
	0.452607 1.36002,
	0.467987 1.37759,
	0.50314 1.40286,
	0.520717 1.41495,
	0.591025 1.43362,
	0.599814 1.43911,
	0.604208 1.44131,
	0.608602 1.4457,
	0.612996 1.45449,
	0.622883 1.48965,
	0.626179 1.49844,
	0.631672 1.50722,
	0.665727 1.5281,
	0.683304 1.53798,
	0.718458 1.56325,
	0.727247 1.57094,
	0.744824 1.58083,
	0.762401 1.58852,
	0.779978 1.5984,
	0.806343 1.63356,
	0.810737 1.63795,
	0.845891 1.65773,
	0.863468 1.66981,
	0.877749 1.68629,
	0.894228 1.70167,
	0.908509 1.71925,
	0.9151 1.72803,
	0.924987 1.74561,
	0.948057 1.78077,
	0.954649 1.78955,
	0.963437 1.79505,
	0.972226 1.80274,
	0.97662 1.80713,
	0.981014 1.81592,
	0.992 1.85107,
	1.00189 1.86865,
	1.03594 1.90271,
	1.04034 1.9071,
	1.04363 1.91589,
	1.06011 1.92358,
	1.07769 1.93456,
	1.09526 1.94006,
	1.11284 1.94116,
	1.12163 1.94116,
	1.13921 1.93566,
	1.1436 1.93347,
	1.17875 1.90051,
	1.18644 1.88293,
	1.18974 1.87414,
	1.19523 1.86535,
	1.20182 1.84778,
	1.21611 1.8302,
	1.23368 1.81812,
	1.25126 1.80933,
	1.26005 1.80493,
	1.27763 1.80384,
	1.28641 1.80274,
	1.30399 1.80603,
	1.33914 1.81702,
	1.3743 1.82031,
	1.44461 1.82141,
	1.46218 1.82141,
	1.47976 1.81922,
	1.48415 1.81922,
	1.48855 1.81702,
	1.50063 1.79944,
	1.50503 1.79065,
	1.50613 1.78186,
	1.50173 1.76429,
	1.49953 1.74671,
	1.49953 1.73792,
	1.50283 1.72913,
	1.50832 1.72034,
	1.51601 1.71156,
	1.55117 1.69068,
	1.55996 1.68739,
	1.63026 1.6819,
	1.66542 1.6753,
	1.70057 1.67421,
	1.73572 1.66871,
	1.7533 1.66432,
	1.78846 1.66102,
	1.79724 1.65992,
	1.8324 1.66761,
	1.84997 1.67201,
	1.86755 1.67421,
	1.87634 1.67421,
	1.89392 1.6786,
	1.92907 1.69508,
	1.94665 1.70387,
	1.96423 1.71595,
	1.9818 1.73023,
	1.99059 1.73572,
	1.99718 1.74451,
	1.99938 1.74891,
	2.01586 1.76539,
	2.05101 1.77747,
	2.06859 1.78296,
	2.08617 1.79175,
	2.10374 1.80274,
	2.12132 1.81153,
	2.15647 1.82031,
	2.17405 1.8291,
	2.18284 1.8346,
	2.19163 1.84229,
	2.2103 1.87744,
	2.22019 1.89502,
	2.22458 1.9038,
	2.22678 1.91259,
	2.22788 1.91699,
	2.22568 1.92578,
	2.2158 1.94335,
	2.20701 1.95104,
	2.18943 1.95983,
	2.18064 1.96423,
	2.16306 1.96752,
	2.15428 1.96972,
	2.1367 1.97851,
	2.12791 1.984,
	2.11363 2.00158,
	2.08946 2.03673,
	2.08067 2.05431,
	2.07628 2.07188,
	2.07408 2.07628,
	2.07628 2.07738,
	2.07518 2.08617,
	2.07079 2.09056,
	2.062 2.10814,
	2.0587 2.11253,
	2.05211 2.13011,
	2.05101 2.1389,
	2.0565 2.17405,
	2.0609 2.19163,
	2.06749 2.2092,
	2.07188 2.22678,
	2.06969 2.23557,
	2.06969 2.23777,
	2.05211 2.25425,
	2.04772 2.25754,
	2.03014 2.26084,
	2.02574 2.26084,
	2.00817 2.26853,
	1.99059 2.27182,
	1.95544 2.26962,
	1.95104 2.26962,
	1.93347 2.26084,
	1.89831 2.23996,
	1.88073 2.23118,
	1.86316 2.22568,
	1.84558 2.22458,
	1.83679 2.22349,
	1.80164 2.23008,
	1.76648 2.23118,
	1.7577 2.23008,
	1.74012 2.21909,
	1.70497 2.19163,
	1.70057 2.18723,
	1.68299 2.17954,
	1.6786 2.17844,
	1.64345 2.15208,
	1.62697 2.1356,
	1.5995 2.10045,
	1.59401 2.08287,
	1.59071 2.06529,
	1.58962 2.04772,
	1.59181 2.03014,
	1.59071 2.02574,
	1.57314 2.01256,
	1.56435 2.00707,
	1.5292 2.00597,
	1.51162 2.00487,
	1.47646 1.99938,
	1.46768 1.99828,
	1.45889 1.99938,
	1.42373 2.01696,
	1.40616 2.02574,
	1.371 2.0565,
	1.36221 2.062,
	1.35782 2.0631,
	1.35343 2.06639,
	1.33585 2.07298,
	1.26554 2.08507,
	1.23039 2.08617,
	1.21281 2.09056,
	1.19523 2.10045,
	1.17766 2.11473,
	1.1425 2.1334,
	1.13811 2.1356,
	1.13481 2.13999,
	1.12602 2.14329,
	1.12163 2.14549,
	1.08648 2.14659,
	1.07769 2.14659,
	1.06011 2.1378,
	1.02496 2.11693,
	1.01617 2.11253,
	0.998591 2.11033,
	0.963437 2.11473,
	0.928283 2.13121,
	0.910706 2.14109,
	0.901918 2.14659,
	0.866764 2.17625,
	0.86237 2.18064,
	0.844793 2.2158,
	0.832708 2.23337,
	0.826117 2.24216,
	0.817329 2.24985,
	0.80854 2.25534,
	0.804146 2.25754,
	0.801949 2.25864,
	0.766795 2.24106,
	0.758006 2.23667,
	0.740429 2.23227,
	0.722852 2.23337,
	0.705275 2.23777,
	0.696487 2.23996,
	0.67891 2.23777,
	0.661333 2.23996,
	0.652545 2.24216,
	0.643756 2.24216,
	0.608602 2.23447,
	0.591025 2.22898,
	0.573448 2.22019,
	0.542689 2.18504,
	0.539393 2.18064,
	0.530604 2.17515,
	0.515225 2.15757,
	0.506436 2.15098,
	0.497648 2.14219,
	0.484465 2.12461,
	0.475676 2.11583,
	0.440523 2.04552,
	0.422946 2.01036,
	0.414157 1.99279,
	0.410861 1.984,
	0.400974 1.96642,
	0.392186 1.95873,
	0.385595 1.94994,
	0.375708 1.93237,
	0.361426 1.91479,
	0.352638 1.906,
	0.339455 1.88842,
	0.321878 1.87085,
	0.31309 1.86206,
	0.295513 1.84888,
	0.277936 1.8335,
	0.248275 1.79834,
	0.223008 1.76319,
	0.214219 1.74561,
	0.208726 1.72803,
	0.206529 1.71046,
	0.194445 1.6753,
	0.186755 1.65773,
	0.176868 1.64015,
	0.171375 1.63136,
	0.153798 1.61488,
	0.135123 1.57973,
	0.127433 1.57094,
	0.109856 1.55776,
	0.101068 1.55117,
	0.0659136 1.53139,
	0.0307597 1.51382,
	-0.00439424 1.49953,
	-0.0219712 1.49075,
	-0.0395482 1.48415,
	-0.0571251 1.47427,
	-0.092279 1.4501,
	-0.109856 1.43911,
	-0.14501 1.41055,
	-0.154897 1.39297,
	-0.159291 1.3754,
	-0.16039 1.36661,
	-0.166981 1.34903,
	-0.170277 1.33145,
	-0.170277 1.32706,
	"/>
</Transform>

<Transform dim="0"
 xcoef=" 0 1 0 0 0 0"
 ycoef=" 0 0 1 0 0 0">
<Contour name="Ea2(v1)" hidden="false" closed="true" simplified="true" border="0.611765 0.27451 0.643137" fill="0.458824 0.729412 1" mode="9"
 points="0.491716 -0.14541,
	0.492424 -0.150776,
	0.494484 -0.155665,
	0.497714 -0.159644,
	0.501826 -0.162357,
	0.506456 -0.163564,
	0.511191 -0.163159,
	0.515611 -0.161176,
	0.519323 -0.157793,
	0.521998 -0.153309,
	0.523398 -0.148123,
	0.523398 -0.142697,
	0.521998 -0.137511,
	0.519323 -0.133027,
	0.515611 -0.129644,
	0.511191 -0.127661,
	0.506456 -0.127255,
	0.501826 -0.128463,
	0.497714 -0.131176,
	0.494484 -0.135154,
	"/>
</Transform>

<Transform dim="0"
 xcoef=" 0 1 0 0 0 0"
 ycoef=" 0 0 1 0 0 0">
<Contour name="Ea5(ER)" hidden="false" closed="true" simplified="true" border="0 0.882 0.882" fill="0.502 1 1" mode="9"
 points="2.75095 2.56134,
	2.75634 2.54698,
	2.75768 2.54339,
	2.76486 2.53621,
	2.77653 2.52185,
	2.7837 2.51557,
	2.78729 2.51198,
	2.79268 2.5048,
	2.79986 2.49763,
	2.80703 2.49359,
	2.82139 2.48775,
	2.82857 2.48506,
	2.83575 2.48327,
	2.83934 2.48237,
	2.8537 2.47295,
	2.86087 2.46801,
	2.86805 2.46173,
	2.87164 2.45859,
	2.87254 2.45769,
	2.87972 2.4559,
	2.88331 2.45545,
	2.8851 2.45455,
	2.89228 2.4568,
	2.90664 2.45096,
	2.91382 2.44827,
	2.92099 2.44872,
	2.92458 2.44917,
	2.92638 2.44917,
	2.93356 2.45231,
	2.94074 2.45635,
	2.94433 2.45994,
	2.94791 2.46712,
	2.94971 2.47071,
	2.95689 2.47474,
	2.96048 2.47609,
	2.96407 2.47385,
	2.97035 2.46667,
	2.97573 2.45949,
	2.97798 2.4559,
	2.99233 2.44513,
	3.00669 2.43616,
	3.02105 2.42853,
	3.02823 2.42449,
	3.03137 2.4209,
	3.03989 2.40655,
	3.04393 2.39937,
	3.04931 2.39219,
	3.05156 2.3886,
	3.06367 2.37424,
	3.07803 2.36078,
	3.08386 2.3536,
	3.08655 2.35001,
	3.08835 2.34284,
	3.0888 2.33925,
	3.09194 2.33207,
	3.09687 2.32489,
	3.09956 2.3213,
	3.10315 2.31906,
	3.10674 2.31771,
	3.11033 2.31726,
	3.12469 2.30964,
	3.13187 2.30649,
	3.13905 2.30515,
	3.14084 2.3047,
	3.14712 2.29797,
	3.1543 2.29079,
	3.15744 2.2872,
	3.15968 2.28361,
	3.16641 2.27823,
	3.16821 2.27733,
	3.17629 2.26297,
	3.18077 2.24862,
	3.18301 2.24144,
	3.18526 2.23785,
	3.19154 2.23067,
	3.19872 2.22439,
	3.20231 2.2208,
	3.20679 2.21362,
	3.21038 2.21003,
	3.21756 2.20644,
	3.22115 2.20465,
	3.22474 2.20106,
	3.22743 2.19747,
	3.22878 2.19567,
	3.22923 2.19478,
	3.22743 2.19119,
	3.22429 2.1876,
	3.2207 2.18042,
	3.22025 2.17952,
	3.22339 2.17234,
	3.22519 2.16875,
	3.23237 2.16517,
	3.23596 2.16472,
	3.23955 2.16517,
	3.24673 2.1692,
	3.25031 2.17145,
	3.25301 2.17504,
	3.2548 2.17683,
	3.25525 2.17863,
	3.2548 2.18221,
	3.25435 2.18311,
	3.25839 2.19029,
	3.26198 2.19164,
	3.26916 2.19029,
	3.27634 2.1876,
	3.29069 2.18491,
	3.29787 2.18446,
	3.30505 2.18491,
	3.30864 2.18625,
	3.31223 2.18894,
	3.31403 2.18984,
	3.31492 2.19074,
	3.31806 2.19567,
	3.31896 2.19971,
	3.31851 2.2033,
	3.31268 2.21048,
	3.3055 2.21497,
	3.29832 2.21856,
	3.29114 2.21766,
	3.26243 2.21811,
	3.25525 2.22035,
	3.24807 2.22394,
	3.24089 2.22663,
	3.21218 2.24817,
	3.205 2.254,
	3.2032 2.2558,
	3.19603 2.27015,
	3.19109 2.27733,
	3.18436 2.28451,
	3.17718 2.28945,
	3.17359 2.29259,
	3.16866 2.29976,
	3.16103 2.31412,
	3.15699 2.3213,
	3.14981 2.32758,
	3.13546 2.33431,
	3.12828 2.3397,
	3.11392 2.35181,
	3.10674 2.35674,
	3.10315 2.35854,
	3.0879 2.38681,
	3.07982 2.40116,
	3.07534 2.40834,
	3.06412 2.4227,
	3.05425 2.43706,
	3.04842 2.44423,
	3.04124 2.45096,
	3.02688 2.45904,
	3.0197 2.46218,
	3.00534 2.46622,
	2.99817 2.46667,
	2.99099 2.46936,
	2.97663 2.48058,
	2.96945 2.48731,
	2.94074 2.50391,
	2.89497 2.56089,
	2.88959 2.56807,
	2.8869 2.57166,
	2.87254 2.58287,
	2.85818 2.5896,
	2.84382 2.59454,
	2.82947 2.59813,
	2.81511 2.60037,
	2.80075 2.60082,
	2.79357 2.60172,
	2.77922 2.59902,
	2.77563 2.59768,
	2.77204 2.59543,
	2.76621 2.5887,
	2.76262 2.58512,
	2.75768 2.57794,
	2.75454 2.57076,
	2.75275 2.56717,
	2.75185 2.56358,
	2.75095 2.56178,
	"/>
</Transform>

<Transform dim="0"
 xcoef=" 0 1 0 0 0 0"
 ycoef=" 0 0 1 0 0 0">
<Contour name="Ea5(ER)" hidden="false" closed="true" simplified="true" border="0 0.882 0.882" fill="0.502 1 1" mode="9"
 points="3.30819 2.13376,
	3.30999 2.12658,
	3.31044 2.12299,
	3.31088 2.12209,
	3.31268 2.1185,
	3.32569 2.10415,
	3.33197 2.08979,
	3.33691 2.08261,
	3.34274 2.07543,
	3.35216 2.06107,
	3.36024 2.04672,
	3.36472 2.03954,
	3.37101 2.03236,
	3.37235 2.03057,
	3.38671 2.02159,
	3.3903 2.02025,
	3.39209 2.01935,
	3.39882 2.02518,
	3.40107 2.03236,
	3.40241 2.03595,
	3.40241 2.05031,
	3.40241 2.0539,
	3.4078 2.06825,
	3.41049 2.07543,
	3.41183 2.08261,
	3.41228 2.0862,
	3.41139 2.09338,
	3.40959 2.10056,
	3.406 2.10774,
	3.40331 2.11133,
	3.40062 2.1185,
	3.39972 2.12209,
	3.39299 2.13645,
	3.38985 2.14363,
	3.38805 2.14722,
	3.37729 2.16158,
	3.3719 2.16875,
	3.36831 2.17145,
	3.36113 2.17414,
	3.35396 2.17548,
	3.3396 2.17459,
	3.33242 2.17324,
	3.31806 2.15933,
	3.31178 2.14498,
	3.30954 2.1378,
	3.30819 2.13421,
	"/>
</Transform>

<Transform dim="0"
 xcoef=" 0 1 0 0 0 0"
 ycoef=" 0 0 1 0 0 0">
<Contour name="Ea5(ER)" hidden="false" closed="true" simplified="true" border="0 0.882 0.882" fill="0.502 1 1" mode="9"
 points="2.48663 2.7675,
	2.49072 2.75659,
	2.50095 2.74568,
	2.51186 2.74158,
	2.51458 2.74158,
	2.52004 2.74431,
	2.52549 2.74909,
	2.53095 2.75249,
	2.53368 2.75386,
	2.54049 2.76477,
	2.54322 2.76613,
	2.54868 2.77159,
	2.54936 2.77431,
	2.55277 2.77977,
	2.55618 2.79068,
	2.55754 2.79341,
	2.55754 2.80432,
	2.56095 2.81523,
	2.56709 2.82613,
	2.57118 2.83159,
	2.57322 2.83704,
	2.57391 2.83977,
	2.58141 2.85068,
	2.58754 2.86159,
	2.59232 2.8725,
	2.59436 2.87796,
	2.59572 2.88887,
	2.59641 2.89159,
	2.59163 2.9025,
	2.58618 2.90591,
	2.58072 2.90796,
	2.5589 2.90864,
	2.54799 2.90864,
	2.53709 2.90387,
	2.53436 2.9025,
	2.52754 2.89159,
	2.52618 2.88068,
	2.52618 2.87796,
	2.53163 2.86705,
	2.53436 2.86159,
	2.53913 2.85614,
	2.54459 2.85273,
	2.54799 2.84727,
	2.54936 2.83636,
	2.54731 2.83432,
	2.54663 2.83159,
	2.54186 2.82613,
	2.53913 2.82341,
	2.53436 2.82068,
	2.53163 2.81863,
	2.5289 2.81795,
	2.52686 2.81591,
	2.52618 2.81591,
	2.51799 2.8125,
	2.51117 2.80159,
	2.50027 2.79068,
	2.49549 2.78522,
	2.49004 2.77431,
	2.48731 2.76886,
	2.48663 2.76818,
	"/>
</Transform>

<Transform dim="0"
 xcoef=" 0 1 0 0 0 0"
 ycoef=" 0 0 1 0 0 0">
<Contour name="Ea2(ER)" hidden="false" closed="true" simplified="true" border="0.607843 0.768627 0.956863" fill="0.733333 0.752941 0.94902" mode="9"
 points="0.280046 -0.298261,
	0.281984 -0.302138,
	0.285862 -0.305773,
	0.293616 -0.307954,
	0.301371 -0.302381,
	0.303552 -0.298503,
	0.304763 -0.290749,
	0.312276 -0.27524,
	0.314941 -0.271362,
	0.315426 -0.270393,
	0.314457 -0.262638,
	0.315668 -0.254884,
	0.319546 -0.247129,
	0.321484 -0.243252,
	0.321969 -0.242767,
	0.329724 -0.241071,
	0.333601 -0.240829,
	0.364619 -0.220473,
	0.373343 -0.204964,
	0.376493 -0.197209,
	0.379159 -0.189455,
	0.386914 -0.173945,
	0.391033 -0.158436,
	0.392972 -0.150682,
	0.393214 -0.135172,
	0.393457 -0.133234,
	0.396365 -0.125479,
	0.398061 -0.121602,
	0.399272 -0.117725,
	0.400242 -0.10997,
	0.412843 -0.0789516,
	0.424475 -0.0634425,
	0.432229 -0.0593228,
	0.447739 -0.0459946,
	0.455493 -0.0421174,
	0.463005 -0.0348474,
	0.463975 -0.0329088,
	0.463975 -0.0326665,
	0.467125 -0.0251542,
	0.47076 -0.0173996,
	0.473183 -0.0135223,
	0.474395 -0.0115837,
	0.489662 0.0039255,
	0.497416 0.0111954,
	0.512926 0.0184654,
	0.516803 0.020404,
	0.520438 0.024039,
	0.520923 0.0250083,
	0.521165 0.0254929,
	0.517288 0.0332475,
	0.509533 0.0344592,
	0.505656 0.0354285,
	0.497901 0.0315512,
	0.490631 0.0237966,
	0.486754 0.0199193,
	0.483361 0.016042,
	0.477545 0.00828746,
	0.47488 0.00441017,
	0.471487 -0.00334442,
	0.470033 -0.00528307,
	0.466156 -0.00770638,
	0.462521 -0.00964502,
	0.460582 -0.0108567,
	0.458644 -0.0115837,
	0.456705 -0.0130377,
	0.454766 -0.014007,
	0.454039 -0.0149763,
	0.45307 -0.0152186,
	0.451131 -0.0169149,
	0.450162 -0.0169149,
	0.446285 -0.0188536,
	0.443134 -0.0210346,
	0.439257 -0.0237002,
	0.43538 -0.0251542,
	0.43441 -0.0256389,
	0.433926 -0.0263659,
	0.431987 -0.0273352,
	0.430048 -0.0287892,
	0.42811 -0.0297585,
	0.420355 -0.0316971,
	0.416478 -0.0319395,
	0.412601 -0.0336358,
	0.411631 -0.0341204,
	0.409935 -0.0360591,
	0.408966 -0.0370284,
	0.407027 -0.0409057,
	0.403634 -0.044783,
	0.401938 -0.0467216,
	0.399757 -0.0505989,
	0.399515 -0.0525376,
	0.401938 -0.0680468,
	0.402907 -0.071924,
	0.40315 -0.0724087,
	0.398303 -0.0801633,
	0.396365 -0.0821019,
	0.38861 -0.0871909,
	0.386671 -0.0881602,
	0.385702 -0.0886449,
	0.371889 -0.104154,
	0.360257 -0.119663,
	0.351291 -0.135172,
	0.337236 -0.150682,
	0.333358 -0.153832,
	0.317849 -0.163767,
	0.315911 -0.164979,
	0.31276 -0.168856,
	0.311306 -0.170795,
	0.310337 -0.171764,
	0.308398 -0.175642,
	0.307671 -0.17758,
	0.309368 -0.185335,
	0.310095 -0.189212,
	0.311791 -0.193089,
	0.314214 -0.196967,
	0.315426 -0.198905,
	0.31688 -0.202783,
	0.317607 -0.20666,
	0.314457 -0.222169,
	0.314214 -0.223138,
	0.306944 -0.230893,
	0.303067 -0.23477,
	0.301128 -0.236709,
	0.295555 -0.244464,
	0.292405 -0.252218,
	0.283923 -0.283237,
	0.282469 -0.287114,
	0.280288 -0.294868,
	0.280046 -0.296807,
	0.280046 -0.297776,
	0.280046 -0.298019,
	"/>
</Transform>

<Transform dim="0"
 xcoef=" 0 1 0 0 0 0"
 ycoef=" 0 0 1 0 0 0">
<Contour name="Ea1" hidden="false" closed="true" simplified="true" border="0.984314 0.207843 0.0156863" fill="1 1 0.690196" mode="9"
 points="3.96734 2.58181,
	3.96796 2.57681,
	3.97484 2.56681,
	3.97983 2.56368,
	3.98983 2.56243,
	3.99483 2.56118,
	4.00483 2.56056,
	4.01483 2.55868,
	4.01983 2.55931,
	4.02483 2.56181,
	4.02983 2.56618,
	4.03608 2.57618,
	4.03858 2.58618,
	4.03296 2.60618,
	4.03108 2.61118,
	4.03046 2.61368,
	4.02983 2.61493,
	4.03983 2.6168,
	4.04483 2.61743,
	4.04983 2.61993,
	4.05233 2.62118,
	4.05671 2.62618,
	4.06171 2.6293,
	4.06296 2.6293,
	4.06796 2.6343,
	4.07795 2.6393,
	4.08045 2.63993,
	4.08545 2.63805,
	4.09545 2.6293,
	4.10545 2.62243,
	4.11545 2.6143,
	4.12045 2.61055,
	4.13045 2.60618,
	4.13295 2.60493,
	4.1342 2.6043,
	4.1442 2.60743,
	4.1492 2.61243,
	4.15233 2.61743,
	4.15483 2.62743,
	4.15545 2.62993,
	4.14983 2.64993,
	4.1442 2.65993,
	4.13545 2.66993,
	4.12545 2.67493,
	4.11545 2.67868,
	4.10545 2.67993,
	4.09545 2.67868,
	4.09045 2.67868,
	4.08545 2.67743,
	4.08358 2.67618,
	4.06358 2.68618,
	4.05858 2.68868,
	4.05608 2.68992,
	4.05546 2.68992,
	4.04608 2.69242,
	4.03546 2.69367,
	4.03046 2.69305,
	4.02046 2.68743,
	4.01046 2.67805,
	4.00608 2.67305,
	3.99546 2.65305,
	3.98608 2.63305,
	3.97921 2.61305,
	3.97109 2.59305,
	3.96734 2.58306,
	3.96734 2.58243,
	"/>
</Transform>

<Transform dim="0"
 xcoef=" 0 1 0 0 0 0"
 ycoef=" 0 0 1 0 0 0">
<Contour name="Ea1(ER)" hidden="false" closed="true" simplified="true" border="0.608 0.769 0.957" fill="0.733 0.753 0.949" mode="9"
 points="2.13811 2.19267,
	2.13928 2.19189,
	2.15171 2.19888,
	2.15482 2.20044,
	2.16725 2.21287,
	2.17036 2.21598,
	2.17463 2.22219,
	2.17619 2.2253,
	2.17774 2.23152,
	2.17968 2.23462,
	2.18512 2.24084,
	2.19134 2.2455,
	2.19406 2.24861,
	2.19522 2.25016,
	2.19639 2.25638,
	2.196 2.25793,
	2.19483 2.25949,
	2.19406 2.26026,
	2.19095 2.25949,
	2.18473 2.25949,
	2.18163 2.25793,
	2.17852 2.25521,
	2.1723 2.25133,
	2.16919 2.24939,
	2.16764 2.24861,
	2.16337 2.24239,
	2.15249 2.21753,
	2.14977 2.21132,
	2.14783 2.20821,
	2.14278 2.20199,
	2.14045 2.19888,
	2.13889 2.19578,
	2.13811 2.19422,
	"/>
</Transform>

<Transform dim="0"
 xcoef=" 0 1 0 0 0 0"
 ycoef=" 0 0 1 0 0 0">
<Contour name="Ea5" hidden="false" closed="true" simplified="true" border="0.984314 0.207843 0.0156863" fill="1 1 0.690196" mode="9"
 points="2.37427 3.67778,
	2.37757 3.66012,
	2.37978 3.6513,
	2.38088 3.64689,
	2.39026 3.62923,
	2.39633 3.62041,
	2.39854 3.616,
	2.40074 3.60717,
	2.40129 3.60276,
	2.39964 3.58511,
	2.39909 3.5829,
	2.40019 3.57407,
	2.40019 3.57297,
	2.4046 3.56966,
	2.40846 3.56525,
	2.41067 3.56084,
	2.41233 3.55201,
	2.41288 3.5498,
	2.40791 3.53215,
	2.4046 3.52333,
	2.4035 3.5145,
	2.4035 3.50568,
	2.41067 3.48802,
	2.41177 3.4792,
	2.40957 3.46155,
	2.40902 3.45714,
	2.40846 3.45493,
	2.40957 3.4461,
	2.41508 3.42845,
	2.41784 3.41963,
	2.41894 3.40198,
	2.41839 3.36667,
	2.41674 3.34902,
	2.41508 3.3402,
	2.41564 3.33137,
	2.41619 3.32696,
	2.42998 3.29166,
	2.43163 3.28724,
	2.43384 3.26959,
	2.43439 3.26518,
	2.43218 3.24753,
	2.43163 3.22988,
	2.43273 3.21222,
	2.43273 3.21002,
	2.43604 3.20119,
	2.44046 3.19237,
	2.44101 3.18354,
	2.43991 3.17472,
	2.4366 3.16589,
	2.43494 3.15706,
	2.43439 3.13941,
	2.43439 3.13059,
	2.4377 3.11294,
	2.43991 3.10411,
	2.44322 3.09529,
	2.44542 3.09087,
	2.44652 3.08867,
	2.44708 3.07984,
	2.44652 3.07102,
	2.44597 3.0666,
	2.44156 3.05778,
	2.43549 3.04895,
	2.43439 3.04454,
	2.43163 3.04013,
	2.41398 3.02358,
	2.40515 3.01641,
	2.40074 3.01255,
	2.39854 3.01034,
	2.39302 3.00151,
	2.38585 2.98386,
	2.3853 2.97945,
	2.3864 2.9618,
	2.39467 2.94415,
	2.40185 2.9265,
	2.40902 2.91767,
	2.41784 2.9094,
	2.42667 2.90498,
	2.43108 2.90278,
	2.43991 2.90112,
	2.44873 2.89781,
	2.45756 2.89285,
	2.46638 2.88568,
	2.48403 2.86858,
	2.48845 2.86527,
	2.49727 2.85644,
	2.50113 2.84762,
	2.50279 2.83879,
	2.50279 2.83438,
	2.49893 2.81673,
	2.49286 2.79908,
	2.48569 2.78143,
	2.48514 2.77701,
	2.48459 2.77481,
	2.47576 2.76598,
	2.47135 2.76157,
	2.46638 2.75274,
	2.44873 2.73509,
	2.44652 2.73288,
	2.44211 2.72406,
	2.43991 2.71965,
	2.4388 2.71523,
	2.44487 2.67993,
	2.44818 2.66228,
	2.45314 2.64463,
	2.4537 2.6358,
	2.45259 2.62698,
	2.45425 2.61815,
	2.46307 2.6005,
	2.46749 2.59168,
	2.47024 2.58726,
	2.47907 2.5823,
	2.48128 2.58009,
	2.49893 2.54479,
	2.50113 2.54038,
	2.53644 2.50507,
	2.54471 2.49625,
	2.55464 2.4786,
	2.56126 2.46977,
	2.5767 2.45212,
	2.59435 2.43833,
	2.612 2.42344,
	2.62966 2.40744,
	2.66496 2.37324,
	2.67434 2.35559,
	2.67875 2.34676,
	2.68978 2.32911,
	2.6953 2.31146,
	2.70412 2.27616,
	2.70523 2.27175,
	2.7146 2.2541,
	2.71791 2.24968,
	2.73556 2.237,
	2.75321 2.22817,
	2.76204 2.22486,
	2.77969 2.22045,
	2.81499 2.21438,
	2.83264 2.21273,
	2.8503 2.20997,
	2.86795 2.20556,
	2.87677 2.2028,
	2.91208 2.18459,
	2.9209 2.17963,
	2.92807 2.1708,
	2.93359 2.16198,
	2.93579 2.15757,
	2.94793 2.13991,
	2.98323 2.06931,
	2.99316 2.03401,
	2.99702 2.01636,
	3.00805 1.87515,
	3.0075 1.86632,
	3.00805 1.8575,
	3.01522 1.82219,
	3.01909 1.78689,
	3.01853 1.76924,
	3.01798 1.76041,
	3.01798 1.756,
	3.02736 1.7207,
	3.02901 1.71629,
	3.03508 1.70746,
	3.03894 1.70305,
	3.07425 1.67657,
	3.0919 1.66388,
	3.10072 1.65506,
	3.11506 1.63741,
	3.11837 1.63299,
	3.12279 1.62913,
	3.15809 1.61148,
	3.1625 1.60872,
	3.17022 1.5999,
	3.1807 1.58225,
	3.18622 1.57342,
	3.18953 1.56901,
	3.20718 1.56018,
	3.21601 1.55577,
	3.22483 1.55246,
	3.24248 1.54805,
	3.25131 1.54639,
	3.26013 1.5475,
	3.26455 1.54805,
	3.2822 1.55522,
	3.3528 1.58887,
	3.37045 1.59824,
	3.38811 1.60872,
	3.39693 1.61534,
	3.4019 1.62417,
	3.40465 1.63299,
	3.40631 1.64182,
	3.40686 1.65947,
	3.40631 1.67712,
	3.40576 1.68595,
	3.40686 1.7036,
	3.40686 1.70581,
	3.41127 1.71463,
	3.41348 1.71904,
	3.42065 1.72787,
	3.42506 1.73173,
	3.46037 1.75104,
	3.46919 1.756,
	3.47802 1.76372,
	3.48133 1.76814,
	3.48408 1.77696,
	3.4896 1.81226,
	3.4896 1.81668,
	3.48574 1.8255,
	3.48298 1.82992,
	3.48133 1.83212,
	3.46367 1.83929,
	3.45485 1.8426,
	3.45044 1.84426,
	3.44823 1.84536,
	3.44382 1.84922,
	3.4383 1.85805,
	3.43609 1.86687,
	3.4372 1.8757,
	3.44327 1.88452,
	3.44602 1.88894,
	3.44768 1.89114,
	3.45264 1.90879,
	3.4554 1.91762,
	3.4565 1.92203,
	3.45264 1.93086,
	3.44823 1.93362,
	3.44602 1.93417,
	3.44161 1.93251,
	3.4372 1.93196,
	3.43499 1.93141,
	3.43058 1.93306,
	3.42672 1.93748,
	3.42506 1.94189,
	3.42451 1.95072,
	3.42396 1.95513,
	3.42782 1.97278,
	3.42948 1.98161,
	3.43279 1.98602,
	3.44161 1.99098,
	3.44602 1.99484,
	3.44713 1.99595,
	3.45099 2.0136,
	3.45209 2.02242,
	3.45154 2.03125,
	3.45154 2.03566,
	3.44768 2.05331,
	3.44658 2.05773,
	3.45044 2.09303,
	3.4543 2.11068,
	3.45485 2.11509,
	3.45375 2.12392,
	3.45264 2.12833,
	3.44382 2.14598,
	3.43113 2.16363,
	3.40355 2.19894,
	3.39638 2.20776,
	3.38755 2.21659,
	3.3699 2.23038,
	3.35225 2.24306,
	3.34343 2.24968,
	3.3346 2.25741,
	3.33019 2.26182,
	3.32578 2.26513,
	3.31695 2.26733,
	3.30812 2.26292,
	3.2993 2.2563,
	3.29709 2.2541,
	3.28827 2.24968,
	3.27944 2.24803,
	3.27062 2.25189,
	3.2662 2.2541,
	3.264 2.2552,
	3.25848 2.26402,
	3.25462 2.26844,
	3.24524 2.28609,
	3.20994 2.31974,
	3.19339 2.33739,
	3.17574 2.35504,
	3.16857 2.36386,
	3.15864 2.38152,
	3.1454 2.39917,
	3.13823 2.40799,
	3.12941 2.41627,
	3.10072 2.45157,
	3.08583 2.46922,
	3.07866 2.47805,
	3.06983 2.48687,
	2.99923 2.52273,
	2.96393 2.54038,
	2.94627 2.5492,
	2.93745 2.55527,
	2.9198 2.57127,
	2.91097 2.58009,
	2.89332 2.59388,
	2.88891 2.59719,
	2.87126 2.60602,
	2.85361 2.61319,
	2.84478 2.61705,
	2.84037 2.6187,
	2.82272 2.62036,
	2.80506 2.61981,
	2.78741 2.61815,
	2.76976 2.61539,
	2.76094 2.61595,
	2.75211 2.62036,
	2.7477 2.62256,
	2.74329 2.63139,
	2.74218 2.64022,
	2.74549 2.65787,
	2.74439 2.66669,
	2.73998 2.67552,
	2.73446 2.68434,
	2.73115 2.68876,
	2.72453 2.70641,
	2.72177 2.71523,
	2.7124 2.73288,
	2.70523 2.74171,
	2.6964 2.75936,
	2.69474 2.76377,
	2.68868 2.7726,
	2.68151 2.79025,
	2.6804 2.79908,
	2.68095 2.8079,
	2.68482 2.81673,
	2.68757 2.82114,
	2.68813 2.82335,
	2.69254 2.82666,
	2.69364 2.82886,
	2.69805 2.83328,
	2.69916 2.83383,
	2.70136 2.83714,
	2.70192 2.83824,
	2.70412 2.84045,
	2.73887 2.91105,
	2.74163 2.91988,
	2.74329 2.93753,
	2.74494 2.94635,
	2.74825 2.95518,
	2.75266 2.97283,
	2.75818 2.99048,
	2.76645 3.02578,
	2.76756 3.0302,
	2.76756 3.03902,
	2.77473 3.07433,
	2.78355 3.09198,
	2.78852 3.1008,
	2.79127 3.10521,
	2.79458 3.11404,
	2.79569 3.11845,
	2.799 3.15376,
	2.80617 3.17141,
	2.81444 3.18906,
	2.81885 3.19788,
	2.82161 3.20671,
	2.83099 3.22436,
	2.84257 3.24201,
	2.84754 3.25084,
	2.85361 3.25966,
	2.85857 3.26849,
	2.86519 3.27731,
	2.87401 3.28559,
	2.88284 3.29166,
	2.88505 3.29166,
	2.88615 3.29276,
	2.88836 3.29276,
	2.89718 3.29883,
	2.90159 3.30324,
	2.90656 3.32089,
	2.90821 3.32972,
	2.90877 3.33413,
	2.90601 3.36943,
	2.90435 3.38708,
	2.90546 3.39591,
	2.90601 3.40032,
	2.90325 3.41797,
	2.89939 3.43562,
	2.89663 3.44445,
	2.88063 3.47975,
	2.87898 3.48416,
	2.87677 3.50181,
	2.87622 3.51064,
	2.87622 3.51285,
	2.86078 3.54815,
	2.85305 3.5658,
	2.84809 3.58345,
	2.84643 3.59228,
	2.84588 3.59669,
	2.82823 3.63199,
	2.8172 3.64964,
	2.80782 3.66729,
	2.79955 3.68495,
	2.79679 3.69377,
	2.79514 3.7026,
	2.79127 3.71142,
	2.78852 3.71584,
	2.77969 3.72356,
	2.76204 3.73569,
	2.74439 3.74397,
	2.73556 3.74617,
	2.72674 3.75059,
	2.72232 3.75279,
	2.7124 3.77044,
	2.70412 3.7881,
	2.69861 3.79692,
	2.69088 3.80575,
	2.67323 3.81733,
	2.65558 3.83443,
	2.64676 3.84326,
	2.64234 3.84712,
	2.62469 3.85705,
	2.60704 3.86422,
	2.59821 3.86808,
	2.58939 3.87084,
	2.58056 3.86973,
	2.56291 3.86477,
	2.54526 3.85815,
	2.50996 3.84822,
	2.49231 3.84326,
	2.48348 3.84105,
	2.46583 3.83443,
	2.45701 3.83057,
	2.44818 3.8256,
	2.43053 3.81292,
	2.42612 3.80961,
	2.4217 3.80519,
	2.41233 3.78754,
	2.40791 3.77872,
	2.40405 3.74342,
	2.40129 3.72576,
	2.39854 3.71694,
	2.38419 3.69929,
	2.38088 3.69487,
	2.37647 3.68605,
	2.37482 3.68164,
	2.37427 3.67943,
	2.37427 3.67833,
	"/>
</Transform>

<Transform dim="0"
 xcoef=" 0 1 0 0 0 0"
 ycoef=" 0 0 1 0 0 0">
<Contour name="Ea1" hidden="false" closed="true" simplified="true" border="0.984314 0.207843 0.0156863" fill="1 1 0.690196" mode="9"
 points="2.08255 2.11245,
	2.08919 2.07701,
	2.09362 2.05928,
	2.09695 2.05042,
	2.09805 2.04599,
	2.11467 2.02827,
	2.12132 2.0194,
	2.13904 2.00722,
	2.14347 2.005,
	2.1479 2.00057,
	2.15676 1.99725,
	2.16119 1.99393,
	2.19664 1.98728,
	2.2055 1.98617,
	2.22323 1.97842,
	2.23209 1.97177,
	2.24095 1.96734,
	2.25092 1.94962,
	2.25314 1.94519,
	2.25314 1.94076,
	2.25646 1.93189,
	2.25978 1.91417,
	2.25868 1.90531,
	2.25868 1.90088,
	2.25535 1.89201,
	2.25314 1.88758,
	2.25203 1.86986,
	2.25535 1.861,
	2.27308 1.85546,
	2.28194 1.85878,
	2.28969 1.86654,
	2.30742 1.87429,
	2.34286 1.88315,
	2.35173 1.88648,
	2.36059 1.88758,
	2.37831 1.88648,
	2.39604 1.88758,
	2.4049 1.8898,
	2.41376 1.89423,
	2.43148 1.90642,
	2.44034 1.91306,
	2.44478 1.91749,
	2.45364 1.92082,
	2.47136 1.9186,
	2.47579 1.9186,
	2.48022 1.91639,
	2.48244 1.91528,
	2.4913 1.91971,
	2.49573 1.92303,
	2.5057 1.94076,
	2.51235 1.95848,
	2.51789 1.99393,
	2.5201 2.01165,
	2.5201 2.02937,
	2.5201 2.03824,
	2.51789 2.04267,
	2.51567 2.04488,
	2.51456 2.05374,
	2.50681 2.07147,
	2.50459 2.08033,
	2.49352 2.09805,
	2.46139 2.13239,
	2.45696 2.13682,
	2.4481 2.14126,
	2.44588 2.14236,
	2.44699 2.15123,
	2.46139 2.18667,
	2.46361 2.1911,
	2.46361 2.20883,
	2.46361 2.21769,
	2.46361 2.22212,
	2.45807 2.23098,
	2.45364 2.23431,
	2.44478 2.23652,
	2.42705 2.23652,
	2.40933 2.23874,
	2.40047 2.24317,
	2.38274 2.25535,
	2.36502 2.27308,
	2.29412 2.30631,
	2.25868 2.32292,
	2.24095 2.32625,
	2.23652 2.32625,
	2.22877 2.32292,
	2.22434 2.32182,
	2.22323 2.3196,
	2.22101 2.32071,
	2.20329 2.30852,
	2.19443 2.30188,
	2.17781 2.28415,
	2.17116 2.27529,
	2.13572 2.2476,
	2.12796 2.23874,
	2.12021 2.22101,
	2.11578 2.20329,
	2.11356 2.18557,
	2.10027 2.16784,
	2.0903 2.15012,
	2.08587 2.14126,
	2.08255 2.12353,
	2.08255 2.11467,
	2.08255 2.11356,
	"/>
</Transform>

<Transform dim="0"
 xcoef=" 0 1 0 0 0 0"
 ycoef=" 0 0 1 0 0 0">
<Contour name="Ea2" hidden="false" closed="true" simplified="true" border="0.984314 0.207843 0.0156863" fill="1 1 0.690196" mode="9"
 points="0.128287 -0.485741,
	0.1311 -0.485741,
	0.131804 -0.487148,
	0.137431 -0.487148,
	0.148686 -0.483631,
	0.171195 -0.471673,
	0.18245 -0.466749,
	0.188077 -0.464638,
	0.193704 -0.465342,
	0.196518 -0.466045,
	0.207772 -0.464638,
	0.2134 -0.464638,
	0.219027 -0.463232,
	0.230282 -0.454791,
	0.241536 -0.444943,
	0.250681 -0.433688,
	0.254901 -0.428061,
	0.266156 -0.420323,
	0.267563 -0.420323,
	0.290072 -0.401331,
	0.295699 -0.390076,
	0.29992 -0.378822,
	0.30203 -0.373195,
	0.303437 -0.370381,
	0.325946 -0.354906,
	0.348455 -0.334507,
	0.35971 -0.323252,
	0.382219 -0.307777,
	0.39277 -0.297929,
	0.396288 -0.292302,
	0.396991 -0.289488,
	0.406135 -0.278234,
	0.411059 -0.272606,
	0.416687 -0.268386,
	0.427941 -0.264165,
	0.47296 -0.21985,
	0.475773 -0.217037,
	0.498283 -0.207892,
	0.520792 -0.195231,
	0.523606 -0.19312,
	0.529233 -0.181866,
	0.529936 -0.176238,
	0.53486 -0.164984,
	0.535564 -0.16217,
	0.540487 -0.157246,
	0.551742 -0.153026,
	0.562997 -0.147399,
	0.569327 -0.136144,
	0.570031 -0.124889,
	0.56581 -0.10238,
	0.5637 -0.0911254,
	0.562997 -0.0798707,
	0.562293 -0.0742434,
	0.56159 -0.0714298,
	0.564404 -0.0601751,
	0.56581 -0.0545478,
	0.577768 -0.0320385,
	0.582692 -0.0264112,
	0.59043 -0.00390197,
	0.591133 -0.00108831,
	0.600981 0.0101663,
	0.606608 0.0150902,
	0.612939 0.0263449,
	0.616456 0.0319722,
	0.62138 0.0375995,
	0.632635 0.0446336,
	0.637559 0.0502609,
	0.643889 0.0615156,
	0.646 0.0671429,
	0.646 0.0783975,
	0.650924 0.0896521,
	0.653737 0.0952795,
	0.663585 0.106534,
	0.686094 0.12834,
	0.697349 0.139595,
	0.702976 0.143815,
	0.70579 0.145925,
	0.707197 0.147332,
	0.709307 0.158587,
	0.71001 0.169841,
	0.709307 0.175469,
	0.708604 0.176876,
	0.731113 0.221894,
	0.742367 0.231742,
	0.764877 0.233852,
	0.770504 0.233852,
	0.781759 0.238776,
	0.804971 0.283795,
	0.809895 0.295049,
	0.812005 0.300676,
	0.815523 0.323186,
	0.817633 0.33444,
	0.817633 0.337254,
	0.82326 0.348509,
	0.827481 0.354136,
	0.838735 0.364687,
	0.84999 0.371721,
	0.855617 0.376645,
	0.866872 0.383679,
	0.872499 0.3879,
	0.883754 0.393527,
	0.889381 0.397044,
	0.893602 0.402672,
	0.895712 0.408299,
	0.896415 0.411113,
	0.884457 0.433622,
	0.878126 0.444876,
	0.876016 0.456131,
	0.871092 0.467386,
	0.868279 0.473013,
	0.867575 0.47864,
	0.871796 0.489895,
	0.871796 0.492709,
	0.869685 0.495522,
	0.867575 0.496929,
	0.856321 0.490598,
	0.850693 0.487081,
	0.84788 0.485674,
	0.842252 0.480047,
	0.837328 0.468793,
	0.833811 0.457538,
	0.831701 0.451911,
	0.829591 0.440656,
	0.828887 0.435029,
	0.814116 0.39001,
	0.805675 0.367501,
	0.801454 0.356246,
	0.793717 0.344992,
	0.790903 0.342178,
	0.788089 0.336551,
	0.776835 0.325296,
	0.771207 0.319669,
	0.76347 0.308414,
	0.740961 0.289422,
	0.73252 0.278167,
	0.729706 0.27254,
	0.721265 0.261285,
	0.716341 0.255658,
	0.709307 0.244403,
	0.686798 0.225411,
	0.675543 0.219784,
	0.664288 0.217674,
	0.658661 0.216267,
	0.653034 0.216267,
	0.641779 0.212046,
	0.636152 0.207122,
	0.625601 0.184613,
	0.624897 0.183206,
	0.627007 0.177579,
	0.62349 0.171952,
	0.617863 0.167028,
	0.606608 0.162807,
	0.595354 0.159994,
	0.550335 0.137484,
	0.539081 0.134671,
	0.527826 0.133264,
	0.516571 0.133264,
	0.510944 0.133264,
	0.505317 0.131154,
	0.499689 0.127637,
	0.490545 0.116382,
	0.479994 0.0938726,
	0.472256 0.082618,
	0.462408 0.0713634,
	0.451154 0.0636258,
	0.439899 0.0544814,
	0.430051 0.0432268,
	0.424424 0.0383029,
	0.401915 0.0270483,
	0.39066 0.0193107,
	0.380109 0.00805608,
	0.363227 -0.0144532,
	0.340718 -0.0334454,
	0.335794 -0.0369624,
	0.324539 -0.0594717,
	0.315395 -0.081981,
	0.307657 -0.10449,
	0.284445 -0.149509,
	0.27108 -0.172018,
	0.264749 -0.183273,
	0.261935 -0.1889,
	0.260529 -0.191714,
	0.260529 -0.197341,
	0.255605 -0.208596,
	0.252791 -0.214223,
	0.24224 -0.224774,
	0.233095 -0.236029,
	0.228875 -0.241656,
	0.21762 -0.264165,
	0.216917 -0.269793,
	0.219027 -0.281047,
	0.220434 -0.286675,
	0.218324 -0.297929,
	0.207772 -0.30848,
	0.202849 -0.314108,
	0.197221 -0.325362,
	0.181043 -0.370381,
	0.176119 -0.381636,
	0.173305 -0.384449,
	0.168381 -0.395704,
	0.166271 -0.406958,
	0.162754 -0.418213,
	0.15994 -0.42384,
	0.149389 -0.434392,
	0.143762 -0.440019,
	0.138838 -0.451274,
	0.137431 -0.462528,
	0.134617 -0.468155,
	0.12688 -0.47941,
	0.126176 -0.485037,
	"/>
</Transform>

<Transform dim="0"
 xcoef=" 0 1 0 0 0 0"
 ycoef=" 0 0 1 0 0 0">
<Contour name="Ea5(endo6)" hidden="false" closed="true" simplified="true" border="1 1 0.501961" fill="0.502 1 1" mode="9"
 points="3.01361 2.08294,
	3.02985 2.06562,
	3.03418 2.06128,
	3.04284 2.05912,
	3.04501 2.05804,
	3.06233 2.0667,
	3.07099 2.07211,
	3.07424 2.08077,
	3.07532 2.08294,
	3.07424 2.08943,
	3.07207 2.09376,
	3.07207 2.09593,
	3.05691 2.11325,
	3.04825 2.11542,
	3.03959 2.11542,
	3.03093 2.11325,
	3.0266 2.11217,
	3.01686 2.09485,
	3.01361 2.08619,
	3.01361 2.08402,
	"/>
</Transform>

</Section>