<?xml version="1.0"?>
<!DOCTYPE Section SYSTEM "section.dtd">

<Section index="54" thickness="0.05" alignLocked="true">
<Transform dim="6"
 xcoef=" -0.447696287738983 0.885491176271997 0.28747056623265 0 0 0"
 ycoef=" 1.46513276770519 -0.401580635678032 0.889577597910891 0 0 0">
<Image mag="0.0022159" contrast="1" brightness="0"
 src="R34CA1-B_S12.153.jpg" />
<Contour name="domain1" hidden="false" closed="true" simplified="false" border="1 0 1" fill="1 0 1" mode="11"
 points="0 0,
	4096 0,
	4096 4096,
	0 4096,
	"/>
</Transform>

<Transform dim="0"
 xcoef=" 0 1 0 0 0 0"
 ycoef=" 0 0 1 0 0 0">
<Contour name="Ea2(mito4)" hidden="false" closed="true" simplified="true" border="0 0 1" fill="0 0 1" mode="9"
 points="2.80846 3.47934,
	2.81051 3.46295,
	2.8187 3.45475,
	2.82485 3.44656,
	2.84124 3.43017,
	2.84738 3.42198,
	2.8607 3.3892,
	2.86377 3.38101,
	2.86582 3.37691,
	2.88221 3.36769,
	2.8863 3.36565,
	2.8945 3.36769,
	2.89859 3.36769,
	2.91498 3.37282,
	2.93137 3.37999,
	2.94776 3.3892,
	2.96414 3.40149,
	2.97234 3.40866,
	2.97644 3.41174,
	2.9918 3.44451,
	2.99897 3.4609,
	3.00204 3.46909,
	3.00716 3.50187,
	3.00921 3.51826,
	3.00614 3.58381,
	3.00409 3.6002,
	2.99897 3.61658,
	2.9959 3.62478,
	2.98463 3.64117,
	2.97848 3.64834,
	2.9621 3.65551,
	2.9539 3.6596,
	2.94981 3.66063,
	2.91703 3.65653,
	2.90064 3.64731,
	2.89245 3.64321,
	2.87606 3.63092,
	2.86787 3.62478,
	2.83816 3.592,
	2.82485 3.57561,
	2.8187 3.56742,
	2.81563 3.56332,
	2.81153 3.54694,
	2.80948 3.53055,
	2.80846 3.49777,
	2.80846 3.48138,
	2.80846 3.48036,
	"/>
</Transform>

<Transform dim="0"
 xcoef=" 0 1 0 0 0 0"
 ycoef=" 0 0 1 0 0 0">
<Contour name="Ed4" hidden="false" closed="true" simplified="true" border="0.541176 0.756863 0.0352941" fill="0.501961 1 1" mode="9"
 points="3.217 4.05822,
	3.22276 4.04286,
	3.22564 4.03998,
	3.24101 4.03613,
	3.25637 4.03517,
	3.26405 4.03517,
	3.32551 4.01981,
	3.38697 4.00156,
	3.40234 3.99292,
	3.4177 3.9862,
	3.43307 3.9814,
	3.44075 3.97948,
	3.47148 3.9814,
	3.47916 3.98236,
	3.48684 3.9862,
	3.49069 3.98908,
	3.50029 4.00444,
	3.50797 4.01981,
	3.53006 4.05054,
	3.55887 4.07935,
	3.56367 4.08703,
	3.5944 4.11296,
	3.60976 4.12736,
	3.6136 4.1312,
	3.63281 4.16193,
	3.63569 4.16962,
	3.63569 4.1773,
	3.63473 4.18114,
	3.61937 4.19362,
	3.604 4.20227,
	3.57327 4.21283,
	3.56559 4.21475,
	3.56175 4.21571,
	3.55983 4.21571,
	3.54446 4.22819,
	3.5291 4.23876,
	3.52141 4.2426,
	3.50605 4.25412,
	3.49741 4.26949,
	3.48492 4.28485,
	3.4782 4.29253,
	3.47532 4.29638,
	3.4734 4.2983,
	3.44267 4.2983,
	3.42731 4.28773,
	3.39658 4.25892,
	3.38121 4.24644,
	3.36585 4.23204,
	3.35048 4.22147,
	3.31975 4.20515,
	3.30439 4.19362,
	3.27366 4.1677,
	3.26598 4.16193,
	3.25061 4.14753,
	3.24389 4.14081,
	3.23333 4.11008,
	3.22468 4.07935,
	3.21892 4.06398,
	3.217 4.06014,
	3.217 4.05918,
	"/>
</Transform>

<Transform dim="0"
 xcoef=" 0 1 0 0 0 0"
 ycoef=" 0 0 1 0 0 0">
<Contour name="Ed4" hidden="false" closed="true" simplified="true" border="0.541176 0.756863 0.0352941" fill="0.501961 1 1" mode="9"
 points="1.2973 4.0879,
	1.30797 4.0799,
	1.31864 4.07457,
	1.33997 4.06924,
	1.38263 4.04791,
	1.3933 4.04391,
	1.41463 4.04124,
	1.4573 4.01991,
	1.47863 4.00791,
	1.49996 3.99324,
	1.5213 3.98657,
	1.54263 3.98257,
	1.5533 3.98124,
	1.55596 3.97991,
	1.5773 3.99457,
	1.58796 3.99724,
	1.63063 4.00124,
	1.65196 3.99591,
	1.66263 3.99191,
	1.66796 3.98924,
	1.68929 3.97057,
	1.70796 3.94924,
	1.71729 3.93857,
	1.73196 3.91724,
	1.73996 3.89591,
	1.75196 3.87458,
	1.76129 3.85324,
	1.77463 3.83191,
	1.78529 3.81058,
	1.82796 3.80391,
	1.84929 3.80391,
	1.87062 3.78391,
	1.89196 3.76658,
	1.91329 3.75458,
	1.93462 3.73458,
	1.95595 3.72525,
	1.96662 3.71858,
	1.97195 3.71591,
	1.99329 3.71858,
	2.00395 3.71858,
	2.01462 3.71591,
	2.01862 3.71458,
	2.04662 3.67191,
	2.05329 3.66125,
	2.07328 3.64925,
	2.08395 3.64391,
	2.16928 3.62792,
	2.25461 3.63591,
	2.29728 3.64258,
	2.31861 3.64391,
	2.33995 3.64791,
	2.34528 3.64791,
	2.35594 3.65325,
	2.36661 3.66125,
	2.37194 3.66391,
	2.39328 3.68258,
	2.39728 3.68791,
	2.41194 3.73058,
	2.41861 3.75191,
	2.43461 3.77324,
	2.47328 3.81458,
	2.49461 3.83458,
	2.50527 3.84524,
	2.52661 3.86258,
	2.54794 3.87191,
	2.55861 3.87591,
	2.60127 3.87858,
	2.64394 3.87591,
	2.6866 3.87591,
	2.70794 3.87591,
	2.72927 3.89324,
	2.74394 3.91458,
	2.74794 3.91991,
	2.7546 3.94124,
	2.75594 3.94657,
	2.7746 3.96791,
	2.79593 3.98124,
	2.8386 4.00124,
	2.88127 4.01324,
	2.9666 4.02524,
	2.97726 4.03191,
	2.9826 4.03457,
	2.99593 4.05591,
	2.9986 4.06124,
	2.9986 4.1039,
	2.9986 4.12524,
	2.9986 4.1359,
	2.9946 4.14657,
	2.98793 4.1559,
	2.9666 4.15724,
	2.95593 4.15724,
	2.9346 4.16657,
	2.91327 4.1799,
	2.9026 4.18524,
	2.88127 4.19057,
	2.85993 4.18657,
	2.8386 4.17857,
	2.81727 4.16524,
	2.81193 4.16257,
	2.80927 4.16124,
	2.7986 4.16657,
	2.79327 4.16924,
	2.7906 4.1799,
	2.79327 4.20123,
	2.79327 4.22257,
	2.79593 4.2439,
	2.78927 4.28657,
	2.78393 4.3079,
	2.77327 4.32923,
	2.75994 4.35056,
	2.75727 4.35323,
	2.7466 4.35456,
	2.72527 4.3639,
	2.7146 4.37056,
	2.70394 4.3799,
	2.6906 4.40123,
	2.66927 4.41456,
	2.64794 4.4199,
	2.63727 4.42256,
	2.59461 4.4239,
	2.57327 4.42523,
	2.53061 4.43723,
	2.50927 4.44256,
	2.50394 4.4439,
	2.48261 4.45856,
	2.47194 4.46523,
	2.46128 4.46923,
	2.43994 4.48523,
	2.39728 4.49456,
	2.37594 4.49189,
	2.33328 4.4799,
	2.29061 4.47456,
	2.27995 4.47323,
	2.26928 4.46923,
	2.18395 4.4199,
	2.16262 4.39856,
	2.11995 4.3759,
	2.09862 4.36123,
	2.07728 4.3399,
	2.01462 4.25457,
	2.01062 4.24923,
	1.99995 4.24523,
	1.98929 4.23723,
	1.98395 4.23323,
	1.96262 4.22923,
	1.91996 4.21457,
	1.87729 4.20257,
	1.83462 4.19324,
	1.81329 4.18657,
	1.79196 4.17724,
	1.74929 4.1479,
	1.72796 4.1359,
	1.70663 4.1279,
	1.6213 4.11457,
	1.53596 4.11324,
	1.4933 4.11324,
	1.47197 4.11457,
	1.45063 4.1199,
	1.40797 4.13724,
	1.3973 4.14124,
	1.39197 4.14257,
	1.3493 4.1359,
	1.32797 4.12924,
	1.3173 4.1239,
	1.30797 4.11324,
	1.3013 4.10257,
	1.29864 4.09724,
	1.29864 4.0919,
	1.2973 4.08924,
	"/>
</Transform>

<Transform dim="0"
 xcoef=" 0 1 0 0 0 0"
 ycoef=" 0 0 1 0 0 0">
<Contour name="Ea2(v1361)" hidden="false" closed="true" simplified="true" border="0.611765 0.27451 0.643137" fill="0.458824 0.729412 1" mode="9"
 points="3.14755 3.84015,
	3.14843 3.83416,
	3.15099 3.82875,
	3.15498 3.82446,
	3.16 3.8217,
	3.16557 3.82075,
	3.17113 3.8217,
	3.17615 3.82446,
	3.18014 3.82875,
	3.1827 3.83416,
	3.18358 3.84015,
	3.1827 3.84615,
	3.18014 3.85156,
	3.17615 3.85585,
	3.17113 3.8586,
	3.16557 3.85955,
	3.16 3.8586,
	3.15498 3.85585,
	3.15099 3.85156,
	"/>
<Contour name="Ea2(v1362)" hidden="false" closed="true" simplified="true" border="0.611765 0.27451 0.643137" fill="0.458824 0.729412 1" mode="9"
 points="3.17527 3.79443,
	3.17628 3.788,
	3.17924 3.78221,
	3.18383 3.77761,
	3.18963 3.77466,
	3.19605 3.77364,
	3.20247 3.77466,
	3.20827 3.77761,
	3.21287 3.78221,
	3.21582 3.788,
	3.21684 3.79443,
	3.21582 3.80085,
	3.21287 3.80664,
	3.20827 3.81124,
	3.20247 3.81419,
	3.19605 3.81521,
	3.18963 3.81419,
	3.18383 3.81124,
	3.17924 3.80664,
	"/>
<Contour name="Ea2(v1363)" hidden="false" closed="true" simplified="true" border="0.611765 0.27451 0.643137" fill="0.458824 0.729412 1" mode="9"
 points="3.17804 3.7196,
	3.17912 3.71318,
	3.18227 3.70738,
	3.18718 3.70278,
	3.19336 3.69983,
	3.20021 3.69881,
	3.20706 3.69983,
	3.21324 3.70278,
	3.21815 3.70738,
	3.22129 3.71318,
	3.22238 3.7196,
	3.22129 3.72602,
	3.21815 3.73182,
	3.21324 3.73641,
	3.20706 3.73937,
	3.20021 3.74038,
	3.19336 3.73937,
	3.18718 3.73641,
	3.18227 3.73182,
	"/>
<Contour name="Ea2(v1364)" hidden="false" closed="true" simplified="true" border="0.611765 0.27451 0.643137" fill="0.458824 0.729412 1" mode="9"
 points="3.28612 3.83461,
	3.28714 3.82862,
	3.29009 3.82321,
	3.29469 3.81892,
	3.30048 3.81616,
	3.30691 3.81521,
	3.31333 3.81616,
	3.31912 3.81892,
	3.32372 3.82321,
	3.32668 3.82862,
	3.32769 3.83461,
	3.32668 3.84061,
	3.32372 3.84601,
	3.31912 3.85031,
	3.31333 3.85306,
	3.30691 3.85401,
	3.30048 3.85306,
	3.29469 3.85031,
	3.29009 3.84601,
	"/>
<Contour name="Ea2(v1365)" hidden="false" closed="true" simplified="true" border="0.611765 0.27451 0.643137" fill="0.458824 0.729412 1" mode="9"
 points="3.26949 3.7778,
	3.27038 3.77138,
	3.27293 3.76558,
	3.27692 3.76098,
	3.28194 3.75803,
	3.28751 3.75701,
	3.29307 3.75803,
	3.2981 3.76098,
	3.30208 3.76558,
	3.30464 3.77138,
	3.30552 3.7778,
	3.30464 3.78422,
	3.30208 3.79002,
	3.2981 3.79461,
	3.29307 3.79757,
	3.28751 3.79858,
	3.28194 3.79757,
	3.27692 3.79461,
	3.27293 3.79002,
	"/>
<Contour name="Ea2(v1366)" hidden="false" closed="true" simplified="true" border="0.611765 0.27451 0.643137" fill="0.458824 0.729412 1" mode="9"
 points="3.30829 3.7875,
	3.30924 3.7815,
	3.312 3.7761,
	3.31629 3.7718,
	3.3217 3.76905,
	3.32769 3.7681,
	3.33369 3.76905,
	3.3391 3.7718,
	3.34339 3.7761,
	3.34614 3.7815,
	3.34709 3.7875,
	3.34614 3.79349,
	3.34339 3.7989,
	3.3391 3.80319,
	3.33369 3.80595,
	3.32769 3.8069,
	3.3217 3.80595,
	3.31629 3.80319,
	3.312 3.7989,
	"/>
<Contour name="Ea2(v1367)" hidden="false" closed="true" simplified="true" border="0.611765 0.27451 0.643137" fill="0.458824 0.729412 1" mode="9"
 points="3.29998 3.74454,
	3.30086 3.73812,
	3.30342 3.73232,
	3.3074 3.72773,
	3.31243 3.72477,
	3.31799 3.72376,
	3.32356 3.72477,
	3.32858 3.72773,
	3.33257 3.73232,
	3.33513 3.73812,
	3.33601 3.74454,
	3.33513 3.75096,
	3.33257 3.75676,
	3.32858 3.76136,
	3.32356 3.76431,
	3.31799 3.76533,
	3.31243 3.76431,
	3.3074 3.76136,
	3.30342 3.75676,
	"/>
<Contour name="Ea2(v1368)" hidden="false" closed="true" simplified="true" border="0.611765 0.27451 0.643137" fill="0.458824 0.729412 1" mode="9"
 points="3.24455 3.71128,
	3.2453 3.70486,
	3.24746 3.69907,
	3.25083 3.69447,
	3.25508 3.69152,
	3.25979 3.6905,
	3.2645 3.69152,
	3.26875 3.69447,
	3.27213 3.69907,
	3.27429 3.70486,
	3.27504 3.71128,
	3.27429 3.71771,
	3.27213 3.7235,
	3.26875 3.7281,
	3.2645 3.73105,
	3.25979 3.73207,
	3.25508 3.73105,
	3.25083 3.7281,
	3.24746 3.7235,
	"/>
<Contour name="Ea2(v1369)" hidden="false" closed="true" simplified="true" border="0.611765 0.27451 0.643137" fill="0.458824 0.729412 1" mode="9"
 points="3.18358 3.64754,
	3.18446 3.64112,
	3.18702 3.63533,
	3.19101 3.63073,
	3.19603 3.62777,
	3.20159 3.62676,
	3.20716 3.62777,
	3.21218 3.63073,
	3.21617 3.63533,
	3.21873 3.64112,
	3.21961 3.64754,
	3.21873 3.65397,
	3.21617 3.65976,
	3.21218 3.66436,
	3.20716 3.66731,
	3.20159 3.66833,
	3.19603 3.66731,
	3.19101 3.66436,
	3.18702 3.65976,
	"/>
<Contour name="Ea2(v1370)" hidden="false" closed="true" simplified="true" border="0.611765 0.27451 0.643137" fill="0.458824 0.729412 1" mode="9"
 points="3.18635 3.59489,
	3.18723 3.58932,
	3.18979 3.5843,
	3.19378 3.58031,
	3.1988 3.57775,
	3.20437 3.57687,
	3.20993 3.57775,
	3.21495 3.58031,
	3.21894 3.5843,
	3.2215 3.58932,
	3.22238 3.59489,
	3.2215 3.60045,
	3.21894 3.60547,
	3.21495 3.60946,
	3.20993 3.61202,
	3.20437 3.6129,
	3.1988 3.61202,
	3.19378 3.60946,
	3.18979 3.60547,
	"/>
<Contour name="Ea2(v1371)" hidden="false" closed="true" simplified="true" border="0.611765 0.27451 0.643137" fill="0.458824 0.729412 1" mode="9"
 points="3.16418 3.54362,
	3.16513 3.53762,
	3.16789 3.53221,
	3.17218 3.52792,
	3.17759 3.52517,
	3.18358 3.52422,
	3.18958 3.52517,
	3.19498 3.52792,
	3.19928 3.53221,
	3.20203 3.53762,
	3.20298 3.54362,
	3.20203 3.54961,
	3.19928 3.55502,
	3.19498 3.55931,
	3.18958 3.56207,
	3.18358 3.56302,
	3.17759 3.56207,
	3.17218 3.55931,
	3.16789 3.55502,
	"/>
<Contour name="Ea2(v1372)" hidden="false" closed="true" simplified="true" border="0.611765 0.27451 0.643137" fill="0.458824 0.729412 1" mode="9"
 points="3.10875 3.57133,
	3.10984 3.56362,
	3.11299 3.55667,
	3.11789 3.55115,
	3.12407 3.54761,
	3.13092 3.54639,
	3.13778 3.54761,
	3.14396 3.55115,
	3.14886 3.55667,
	3.15201 3.56362,
	3.1531 3.57133,
	3.15201 3.57904,
	3.14886 3.58599,
	3.14396 3.59151,
	3.13778 3.59505,
	3.13092 3.59627,
	3.12407 3.59505,
	3.11789 3.59151,
	3.11299 3.58599,
	"/>
<Contour name="Ea2(v1373)" hidden="false" closed="true" simplified="true" border="0.611765 0.27451 0.643137" fill="0.458824 0.729412 1" mode="9"
 points="3.11707 3.5159,
	3.11795 3.50991,
	3.12051 3.5045,
	3.12449 3.50021,
	3.12951 3.49745,
	3.13508 3.4965,
	3.14065 3.49745,
	3.14567 3.50021,
	3.14965 3.5045,
	3.15221 3.50991,
	3.1531 3.5159,
	3.15221 3.5219,
	3.14965 3.5273,
	3.14567 3.5316,
	3.14065 3.53435,
	3.13508 3.5353,
	3.12951 3.53435,
	3.12449 3.5316,
	3.12051 3.5273,
	"/>
<Contour name="Ea2(v1374)" hidden="false" closed="true" simplified="true" border="0.611765 0.27451 0.643137" fill="0.458824 0.729412 1" mode="9"
 points="3.05887 3.5062,
	3.05975 3.50064,
	3.06231 3.49561,
	3.06629 3.49163,
	3.07132 3.48907,
	3.07688 3.48819,
	3.08245 3.48907,
	3.08747 3.49163,
	3.09146 3.49561,
	3.09401 3.50064,
	3.0949 3.5062,
	3.09401 3.51177,
	3.09146 3.51679,
	3.08747 3.52078,
	3.08245 3.52333,
	3.07688 3.52422,
	3.07132 3.52333,
	3.06629 3.52078,
	3.06231 3.51679,
	"/>
<Contour name="Ea2(v1375)" hidden="false" closed="true" simplified="true" border="0.611765 0.27451 0.643137" fill="0.458824 0.729412 1" mode="9"
 points="3.06718 3.45493,
	3.0682 3.44894,
	3.07115 3.44353,
	3.07575 3.43924,
	3.08154 3.43648,
	3.08797 3.43553,
	3.09439 3.43648,
	3.10018 3.43924,
	3.10478 3.44353,
	3.10774 3.44894,
	3.10875 3.45493,
	3.10774 3.46093,
	3.10478 3.46633,
	3.10018 3.47063,
	3.09439 3.47338,
	3.08797 3.47433,
	3.08154 3.47338,
	3.07575 3.47063,
	3.07115 3.46633,
	"/>
<Contour name="Ea2(v1376)" hidden="false" closed="true" simplified="true" border="0.611765 0.27451 0.643137" fill="0.458824 0.729412 1" mode="9"
 points="3.06164 3.40366,
	3.06259 3.39809,
	3.06534 3.39307,
	3.06964 3.38909,
	3.07504 3.38653,
	3.08104 3.38565,
	3.08703 3.38653,
	3.09244 3.38909,
	3.09673 3.39307,
	3.09949 3.39809,
	3.10044 3.40366,
	3.09949 3.40923,
	3.09673 3.41425,
	3.09244 3.41823,
	3.08703 3.42079,
	3.08104 3.42167,
	3.07504 3.42079,
	3.06964 3.41823,
	3.06534 3.41425,
	"/>
<Contour name="Ea2(v1377)" hidden="false" closed="true" simplified="true" border="0.611765 0.27451 0.643137" fill="0.458824 0.729412 1" mode="9"
 points="3.11984 3.46879,
	3.12072 3.46279,
	3.12328 3.45739,
	3.12726 3.45309,
	3.13229 3.45034,
	3.13785 3.44939,
	3.14342 3.45034,
	3.14844 3.45309,
	3.15243 3.45739,
	3.15498 3.46279,
	3.15587 3.46879,
	3.15498 3.47478,
	3.15243 3.48019,
	3.14844 3.48448,
	3.14342 3.48724,
	3.13785 3.48819,
	3.13229 3.48724,
	3.12726 3.48448,
	3.12328 3.48019,
	"/>
<Contour name="Ea2(v1378)" hidden="false" closed="true" simplified="true" border="0.611765 0.27451 0.643137" fill="0.458824 0.729412 1" mode="9"
 points="3.00898 3.36763,
	3.00986 3.36207,
	3.01242 3.35704,
	3.01641 3.35306,
	3.02143 3.3505,
	3.027 3.34962,
	3.03256 3.3505,
	3.03759 3.35306,
	3.04157 3.35704,
	3.04413 3.36207,
	3.04501 3.36763,
	3.04413 3.3732,
	3.04157 3.37822,
	3.03759 3.38221,
	3.03256 3.38476,
	3.027 3.38565,
	3.02143 3.38476,
	3.01641 3.38221,
	3.01242 3.37822,
	"/>
<Contour name="Ea2(v1379)" hidden="false" closed="true" simplified="true" border="0.611765 0.27451 0.643137" fill="0.458824 0.729412 1" mode="9"
 points="2.9785 3.33438,
	2.97945 3.32881,
	2.9822 3.32379,
	2.98649 3.3198,
	2.9919 3.31724,
	2.9979 3.31636,
	3.00389 3.31724,
	3.0093 3.3198,
	3.01359 3.32379,
	3.01635 3.32881,
	3.0173 3.33438,
	3.01635 3.33994,
	3.01359 3.34496,
	3.0093 3.34895,
	3.00389 3.35151,
	2.9979 3.35239,
	2.9919 3.35151,
	2.98649 3.34895,
	2.9822 3.34496,
	"/>
<Contour name="Ea2(v1380)" hidden="false" closed="true" simplified="true" border="0.611765 0.27451 0.643137" fill="0.458824 0.729412 1" mode="9"
 points="2.93138 3.33853,
	2.93227 3.33254,
	2.93482 3.32713,
	2.93881 3.32284,
	2.94383 3.32008,
	2.9494 3.31913,
	2.95496 3.32008,
	2.95999 3.32284,
	2.96397 3.32713,
	2.96653 3.33254,
	2.96741 3.33853,
	2.96653 3.34453,
	2.96397 3.34994,
	2.95999 3.35423,
	2.95496 3.35698,
	2.9494 3.35793,
	2.94383 3.35698,
	2.93881 3.35423,
	2.93482 3.34994,
	"/>
<Contour name="Ea2(v1381)" hidden="false" closed="true" simplified="true" border="0.611765 0.27451 0.643137" fill="0.458824 0.729412 1" mode="9"
 points="2.9009 3.29419,
	2.90185 3.2882,
	2.9046 3.28279,
	2.9089 3.2785,
	2.9143 3.27574,
	2.9203 3.27479,
	2.92629 3.27574,
	2.9317 3.2785,
	2.93599 3.28279,
	2.93875 3.2882,
	2.9397 3.29419,
	2.93875 3.30019,
	2.93599 3.30559,
	2.9317 3.30988,
	2.92629 3.31264,
	2.9203 3.31359,
	2.9143 3.31264,
	2.9089 3.30988,
	2.9046 3.30559,
	"/>
<Contour name="Ea2(v1383)" hidden="false" closed="true" simplified="true" border="0.611765 0.27451 0.643137" fill="0.458824 0.729412 1" mode="9"
 points="2.85933 3.32052,
	2.86028 3.3141,
	2.86303 3.3083,
	2.86732 3.3037,
	2.87273 3.30075,
	2.87873 3.29973,
	2.88472 3.30075,
	2.89013 3.3037,
	2.89442 3.3083,
	2.89718 3.3141,
	2.89813 3.32052,
	2.89718 3.32694,
	2.89442 3.33274,
	2.89013 3.33733,
	2.88472 3.34029,
	2.87873 3.3413,
	2.87273 3.34029,
	2.86732 3.33733,
	2.86303 3.33274,
	"/>
<Contour name="Ea2(v1384)" hidden="false" closed="true" simplified="true" border="0.611765 0.27451 0.643137" fill="0.458824 0.729412 1" mode="9"
 points="2.80113 3.33299,
	2.80208 3.32614,
	2.80483 3.31996,
	2.80913 3.31505,
	2.81453 3.3119,
	2.82053 3.31082,
	2.82652 3.3119,
	2.83193 3.31505,
	2.83622 3.31996,
	2.83898 3.32614,
	2.83993 3.33299,
	2.83898 3.33984,
	2.83622 3.34602,
	2.83193 3.35093,
	2.82652 3.35408,
	2.82053 3.35516,
	2.81453 3.35408,
	2.80913 3.35093,
	2.80483 3.34602,
	"/>
<Contour name="Ea2(v1385)" hidden="false" closed="true" simplified="true" border="0.611765 0.27451 0.643137" fill="0.458824 0.729412 1" mode="9"
 points="2.80667 3.27479,
	2.80769 3.26794,
	2.81064 3.26176,
	2.81524 3.25685,
	2.82103 3.2537,
	2.82746 3.25262,
	2.83388 3.2537,
	2.83967 3.25685,
	2.84427 3.26176,
	2.84722 3.26794,
	2.84824 3.27479,
	2.84722 3.28164,
	2.84427 3.28782,
	2.83967 3.29273,
	2.83388 3.29588,
	2.82746 3.29696,
	2.82103 3.29588,
	2.81524 3.29273,
	2.81064 3.28782,
	"/>
<Contour name="Ea2(v1386)" hidden="false" closed="true" simplified="true" border="0.611765 0.27451 0.643137" fill="0.458824 0.729412 1" mode="9"
 points="2.83716 3.16809,
	2.83824 3.16167,
	2.84139 3.15587,
	2.8463 3.15128,
	2.85248 3.14832,
	2.85933 3.14731,
	2.86618 3.14832,
	2.87236 3.15128,
	2.87726 3.15587,
	2.88041 3.16167,
	2.8815 3.16809,
	2.88041 3.17451,
	2.87726 3.18031,
	2.87236 3.18491,
	2.86618 3.18786,
	2.85933 3.18888,
	2.85248 3.18786,
	2.8463 3.18491,
	2.84139 3.18031,
	"/>
<Contour name="Ea2(v1387)" hidden="false" closed="true" simplified="true" border="0.611765 0.27451 0.643137" fill="0.458824 0.729412 1" mode="9"
 points="2.84824 3.24985,
	2.84926 3.243,
	2.85221 3.23682,
	2.85681 3.23191,
	2.8626 3.22876,
	2.86903 3.22768,
	2.87545 3.22876,
	2.88124 3.23191,
	2.88584 3.23682,
	2.8888 3.243,
	2.88981 3.24985,
	2.8888 3.2567,
	2.88584 3.26288,
	2.88124 3.26778,
	2.87545 3.27093,
	2.86903 3.27202,
	2.8626 3.27093,
	2.85681 3.26778,
	2.85221 3.26288,
	"/>
<Contour name="Ea2(v1388)" hidden="false" closed="true" simplified="true" border="0.611765 0.27451 0.643137" fill="0.458824 0.729412 1" mode="9"
 points="2.76233 3.17918,
	2.76341 3.17275,
	2.76656 3.16696,
	2.77147 3.16236,
	2.77765 3.15941,
	2.7845 3.15839,
	2.79135 3.15941,
	2.79753 3.16236,
	2.80244 3.16696,
	2.80559 3.17275,
	2.80667 3.17918,
	2.80559 3.1856,
	2.80244 3.19139,
	2.79753 3.19599,
	2.79135 3.19895,
	2.7845 3.19996,
	2.77765 3.19895,
	2.77147 3.19599,
	2.76656 3.19139,
	"/>
<Contour name="Ea2(v1389)" hidden="false" closed="true" simplified="true" border="0.611765 0.27451 0.643137" fill="0.458824 0.729412 1" mode="9"
 points="2.76787 3.24846,
	2.76875 3.24204,
	2.77131 3.23624,
	2.7753 3.23165,
	2.78032 3.22869,
	2.78589 3.22768,
	2.79145 3.22869,
	2.79647 3.23165,
	2.80046 3.23624,
	2.80302 3.24204,
	2.8039 3.24846,
	2.80302 3.25489,
	2.80046 3.26068,
	2.79647 3.26528,
	2.79145 3.26823,
	2.78589 3.26925,
	2.78032 3.26823,
	2.7753 3.26528,
	2.77131 3.26068,
	"/>
<Contour name="Ea2(v1390)" hidden="false" closed="true" simplified="true" border="0.611765 0.27451 0.643137" fill="0.458824 0.729412 1" mode="9"
 points="3.33601 3.93992,
	3.33689 3.93393,
	3.33945 3.92852,
	3.34343 3.92423,
	3.34845 3.92147,
	3.35402 3.92052,
	3.35959 3.92147,
	3.36461 3.92423,
	3.36859 3.92852,
	3.37115 3.93393,
	3.37204 3.93992,
	3.37115 3.94592,
	3.36859 3.95133,
	3.36461 3.95562,
	3.35959 3.95837,
	3.35402 3.95932,
	3.34845 3.95837,
	3.34343 3.95562,
	3.33945 3.95133,
	"/>
<Contour name="Ea2(v1391)" hidden="false" closed="true" simplified="true" border="0.611765 0.27451 0.643137" fill="0.458824 0.729412 1" mode="9"
 points="3.29721 3.91498,
	3.29809 3.90899,
	3.30065 3.90358,
	3.30463 3.89929,
	3.30965 3.89653,
	3.31522 3.89558,
	3.32079 3.89653,
	3.32581 3.89929,
	3.3298 3.90358,
	3.33235 3.90899,
	3.33324 3.91498,
	3.33235 3.92098,
	3.3298 3.92638,
	3.32581 3.93068,
	3.32079 3.93343,
	3.31522 3.93438,
	3.30965 3.93343,
	3.30463 3.93068,
	3.30065 3.92638,
	"/>
<Contour name="Ea2(v1394)" hidden="false" closed="true" simplified="true" border="0.611765 0.27451 0.643137" fill="0.458824 0.729412 1" mode="9"
 points="3.32215 3.88311,
	3.32303 3.87754,
	3.32559 3.87252,
	3.32958 3.86854,
	3.3346 3.86598,
	3.34016 3.8651,
	3.34573 3.86598,
	3.35075 3.86854,
	3.35474 3.87252,
	3.3573 3.87754,
	3.35818 3.88311,
	3.3573 3.88868,
	3.35474 3.8937,
	3.35075 3.89768,
	3.34573 3.90024,
	3.34016 3.90113,
	3.3346 3.90024,
	3.32958 3.89768,
	3.32559 3.8937,
	"/>
<Contour name="Ea2(v1395)" hidden="false" closed="true" simplified="true" border="0.611765 0.27451 0.643137" fill="0.458824 0.729412 1" mode="9"
 points="3.36095 3.86371,
	3.36176 3.85814,
	3.36413 3.85312,
	3.3678 3.84914,
	3.37244 3.84658,
	3.37758 3.8457,
	3.38272 3.84658,
	3.38735 3.84914,
	3.39103 3.85312,
	3.39339 3.85814,
	3.39421 3.86371,
	3.39339 3.86928,
	3.39103 3.8743,
	3.38735 3.87828,
	3.38272 3.88084,
	3.37758 3.88173,
	3.37244 3.88084,
	3.3678 3.87828,
	3.36413 3.8743,
	"/>
<Contour name="Ea2(v1396)" hidden="false" closed="true" simplified="true" border="0.611765 0.27451 0.643137" fill="0.458824 0.729412 1" mode="9"
 points="3.23624 3.97041,
	3.23739 3.9627,
	3.24074 3.95575,
	3.24595 3.95023,
	3.25251 3.94669,
	3.25979 3.94547,
	3.26707 3.94669,
	3.27364 3.95023,
	3.27885 3.95575,
	3.2822 3.9627,
	3.28335 3.97041,
	3.2822 3.97812,
	3.27885 3.98507,
	3.27364 3.99059,
	3.26707 3.99413,
	3.25979 3.99535,
	3.25251 3.99413,
	3.24595 3.99059,
	3.24074 3.98507,
	"/>
<Contour name="Ea2(v1397)" hidden="false" closed="true" simplified="true" border="0.611765 0.27451 0.643137" fill="0.458824 0.729412 1" mode="9"
 points="3.17804 3.92052,
	3.17912 3.91367,
	3.18227 3.90749,
	3.18718 3.90259,
	3.19336 3.89944,
	3.20021 3.89835,
	3.20706 3.89944,
	3.21324 3.90259,
	3.21815 3.90749,
	3.22129 3.91367,
	3.22238 3.92052,
	3.22129 3.92738,
	3.21815 3.93356,
	3.21324 3.93846,
	3.20706 3.94161,
	3.20021 3.9427,
	3.19336 3.94161,
	3.18718 3.93846,
	3.18227 3.93356,
	"/>
</Transform>

<Transform dim="0"
 xcoef=" 0 1 0 0 0 0"
 ycoef=" 0 0 1 0 0 0">
<Contour name="Ea4(v416)" hidden="false" closed="true" simplified="true" border="0.612 0.275 0.643" fill="0.459 0.729 1" mode="9"
 points="3.57089 4.90066,
	3.57189 4.89385,
	3.57478 4.8877,
	3.57928 4.88282,
	3.58496 4.87969,
	3.59125 4.87861,
	3.59754 4.87969,
	3.60321 4.88282,
	3.60771 4.8877,
	3.61061 4.89385,
	3.6116 4.90066,
	3.61061 4.90747,
	3.60771 4.91362,
	3.60321 4.9185,
	3.59754 4.92163,
	3.59125 4.92271,
	3.58496 4.92163,
	3.57928 4.9185,
	3.57478 4.91362,
	"/>
<Contour name="Ea4(v417)" hidden="false" closed="true" simplified="true" border="0.612 0.275 0.643" fill="0.459 0.729 1" mode="9"
 points="3.38431 4.77853,
	3.38547 4.77172,
	3.38884 4.76557,
	3.3941 4.76069,
	3.40072 4.75756,
	3.40805 4.75648,
	3.41539 4.75756,
	3.42201 4.76069,
	3.42727 4.76557,
	3.43064 4.77172,
	3.4318 4.77853,
	3.43064 4.78534,
	3.42727 4.79149,
	3.42201 4.79637,
	3.41539 4.7995,
	3.40805 4.80058,
	3.40072 4.7995,
	3.3941 4.79637,
	3.38884 4.79149,
	"/>
<Contour name="Ea4(v418)" hidden="false" closed="true" simplified="true" border="0.612 0.275 0.643" fill="0.459 0.729 1" mode="9"
 points="3.3436 4.72086,
	3.34451 4.71404,
	3.34716 4.7079,
	3.35129 4.70302,
	3.35649 4.69989,
	3.36226 4.69881,
	3.36802 4.69989,
	3.37322 4.70302,
	3.37735 4.7079,
	3.38 4.71404,
	3.38091 4.72086,
	3.38 4.72767,
	3.37735 4.73382,
	3.37322 4.7387,
	3.36802 4.74183,
	3.36226 4.74291,
	3.35649 4.74183,
	3.35129 4.7387,
	3.34716 4.73382,
	"/>
<Contour name="Ea4(v419)" hidden="false" closed="true" simplified="true" border="0.612 0.275 0.643" fill="0.459 0.729 1" mode="9"
 points="3.33342 4.385,
	3.33458 4.37819,
	3.33796 4.37204,
	3.34321 4.36717,
	3.34983 4.36403,
	3.35717 4.36295,
	3.36451 4.36403,
	3.37113 4.36717,
	3.37638 4.37204,
	3.37975 4.37819,
	3.38091 4.385,
	3.37975 4.39182,
	3.37638 4.39797,
	3.37113 4.40284,
	3.36451 4.40598,
	3.35717 4.40706,
	3.34983 4.40598,
	3.34321 4.40284,
	3.33796 4.39797,
	"/>
</Transform>

<Transform dim="0"
 xcoef=" 0 1 0 0 0 0"
 ycoef=" 0 0 1 0 0 0">
<Contour name="Ea5" hidden="false" closed="true" simplified="true" border="0.984314 0.207843 0.0156863" fill="1 1 0.690196" mode="9"
 points="1.17017 5.8684,
	1.17565 5.85085,
	1.17894 5.84208,
	1.20307 5.80699,
	1.21513 5.78944,
	1.22281 5.77189,
	1.2261 5.76312,
	1.23378 5.75654,
	1.24804 5.73899,
	1.259 5.72144,
	1.28532 5.68635,
	1.28971 5.67758,
	1.2941 5.66003,
	1.29629 5.65125,
	1.31384 5.61616,
	1.32151 5.59861,
	1.3259 5.58984,
	1.33138 5.57229,
	1.34893 5.55475,
	1.3577 5.54597,
	1.36209 5.54159,
	1.36977 5.52404,
	1.38403 5.50649,
	1.41912 5.49772,
	1.42789 5.49662,
	1.43228 5.49552,
	1.44983 5.49991,
	1.4586 5.5021,
	1.47615 5.51197,
	1.49369 5.51856,
	1.50247 5.52404,
	1.51124 5.53281,
	1.52331 5.55036,
	1.52769 5.56791,
	1.53756 5.63809,
	1.54085 5.67319,
	1.54085 5.68196,
	1.52769 5.75215,
	1.53318 5.78724,
	1.53427 5.82234,
	1.53427 5.83111,
	1.53756 5.84866,
	1.53976 5.85743,
	1.54963 5.87498,
	1.54963 5.89253,
	1.54414 5.92762,
	1.54305 5.94517,
	1.54634 5.96272,
	1.54743 5.97149,
	1.54195 5.98904,
	1.53318 6.00658,
	1.53098 6.01097,
	1.52769 6.02852,
	1.5255 6.03729,
	1.52989 6.05484,
	1.53208 6.07238,
	1.52879 6.08993,
	1.52769 6.09871,
	1.51782 6.11625,
	1.50137 6.15135,
	1.49808 6.15573,
	1.46299 6.16889,
	1.44544 6.17547,
	1.37525 6.17438,
	1.3577 6.17109,
	1.32261 6.15573,
	1.31384 6.15025,
	1.29629 6.13599,
	1.26229 6.10309,
	1.24913 6.08554,
	1.21184 6.01536,
	1.20307 5.99781,
	1.19868 5.98904,
	1.18662 5.95394,
	1.17675 5.91885,
	1.17236 5.9013,
	1.17017 5.89253,
	1.17017 5.87498,
	1.17017 5.87059,
	1.17017 5.8695,
	"/>
</Transform>

<Transform dim="0"
 xcoef=" 0 1 0 0 0 0"
 ycoef=" 0 0 1 0 0 0">
<Contour name="Ea2(ER)" hidden="false" closed="true" simplified="true" border="0.607843 0.768627 0.956863" fill="0.733333 0.752941 0.94902" mode="9"
 points="2.91282 3.21089,
	2.92656 3.198,
	2.93343 3.198,
	2.93945 3.20401,
	2.94288 3.21089,
	2.95491 3.22463,
	2.97466 3.25212,
	2.97982 3.25899,
	2.9824 3.27273,
	2.98669 3.28648,
	2.98841 3.29335,
	2.98669 3.30022,
	2.98497 3.30108,
	2.9781 3.29936,
	2.97123 3.29507,
	2.96607 3.28819,
	2.95233 3.27617,
	2.94116 3.26242,
	2.93601 3.25555,
	2.93257 3.24868,
	2.91969 3.23666,
	2.91454 3.22978,
	2.91282 3.22807,
	2.91282 3.21432,
	2.91282 3.21174,
	"/>
</Transform>

<Transform dim="0"
 xcoef=" 0 1 0 0 0 0"
 ycoef=" 0 0 1 0 0 0">
<Contour name="Ea2(endo3)" hidden="false" closed="true" simplified="true" border="1 1 0" fill="1 1 1" mode="9"
 points="3.02639 3.65218,
	3.02777 3.64663,
	3.02847 3.64386,
	3.03748 3.63276,
	3.03956 3.62999,
	3.05066 3.62444,
	3.06175 3.62444,
	3.0673 3.62513,
	3.07839 3.63276,
	3.08949 3.64386,
	3.09642 3.65495,
	3.09781 3.6605,
	3.09781 3.66605,
	3.09573 3.67159,
	3.09088 3.67575,
	3.08048 3.69795,
	3.07909 3.70349,
	3.08325 3.71459,
	3.08464 3.71736,
	3.08464 3.72915,
	3.08117 3.7347,
	3.07007 3.74094,
	3.0673 3.74302,
	3.06453 3.74371,
	3.05343 3.73955,
	3.04788 3.73608,
	3.04442 3.73054,
	3.04234 3.72499,
	3.04303 3.71389,
	3.04511 3.70835,
	3.0465 3.70557,
	3.04719 3.70419,
	3.04511 3.69309,
	3.04442 3.68754,
	3.03748 3.67645,
	3.03193 3.6709,
	3.02916 3.66535,
	3.02639 3.65426,
	3.02639 3.65287,
	"/>
</Transform>

<Transform dim="0"
 xcoef=" 0 1 0 0 0 0"
 ycoef=" 0 0 1 0 0 0">
<Contour name="Ea4(ER)" hidden="false" closed="true" simplified="true" border="0.580392 0.988235 0.87451" fill="0.733 0.753 0.949" mode="9"
 points="3.44285 4.79559,
	3.44562 4.78081,
	3.44839 4.77342,
	3.45301 4.76695,
	3.46779 4.76048,
	3.47519 4.7614,
	3.47888 4.76233,
	3.49182 4.77711,
	3.49552 4.7845,
	3.49736 4.81407,
	3.49829 4.82886,
	3.50291 4.84364,
	3.50753 4.85103,
	3.52139 4.86489,
	3.53617 4.87598,
	3.53987 4.87875,
	3.54079 4.88614,
	3.53802 4.88984,
	3.53432 4.89169,
	3.51954 4.87783,
	3.50476 4.86674,
	3.48997 4.86027,
	3.48258 4.85658,
	3.45393 4.8307,
	3.44747 4.81592,
	3.44377 4.80114,
	3.44285 4.79744,
	3.44285 4.79652,
	"/>
<Contour name="Ea4(ER)" hidden="false" closed="true" simplified="true" border="0.580392 0.988235 0.87451" fill="0.733 0.753 0.949" mode="9"
 points="3.40404 4.67085,
	3.41143 4.66346,
	3.41513 4.66069,
	3.42252 4.66346,
	3.42621 4.66531,
	3.43545 4.68009,
	3.43823 4.68379,
	3.441 4.68563,
	3.44469 4.68563,
	3.45209 4.68933,
	3.45486 4.69303,
	3.45578 4.69488,
	3.45024 4.70966,
	3.44931 4.71336,
	3.44654 4.71705,
	3.43176 4.72537,
	3.42437 4.72537,
	3.40958 4.71336,
	3.40496 4.69857,
	3.40404 4.68379,
	3.40404 4.67639,
	3.40404 4.6727,
	3.40404 4.67177,
	"/>
<Contour name="Ea4(ER)" hidden="false" closed="true" simplified="true" border="0.580392 0.988235 0.87451" fill="0.733 0.753 0.949" mode="9"
 points="3.48856 4.66489,
	3.49226 4.6575,
	3.49411 4.6538,
	3.4978 4.65473,
	3.50612 4.65565,
	3.51074 4.66212,
	3.52368 4.6769,
	3.53014 4.6843,
	3.53661 4.68799,
	3.5514 4.68892,
	3.56618 4.68799,
	3.57357 4.68707,
	3.58097 4.68799,
	3.58743 4.69261,
	3.59298 4.7,
	3.59667 4.7074,
	3.59667 4.72218,
	3.59298 4.72957,
	3.59113 4.7305,
	3.58374 4.72772,
	3.57173 4.71294,
	3.56526 4.70647,
	3.55047 4.70647,
	3.54308 4.7074,
	3.5283 4.7037,
	3.51351 4.70185,
	3.50612 4.69908,
	3.49134 4.68522,
	3.48856 4.68152,
	3.48856 4.66674,
	3.48856 4.66582,
	"/>
</Transform>

<Transform dim="0"
 xcoef=" 0 1 0 0 0 0"
 ycoef=" 0 0 1 0 0 0">
<Contour name="Ea2" hidden="false" closed="true" simplified="true" border="0.984 0.208 0.016" fill="1 1 0.69" mode="9"
 points="2.68494 3.33236,
	2.70983 3.31369,
	2.71294 3.31174,
	2.7145 3.31097,
	2.71528 3.31019,
	2.71839 3.30941,
	2.71916 3.30902,
	2.72228 3.31019,
	2.72539 3.31291,
	2.72733 3.31602,
	2.73939 3.32847,
	2.74561 3.32886,
	2.75183 3.32769,
	2.75495 3.32652,
	2.75806 3.32458,
	2.76389 3.31836,
	2.76895 3.30591,
	2.77011 3.29969,
	2.7705 3.28724,
	2.76973 3.28102,
	2.76778 3.2748,
	2.76506 3.26857,
	2.76428 3.26235,
	2.76428 3.2608,
	2.75261 3.24835,
	2.74639 3.24291,
	2.74017 3.23863,
	2.73394 3.23513,
	2.70983 3.21024,
	2.704 3.20401,
	2.70244 3.2009,
	2.70205 3.19468,
	2.7145 3.16979,
	2.71839 3.16356,
	2.72111 3.16045,
	2.72733 3.1554,
	2.73044 3.14917,
	2.73161 3.14295,
	2.73161 3.13673,
	2.73161 3.13362,
	2.73433 3.12739,
	2.73589 3.12428,
	2.74017 3.11806,
	2.74717 3.10562,
	2.74872 3.1025,
	2.75106 3.09006,
	2.75222 3.06517,
	2.753 3.05894,
	2.75533 3.05272,
	2.75845 3.0465,
	2.76389 3.04028,
	2.767 3.03755,
	2.77945 3.03133,
	2.78256 3.02977,
	2.78567 3.029,
	2.78723 3.02861,
	2.788 3.02822,
	2.79423 3.03133,
	2.80667 3.04261,
	2.8129 3.04883,
	2.81562 3.05194,
	2.82923 3.07683,
	2.83273 3.08306,
	2.83468 3.08617,
	2.83973 3.09239,
	2.85218 3.10406,
	2.8584 3.10873,
	2.86151 3.11145,
	2.87396 3.11806,
	2.87707 3.12078,
	2.88407 3.13323,
	2.89574 3.14567,
	2.90818 3.15773,
	2.91985 3.17018,
	2.92529 3.1764,
	2.93152 3.18262,
	2.93774 3.18768,
	2.94085 3.18962,
	2.94707 3.19468,
	2.9533 3.19857,
	2.95485 3.19935,
	2.9673 3.21062,
	2.97313 3.21685,
	2.97585 3.22307,
	2.9778 3.22618,
	2.98363 3.2324,
	2.98558 3.23552,
	2.98636 3.23707,
	2.9988 3.24368,
	3.00502 3.24718,
	3.00814 3.24952,
	3.01241 3.25574,
	3.01436 3.25885,
	3.0268 3.26546,
	3.02992 3.26702,
	3.04197 3.27946,
	3.04625 3.28569,
	3.04781 3.2888,
	3.05014 3.29191,
	3.05675 3.30436,
	3.0622 3.31058,
	3.06453 3.31369,
	3.06609 3.31525,
	3.07892 3.34014,
	3.08553 3.35258,
	3.08864 3.3588,
	3.1007 3.37125,
	3.11315 3.38253,
	3.13765 3.40742,
	3.14387 3.41364,
	3.15009 3.4187,
	3.15632 3.4222,
	3.15943 3.42376,
	3.16487 3.42998,
	3.17265 3.44242,
	3.17654 3.44865,
	3.17848 3.45487,
	3.17887 3.45798,
	3.18471 3.47043,
	3.18665 3.47354,
	3.18937 3.47665,
	3.19676 3.48909,
	3.20104 3.49532,
	3.21349 3.50776,
	3.21854 3.51399,
	3.23332 3.53888,
	3.24693 3.56377,
	3.25355 3.57621,
	3.25705 3.58244,
	3.26171 3.58866,
	3.28466 3.61355,
	3.29594 3.626,
	3.30061 3.63222,
	3.31422 3.65711,
	3.31772 3.66333,
	3.32239 3.66956,
	3.33444 3.682,
	3.33755 3.68511,
	3.34105 3.69133,
	3.343 3.69756,
	3.34378 3.70378,
	3.34533 3.71,
	3.35117 3.72245,
	3.35272 3.72556,
	3.35739 3.73178,
	3.36478 3.74423,
	3.36828 3.75045,
	3.37334 3.75667,
	3.38578 3.76795,
	3.39123 3.77418,
	3.39356 3.77729,
	3.406 3.80218,
	3.41184 3.81462,
	3.41456 3.82085,
	3.41495 3.82396,
	3.41378 3.8364,
	3.41301 3.83951,
	3.41301 3.84263,
	3.41223 3.84379,
	3.41223 3.85624,
	3.41262 3.86246,
	3.41301 3.86518,
	3.41456 3.8683,
	3.41534 3.86985,
	3.41534 3.87141,
	3.41689 3.87452,
	3.41767 3.8753,
	3.41767 3.87685,
	3.41845 3.87763,
	3.41845 3.87919,
	3.41923 3.87957,
	3.41923 3.88113,
	3.42156 3.88735,
	3.42234 3.88891,
	3.42234 3.89046,
	3.42623 3.89669,
	3.4274 3.8998,
	3.42973 3.90291,
	3.4309 3.90447,
	3.43128 3.90602,
	3.43323 3.90913,
	3.43829 3.92119,
	3.43829 3.92158,
	3.4379 3.92352,
	3.4379 3.9243,
	3.4379 3.92819,
	3.43634 3.9313,
	3.43556 3.93286,
	3.43284 3.93597,
	3.4204 3.94258,
	3.40795 3.94802,
	3.38306 3.96086,
	3.37995 3.9628,
	3.37411 3.96903,
	3.34922 3.98186,
	3.343 3.98458,
	3.33989 3.98536,
	3.33367 3.98342,
	3.33055 3.98186,
	3.32433 3.98147,
	3.31811 3.98225,
	3.31227 3.98653,
	3.30644 3.99236,
	3.30333 3.9947,
	3.29088 4.00092,
	3.28466 4.00325,
	3.25977 4.00753,
	3.24732 4.0087,
	3.23488 4.01103,
	3.22866 4.0122,
	3.22554 4.01298,
	3.21932 4.01181,
	3.2131 4.00947,
	3.20688 4.00597,
	3.20065 4.0017,
	3.19754 3.99936,
	3.19132 3.99314,
	3.1816 3.98069,
	3.17654 3.97447,
	3.17343 3.97136,
	3.16409 3.95891,
	3.15943 3.95269,
	3.1532 3.94725,
	3.15009 3.94491,
	3.13765 3.94064,
	3.13142 3.9383,
	3.11898 3.93208,
	3.11276 3.92819,
	3.09175 3.90369,
	3.08553 3.89824,
	3.07309 3.88969,
	3.06686 3.88619,
	3.06064 3.88113,
	3.05014 3.86868,
	3.03769 3.85624,
	3.02525 3.84729,
	3.0128 3.8399,
	3.00036 3.83407,
	2.99413 3.83135,
	2.98169 3.82824,
	2.97547 3.82668,
	2.96924 3.82435,
	2.96613 3.82318,
	2.95991 3.8189,
	2.93502 3.79829,
	2.9288 3.79401,
	2.92568 3.79323,
	2.92413 3.79284,
	2.91791 3.78818,
	2.91207 3.78195,
	2.9074 3.77573,
	2.90624 3.77418,
	2.90546 3.7734,
	2.9039 3.76717,
	2.90546 3.76095,
	2.91402 3.74851,
	2.91596 3.74228,
	2.91674 3.73917,
	2.91557 3.73295,
	2.91518 3.72984,
	2.91479 3.72828,
	2.91557 3.72206,
	2.91557 3.71895,
	2.91907 3.7065,
	2.92102 3.70028,
	2.92141 3.69717,
	2.92063 3.69406,
	2.91868 3.69095,
	2.91557 3.68822,
	2.90313 3.68083,
	2.8969 3.67694,
	2.87201 3.65672,
	2.85957 3.64739,
	2.85334 3.64272,
	2.8409 3.6365,
	2.83468 3.63377,
	2.83156 3.633,
	2.83001 3.63261,
	2.82379 3.62755,
	2.81134 3.61511,
	2.78567 3.56532,
	2.77945 3.55288,
	2.77634 3.54043,
	2.77556 3.53732,
	2.77556 3.53577,
	2.76195 3.51087,
	2.75417 3.49843,
	2.75106 3.49221,
	2.74911 3.48598,
	2.74483 3.46109,
	2.74445 3.45798,
	2.74445 3.45642,
	2.73278 3.43153,
	2.7145 3.40664,
	2.68961 3.35686,
	2.68688 3.35064,
	2.68338 3.33819,
	2.683 3.33741,
	2.68455 3.3343,
	2.68455 3.33275,
	"/>
</Transform>

<Transform dim="0"
 xcoef=" 0 1 0 0 0 0"
 ycoef=" 0 0 1 0 0 0">
<Contour name="Ea4(ER)" hidden="false" closed="true" simplified="true" border="0.580392 0.988235 0.87451" fill="0.733 0.753 0.949" mode="9"
 points="4.84273 6.24787,
	4.84657 6.23558,
	4.85118 6.22944,
	4.85271 6.2279,
	4.85886 6.23251,
	4.86193 6.23558,
	4.87652 6.26015,
	4.88343 6.27244,
	4.88496 6.27551,
	4.8865 6.27551,
	4.89034 6.28165,
	4.89187 6.28472,
	4.89187 6.29087,
	4.8865 6.30315,
	4.88343 6.30546,
	4.87114 6.30622,
	4.86807 6.30546,
	4.85655 6.29547,
	4.84887 6.28319,
	4.84427 6.2709,
	4.84273 6.26783,
	4.84273 6.25555,
	4.84273 6.2494,
	4.84273 6.24864,
	"/>
</Transform>

<Transform dim="0"
 xcoef=" 0 1 0 0 0 0"
 ycoef=" 0 0 1 0 0 0">
<Contour name="Ea4" hidden="false" closed="true" simplified="true" border="0.984 0.208 0.016" fill="1 1 0.69" mode="9"
 points="4.72452 6.22632,
	4.72863 6.21809,
	4.73635 6.20987,
	4.73892 6.20575,
	4.73995 6.19752,
	4.73943 6.19341,
	4.73583 6.18518,
	4.73326 6.18106,
	4.73172 6.17901,
	4.73069 6.17489,
	4.73018 6.16666,
	4.72966 6.16255,
	4.7312 6.15432,
	4.74663 6.1214,
	4.74766 6.11935,
	4.75486 6.11112,
	4.76309 6.1034,
	4.76463 6.10134,
	4.76823 6.08489,
	4.77029 6.07666,
	4.77955 6.0602,
	4.78572 6.05197,
	4.80269 6.01905,
	4.80578 6.01494,
	4.80938 6.00671,
	4.81195 5.99848,
	4.81349 5.99437,
	4.81915 5.98614,
	4.82687 5.97791,
	4.83098 5.97997,
	4.83458 5.98357,
	4.83921 5.9918,
	4.8459 6.00002,
	4.85104 6.00825,
	4.85773 6.01648,
	4.86235 6.02471,
	4.86338 6.02677,
	4.86441 6.05968,
	4.86595 6.07614,
	4.86647 6.08437,
	4.8819 6.11729,
	4.8891 6.13375,
	4.89476 6.1502,
	4.89887 6.15843,
	4.90093 6.16255,
	4.90864 6.17078,
	4.91173 6.17489,
	4.91996 6.19135,
	4.9215 6.19958,
	4.92202 6.20781,
	4.91842 6.22427,
	4.91687 6.2325,
	4.91842 6.24895,
	4.91893 6.25718,
	4.91842 6.26541,
	4.9179 6.26953,
	4.91893 6.27776,
	4.92099 6.28598,
	4.92253 6.2901,
	4.92304 6.29833,
	4.92304 6.30244,
	4.91944 6.31067,
	4.91687 6.31479,
	4.91481 6.31633,
	4.90659 6.31787,
	4.89013 6.3189,
	4.88601 6.3189,
	4.87778 6.3153,
	4.86133 6.3045,
	4.85721 6.30193,
	4.84898 6.2937,
	4.84487 6.2901,
	4.83664 6.28547,
	4.83252 6.28341,
	4.83047 6.2829,
	4.82224 6.28444,
	4.80578 6.2901,
	4.80372 6.29113,
	4.78726 6.2865,
	4.78006 6.27878,
	4.77801 6.27467,
	4.77081 6.26695,
	4.76258 6.26078,
	4.75435 6.25873,
	4.74612 6.2577,
	4.742 6.2577,
	4.73789 6.25667,
	4.73429 6.25307,
	4.72606 6.23661,
	4.72503 6.23455,
	4.72452 6.22684,
	"/>
</Transform>

<Transform dim="0"
 xcoef=" 0 1 0 0 0 0"
 ycoef=" 0 0 1 0 0 0">
<Contour name="Ea2(endo3)" hidden="false" closed="true" simplified="true" border="1 1 0" fill="1 1 1" mode="9"
 points="3.06037 3.82554,
	3.06175 3.82277,
	3.06106 3.81722,
	3.06175 3.81167,
	3.06661 3.80058,
	3.06869 3.79503,
	3.07562 3.78393,
	3.07701 3.78116,
	3.08256 3.77561,
	3.09365 3.76937,
	3.0992 3.7659,
	3.10405 3.76036,
	3.10544 3.75481,
	3.10613 3.73262,
	3.11029 3.71043,
	3.11584 3.69933,
	3.12 3.69378,
	3.12555 3.68824,
	3.12694 3.68685,
	3.13248 3.68685,
	3.13803 3.68893,
	3.14358 3.6924,
	3.14635 3.69378,
	3.14774 3.69517,
	3.15051 3.69517,
	3.15329 3.69656,
	3.15745 3.70211,
	3.1623 3.7132,
	3.16092 3.73539,
	3.15398 3.74649,
	3.13179 3.76105,
	3.12624 3.76174,
	3.1207 3.76036,
	3.11515 3.76036,
	3.11237 3.76036,
	3.11029 3.7659,
	3.10891 3.76868,
	3.10821 3.77006,
	3.11376 3.78116,
	3.11723 3.78671,
	3.1207 3.8082,
	3.1207 3.81306,
	3.11931 3.81791,
	3.12139 3.82831,
	3.11723 3.8505,
	3.11584 3.85605,
	3.11237 3.8616,
	3.10683 3.86645,
	3.10405 3.86853,
	3.10267 3.86992,
	3.09157 3.86992,
	3.08048 3.86576,
	3.06938 3.85883,
	3.06453 3.85328,
	3.06245 3.84773,
	3.06245 3.83663,
	3.06037 3.82623,
	"/>
</Transform>

<Transform dim="0"
 xcoef=" 0 1 0 0 0 0"
 ycoef=" 0 0 1 0 0 0">
<Contour name="Ea4" hidden="false" closed="true" simplified="true" border="0.984 0.208 0.016" fill="1 1 0.69" mode="9"
 points="2.96913 3.83997,
	2.97625 3.84486,
	2.99047 3.85287,
	2.99759 3.85687,
	3.01181 3.8662,
	3.01892 3.87065,
	3.02604 3.87598,
	3.04026 3.89021,
	3.04738 3.8951,
	3.05449 3.8991,
	3.05805 3.90132,
	3.06516 3.90799,
	3.06783 3.91155,
	3.07494 3.91688,
	3.08917 3.92444,
	3.09628 3.92933,
	3.09984 3.932,
	3.10606 3.93911,
	3.11095 3.94623,
	3.11895 3.96045,
	3.12384 3.96756,
	3.12473 3.97112,
	3.12473 3.97201,
	3.12607 3.97379,
	3.1274 3.9809,
	3.12784 3.98446,
	3.13362 3.99868,
	3.14163 4.01291,
	3.14785 4.02002,
	3.14918 4.0218,
	3.16341 4.0298,
	3.17052 4.03603,
	3.1723 4.03781,
	3.17541 4.04492,
	3.1763 4.05203,
	3.17541 4.05915,
	3.17541 4.06626,
	3.17541 4.06982,
	3.17808 4.07693,
	3.18164 4.08404,
	3.18342 4.0876,
	3.1892 4.09471,
	3.20209 4.10894,
	3.20831 4.11605,
	3.21142 4.11961,
	3.21587 4.13383,
	3.21765 4.14095,
	3.21809 4.14273,
	3.22298 4.14984,
	3.2301 4.15428,
	3.23187 4.15517,
	3.2461 4.16851,
	3.25321 4.17429,
	3.25677 4.17651,
	3.26388 4.18274,
	3.26699 4.18629,
	3.27366 4.20052,
	3.27855 4.20763,
	3.28122 4.21119,
	3.28833 4.21563,
	3.30256 4.2223,
	3.30967 4.22497,
	3.3239 4.22808,
	3.33101 4.23164,
	3.33457 4.23386,
	3.33946 4.24098,
	3.34257 4.24453,
	3.34479 4.24809,
	3.35191 4.25476,
	3.35369 4.25609,
	3.35458 4.25609,
	3.36169 4.26231,
	3.36347 4.26365,
	3.36702 4.27076,
	3.37058 4.27432,
	3.37325 4.27787,
	3.37503 4.27876,
	3.37858 4.28188,
	3.39281 4.28854,
	3.39992 4.29255,
	3.40348 4.29477,
	3.41059 4.30188,
	3.41415 4.30455,
	3.42082 4.31166,
	3.42615 4.31878,
	3.42704 4.31966,
	3.42704 4.32055,
	3.4306 4.32411,
	3.43415 4.33122,
	3.43415 4.33211,
	3.43549 4.33389,
	3.43771 4.341,
	3.4386 4.34456,
	3.4386 4.35167,
	3.43727 4.35879,
	3.43282 4.37301,
	3.43015 4.38013,
	3.42971 4.38724,
	3.43015 4.39435,
	3.43371 4.40858,
	3.43549 4.41569,
	3.43638 4.4228,
	3.43949 4.42992,
	3.44171 4.43703,
	3.44571 4.44414,
	3.45149 4.45126,
	3.4586 4.45793,
	3.46349 4.46504,
	3.46527 4.4686,
	3.46616 4.47571,
	3.46616 4.48282,
	3.46616 4.48638,
	3.46616 4.48816,
	3.46927 4.49527,
	3.47283 4.49883,
	3.47817 4.50594,
	3.48039 4.5095,
	3.48306 4.51661,
	3.48661 4.52372,
	3.48884 4.52728,
	3.49595 4.53439,
	3.49951 4.53795,
	3.50662 4.54328,
	3.51284 4.5504,
	3.51507 4.55395,
	3.51684 4.55573,
	3.52396 4.56996,
	3.52796 4.58418,
	3.53018 4.5913,
	3.53107 4.59841,
	3.53418 4.60552,
	3.53818 4.61264,
	3.54841 4.62686,
	3.55241 4.63398,
	3.55952 4.64064,
	3.57375 4.65087,
	3.58086 4.65576,
	3.58397 4.65932,
	3.58797 4.66643,
	3.58975 4.67354,
	3.5902 4.68066,
	3.59064 4.68421,
	3.59064 4.6851,
	3.59198 4.68688,
	3.59242 4.69044,
	3.5942 4.69399,
	3.5942 4.69577,
	3.59642 4.69933,
	3.59731 4.70111,
	3.59731 4.70199,
	3.60087 4.70555,
	3.60176 4.70733,
	3.60531 4.71089,
	3.61243 4.71578,
	3.61598 4.718,
	3.6231 4.72022,
	3.62665 4.72156,
	3.63021 4.722,
	3.63199 4.722,
	3.6391 4.72511,
	3.64266 4.72556,
	3.65688 4.73223,
	3.66044 4.734,
	3.66755 4.73978,
	3.67467 4.74467,
	3.68178 4.75134,
	3.68756 4.75845,
	3.69245 4.76557,
	3.70667 4.77802,
	3.71379 4.78424,
	3.7169 4.7878,
	3.71912 4.79135,
	3.71957 4.79847,
	3.71423 4.80558,
	3.71112 4.80914,
	3.70979 4.81091,
	3.70801 4.8118,
	3.70178 4.81892,
	3.70045 4.82247,
	3.70001 4.82603,
	3.70134 4.83314,
	3.70178 4.8367,
	3.70312 4.84026,
	3.70534 4.84381,
	3.71156 4.85093,
	3.71245 4.8527,
	3.71601 4.85537,
	3.71779 4.85715,
	3.7249 4.86071,
	3.73202 4.86693,
	3.73691 4.87404,
	3.74002 4.88116,
	3.7418 4.88827,
	3.74268 4.89183,
	3.74135 4.89894,
	3.74046 4.91317,
	3.74046 4.92028,
	3.73602 4.9345,
	3.73557 4.93806,
	3.73735 4.95229,
	3.73824 4.9594,
	3.73824 4.96118,
	3.75202 4.98963,
	3.76625 5.00252,
	3.76803 5.0043,
	3.77025 5.00786,
	3.77736 5.01497,
	3.78314 5.02164,
	3.78403 5.02342,
	3.78447 5.02431,
	3.78314 5.02786,
	3.77958 5.02964,
	3.77603 5.03053,
	3.76891 5.02964,
	3.75469 5.02164,
	3.74758 5.02164,
	3.74402 5.02297,
	3.74046 5.0252,
	3.73691 5.02831,
	3.73335 5.02964,
	3.72624 5.02875,
	3.72268 5.02742,
	3.71557 5.02164,
	3.71201 5.01942,
	3.70845 5.01808,
	3.70134 5.01897,
	3.68711 5.01586,
	3.65866 5.00119,
	3.65155 4.99719,
	3.64799 4.99497,
	3.64088 4.9883,
	3.6391 4.98652,
	3.62487 4.97896,
	3.59642 4.96207,
	3.5822 4.95407,
	3.52529 4.92561,
	3.49684 4.91183,
	3.48261 4.90516,
	3.46839 4.89761,
	3.46483 4.89494,
	3.45283 4.88071,
	3.4426 4.86649,
	3.43815 4.85937,
	3.43593 4.85582,
	3.42215 4.84159,
	3.40792 4.83314,
	3.40437 4.83092,
	3.3768 4.80247,
	3.37325 4.79891,
	3.36969 4.79624,
	3.36702 4.79269,
	3.36524 4.79091,
	3.35102 4.76246,
	3.34391 4.74823,
	3.34035 4.74112,
	3.33679 4.72689,
	3.33413 4.71266,
	3.33324 4.70555,
	3.33235 4.70199,
	3.33235 4.70022,
	3.32923 4.6931,
	3.3279 4.68599,
	3.3279 4.68243,
	3.32657 4.67532,
	3.3199 4.66109,
	3.3159 4.65398,
	3.30967 4.64687,
	3.30612 4.63975,
	3.30434 4.6362,
	3.30123 4.62197,
	3.29989 4.61486,
	3.29145 4.60063,
	3.27722 4.57218,
	3.27366 4.56507,
	3.27189 4.56151,
	3.26922 4.54728,
	3.26788 4.54017,
	3.26699 4.53661,
	3.26699 4.53484,
	3.26033 4.52061,
	3.25721 4.5135,
	3.25499 4.50638,
	3.2541 4.50283,
	3.2541 4.50105,
	3.2501 4.49394,
	3.24299 4.48682,
	3.22876 4.47704,
	3.22165 4.4726,
	3.21454 4.46637,
	3.20965 4.45926,
	3.19453 4.43081,
	3.17808 4.40235,
	3.16874 4.38813,
	3.16474 4.38101,
	3.15896 4.36679,
	3.14918 4.33834,
	3.14163 4.30988,
	3.14074 4.30633,
	3.13629 4.29921,
	3.12518 4.28499,
	3.10651 4.25654,
	3.08517 4.22808,
	3.04782 4.17118,
	3.04515 4.16762,
	3.03804 4.16229,
	3.03182 4.15562,
	3.02782 4.1485,
	3.02604 4.14495,
	3.02559 4.14317,
	3.02871 4.12894,
	3.02604 4.10049,
	3.02559 4.09338,
	3.0247 4.09027,
	3.02826 4.08315,
	3.03537 4.07604,
	3.04249 4.07026,
	3.0456 4.0667,
	3.04782 4.05959,
	3.04693 4.05248,
	3.04693 4.04892,
	3.04604 4.04536,
	3.0456 4.04448,
	3.04649 4.0427,
	3.05004 4.04092,
	3.0536 4.04047,
	3.05716 4.0387,
	3.05849 4.03514,
	3.05894 4.02803,
	3.05849 4.02447,
	3.05716 4.02091,
	3.04871 4.00669,
	3.0416 3.99957,
	3.03582 3.99246,
	3.03226 3.99024,
	3.01804 3.97735,
	3.01048 3.96312,
	2.99625 3.95023,
	2.98914 3.94667,
	2.98558 3.94445,
	2.9838 3.94356,
	2.97091 3.92933,
	2.96602 3.92222,
	2.95935 3.91511,
	2.9558 3.90799,
	2.95357 3.90088,
	2.95091 3.89732,
	2.94735 3.89021,
	2.94602 3.88665,
	2.94646 3.8831,
	2.9469 3.88132,
	2.94957 3.87776,
	2.95046 3.87598,
	2.95357 3.87243,
	2.95491 3.86887,
	2.9558 3.85464,
	2.95669 3.85109,
	2.96291 3.84397,
	2.96647 3.84131,
	2.96824 3.84042,
	2.96869 3.83997,
	"/>
</Transform>

<Transform dim="0"
 xcoef=" 0 1 0 0 0 0"
 ycoef=" 0 0 1 0 0 0">
<Contour name="Ea4(AZ1)" hidden="false" closed="true" simplified="true" border="1 0.501961 0.752941" fill="1 0.501961 1" mode="9"
 points="3.27811 4.21905,
	3.29719 4.19129,
	3.30673 4.17829,
	3.36223 4.22251,
	3.38998 4.24506,
	3.40385 4.25634,
	3.41079 4.26154,
	3.41339 4.26501,
	3.39952 4.29276,
	3.39778 4.29623,
	3.39692 4.29796,
	3.38304 4.29536,
	3.36917 4.29016,
	3.36223 4.28756,
	3.34835 4.27628,
	3.33621 4.26327,
	3.33101 4.25634,
	3.31713 4.24333,
	3.31019 4.23726,
	3.29632 4.23205,
	3.28244 4.22251,
	3.27897 4.21991,
	"/>
</Transform>

</Section>