<?xml version="1.0"?>
<!DOCTYPE Section SYSTEM "section.dtd">

<Section index="19" thickness="0.05" alignLocked="true">
<Transform dim="6"
 xcoef=" 0.379322692283043 0.775208842899398 0.424089286134843 0 0 0"
 ycoef=" 2.40223428648969 -0.558040408289137 0.777494542150033 0 0 0">
<Image mag="0.0022159" contrast="1" brightness="0"
 src="R34CA1-B_S12.119.jpg" />
<Contour name="domain1" hidden="false" closed="true" simplified="false" border="1 0 1" fill="1 0 1" mode="11"
 points="0 0,
	4096 0,
	4096 4096,
	0 4096,
	"/>
</Transform>

<Transform dim="0"
 xcoef=" 0 1 0 0 0 0"
 ycoef=" 0 0 1 0 0 0">
<Contour name="Ea5" hidden="false" closed="true" simplified="true" border="0.984314 0.207843 0.0156863" fill="1 1 0.690196" mode="9"
 points="2.49777 2.98192,
	2.5094 2.94647,
	2.51106 2.94204,
	2.52768 2.92431,
	2.53211 2.91988,
	2.53654 2.91655,
	2.53987 2.91268,
	2.54153 2.91046,
	2.55261 2.87501,
	2.55538 2.86615,
	2.55649 2.86393,
	2.55649 2.85507,
	2.55815 2.8462,
	2.56369 2.82848,
	2.56812 2.81961,
	2.57034 2.81518,
	2.57421 2.79746,
	2.57698 2.77973,
	2.57809 2.77087,
	2.5792 2.73541,
	2.58031 2.71769,
	2.58252 2.69996,
	2.58529 2.6911,
	2.58695 2.68666,
	2.58972 2.66894,
	2.59083 2.66008,
	2.59139 2.65564,
	2.59305 2.65398,
	2.61077 2.64844,
	2.61299 2.64789,
	2.62573 2.63072,
	2.63515 2.61299,
	2.63902 2.60413,
	2.64013 2.59969,
	2.63958 2.56424,
	2.63847 2.55981,
	2.63847 2.55538,
	2.63792 2.55316,
	2.64456 2.5443,
	2.64567 2.54208,
	2.64789 2.54098,
	2.64955 2.53876,
	2.65066 2.53765,
	2.66838 2.53488,
	2.6706 2.53433,
	2.67282 2.53544,
	2.69054 2.53544,
	2.69941 2.53433,
	2.71713 2.53544,
	2.726 2.5371,
	2.73043 2.53821,
	2.73264 2.53876,
	2.73486 2.53821,
	2.75203 2.52768,
	2.75203 2.51882,
	2.75259 2.5166,
	2.75868 2.50774,
	2.76034 2.50552,
	2.77807 2.50331,
	2.79579 2.50441,
	2.81352 2.51106,
	2.82183 2.51993,
	2.839 2.53488,
	2.84288 2.53876,
	2.84731 2.54762,
	2.86448 2.55926,
	2.86891 2.56258,
	2.87113 2.56424,
	2.87999 2.56646,
	2.88443 2.56757,
	2.88664 2.56812,
	2.8955 2.57643,
	2.91323 2.58695,
	2.91545 2.58751,
	2.92431 2.5864,
	2.92653 2.5864,
	2.93096 2.58308,
	2.93207 2.58197,
	2.94093 2.58141,
	2.94536 2.58086,
	2.96309 2.5864,
	2.9653 2.59083,
	2.96807 2.59969,
	2.96918 2.60191,
	2.96863 2.60302,
	2.95976 2.60468,
	2.9509 2.60745,
	2.94647 2.60911,
	2.9376 2.61687,
	2.93317 2.62074,
	2.92874 2.62351,
	2.91988 2.62739,
	2.90215 2.63238,
	2.88443 2.64069,
	2.8667 2.6501,
	2.85784 2.65454,
	2.8534 2.65675,
	2.81795 2.68223,
	2.80022 2.69553,
	2.7825 2.70993,
	2.77364 2.71658,
	2.74705 2.75148,
	2.72212 2.78693,
	2.70938 2.82238,
	2.70661 2.83125,
	2.70495 2.83568,
	2.70328 2.84454,
	2.69497 2.86227,
	2.68999 2.87113,
	2.68777 2.87556,
	2.68666 2.88443,
	2.68722 2.89329,
	2.68777 2.89772,
	2.6911 2.90658,
	2.69553 2.91545,
	2.69719 2.91988,
	2.70328 2.92874,
	2.71769 2.94647,
	2.72766 2.96419,
	2.73153 2.97306,
	2.7404 3.00851,
	2.74317 3.01737,
	2.75203 3.0351,
	2.75425 3.03953,
	2.75979 3.05726,
	2.76256 3.06612,
	2.77087 3.08385,
	2.77419 3.09271,
	2.77585 3.10157,
	2.77585 3.13703,
	2.77419 3.17248,
	2.77308 3.18134,
	2.75868 3.2168,
	2.75535 3.22566,
	2.72101 3.29657,
	2.71824 3.301,
	2.70218 3.31872,
	2.69387 3.32759,
	2.69331 3.32814,
	2.68445 3.32149,
	2.68057 3.31762,
	2.67836 3.31318,
	2.67171 3.27773,
	2.67005 3.26887,
	2.66949 3.23341,
	2.66949 3.22455,
	2.66949 3.22012,
	2.6634 3.20239,
	2.66174 3.19796,
	2.65897 3.19408,
	2.58806 3.13426,
	2.57034 3.11985,
	2.55372 3.10213,
	2.54541 3.09327,
	2.53488 3.07554,
	2.5299 3.06668,
	2.51439 3.03122,
	2.50608 3.0135,
	2.50109 3.00463,
	2.49888 3.0002,
	2.49777 2.99134,
	2.49777 2.98247,
	"/>
<Contour name="Ed1" hidden="false" closed="true" simplified="true" border="0.541176 0.756863 0.0352941" fill="0.501961 1 1" mode="9"
 points="2.47169 2.15813,
	2.48124 2.1363,
	2.49216 2.13085,
	2.51399 2.12539,
	2.53582 2.12948,
	2.55765 2.1363,
	2.56857 2.13903,
	2.5904 2.14995,
	2.61223 2.16359,
	2.62315 2.17451,
	2.63406 2.18269,
	2.64498 2.19361,
	2.66681 2.20862,
	2.68864 2.21817,
	2.69956 2.22499,
	2.71047 2.23454,
	2.71866 2.24546,
	2.72958 2.25365,
	2.77324 2.29731,
	2.7787 2.3014,
	2.78825 2.30413,
	2.79234 2.3055,
	2.81554 2.32051,
	2.821 2.33142,
	2.82236 2.33688,
	2.82372 2.33961,
	2.821 2.34507,
	2.81008 2.35189,
	2.76642 2.34916,
	2.74459 2.34643,
	2.70092 2.33142,
	2.67909 2.32869,
	2.65726 2.32323,
	2.6136 2.30277,
	2.59177 2.29185,
	2.58085 2.28639,
	2.53719 2.24682,
	2.52627 2.23727,
	2.50444 2.22909,
	2.49352 2.22499,
	2.48124 2.20316,
	2.47579 2.19225,
	2.47169 2.17041,
	2.47169 2.1595,
	"/>
<Contour name="Ed4" hidden="false" closed="true" simplified="true" border="0.541176 0.756863 0.0352941" fill="0.501961 1 1" mode="9"
 points="1.08578 2.53956,
	1.08905 2.52214,
	1.09666 2.50473,
	1.10537 2.4982,
	1.12278 2.48949,
	1.15761 2.48188,
	1.16631 2.47861,
	1.18372 2.47752,
	1.19243 2.47861,
	1.22726 2.49058,
	1.24467 2.4982,
	1.25337 2.50255,
	1.27079 2.51561,
	1.2882 2.52432,
	1.30561 2.53738,
	1.34044 2.55806,
	1.37526 2.57438,
	1.39267 2.57656,
	1.4275 2.58744,
	1.46232 2.60376,
	1.47974 2.61138,
	1.49715 2.62118,
	1.50585 2.62662,
	1.52327 2.64294,
	1.55809 2.66144,
	1.57442 2.67885,
	1.59183 2.68756,
	1.62665 2.7115,
	1.64407 2.71803,
	1.65277 2.7213,
	1.67018 2.72347,
	1.6876 2.72783,
	1.6963 2.73,
	1.73113 2.73,
	1.74854 2.72239,
	1.75725 2.71912,
	1.76595 2.71368,
	1.78336 2.71041,
	1.81819 2.7115,
	1.85301 2.71477,
	1.87043 2.71694,
	1.88784 2.71477,
	1.90525 2.71694,
	1.9096 2.71694,
	1.91178 2.71694,
	1.92702 2.7213,
	1.92919 2.7213,
	1.96402 2.73327,
	1.98143 2.74089,
	2.01626 2.75068,
	2.05108 2.75177,
	2.05979 2.75177,
	2.09461 2.73653,
	2.11202 2.72892,
	2.12944 2.72456,
	2.16426 2.7213,
	2.19909 2.72347,
	2.2165 2.72674,
	2.2252 2.72892,
	2.22956 2.72892,
	2.23826 2.73327,
	2.24262 2.73653,
	2.24588 2.74524,
	2.24806 2.76265,
	2.24588 2.78006,
	2.24153 2.79748,
	2.23935 2.81489,
	2.24044 2.8323,
	2.24262 2.84101,
	2.25132 2.85842,
	2.25568 2.86713,
	2.25785 2.87148,
	2.29268 2.90086,
	2.31009 2.91827,
	2.32206 2.93569,
	2.33947 2.94657,
	2.40912 2.98031,
	2.41674 2.98575,
	2.42436 3.00316,
	2.42871 3.02057,
	2.43089 3.03799,
	2.4298 3.0554,
	2.4298 3.0641,
	2.41239 3.09893,
	2.39715 3.13375,
	2.38953 3.16858,
	2.38844 3.18599,
	2.36994 3.25564,
	2.36777 3.27305,
	2.36777 3.30788,
	2.36777 3.32529,
	2.3645 3.3427,
	2.36233 3.35141,
	2.35471 3.36882,
	2.3373 3.43847,
	2.33185 3.47329,
	2.33077 3.47547,
	2.34383 3.5103,
	2.36233 3.54512,
	2.37756 3.57995,
	2.38518 3.59736,
	2.38953 3.60606,
	2.40695 3.62348,
	2.43198 3.6583,
	2.43524 3.66701,
	2.4298 3.67463,
	2.42109 3.67789,
	2.41239 3.67898,
	2.37756 3.67354,
	2.36015 3.66701,
	2.32533 3.66048,
	2.2905 3.64415,
	2.27309 3.63545,
	2.23826 3.62892,
	2.22956 3.62783,
	2.2252 3.62783,
	2.2165 3.62348,
	2.18167 3.61695,
	2.14685 3.60824,
	2.12944 3.60389,
	2.12073 3.59953,
	2.11638 3.59736,
	2.08155 3.59409,
	2.0119 3.58212,
	1.99449 3.57886,
	1.97708 3.57342,
	1.95966 3.5658,
	1.94225 3.56036,
	1.90743 3.54403,
	1.89002 3.53533,
	1.88131 3.53097,
	1.84648 3.52662,
	1.81166 3.51683,
	1.79425 3.50921,
	1.78663 3.50159,
	1.76922 3.46677,
	1.76051 3.44935,
	1.75507 3.44065,
	1.72133 3.40691,
	1.71263 3.39929,
	1.64298 3.36447,
	1.62556 3.35794,
	1.60815 3.34814,
	1.57333 3.3155,
	1.55591 3.28067,
	1.54068 3.24585,
	1.52109 3.21102,
	1.51674 3.20231,
	1.51891 3.1849,
	1.53306 3.15008,
	1.54068 3.11525,
	1.54068 3.1109,
	1.557 3.07607,
	1.56027 3.06737,
	1.56353 3.03254,
	1.56462 3.02819,
	1.56136 3.01078,
	1.54939 2.97595,
	1.54612 2.96725,
	1.54721 2.96289,
	1.53197 2.92807,
	1.52871 2.91936,
	1.52762 2.91501,
	1.5298 2.9063,
	1.5298 2.88889,
	1.52762 2.87148,
	1.52762 2.85407,
	1.51674 2.81924,
	1.48082 2.74959,
	1.47538 2.74089,
	1.33608 2.67015,
	1.31867 2.66253,
	1.28385 2.656,
	1.24902 2.65274,
	1.24032 2.65165,
	1.2229 2.65274,
	1.20549 2.65165,
	1.17067 2.64403,
	1.13584 2.62771,
	1.11843 2.61791,
	1.1021 2.60159,
	1.09557 2.58417,
	1.09122 2.56676,
	1.08905 2.54935,
	1.08578 2.54064,
	"/>
</Transform>

<Transform dim="0"
 xcoef=" 0 1 0 0 0 0"
 ycoef=" 0 0 1 0 0 0">
<Contour name="Ea5(v417)" hidden="false" closed="true" simplified="true" border="1 0 0" fill="1 1 1" mode="9"
 points="3.06256 1.96604,
	3.06299 1.96123,
	3.06427 1.95663,
	3.06635 1.95244,
	3.06912 1.94885,
	3.07247 1.946,
	3.07626 1.94404,
	3.08031 1.94303,
	3.08446 1.94303,
	3.08851 1.94404,
	3.0923 1.946,
	3.09566 1.94885,
	3.09843 1.95244,
	3.1005 1.95663,
	3.10178 1.96123,
	3.10222 1.96604,
	3.10178 1.97085,
	3.1005 1.97545,
	3.09843 1.97964,
	3.09566 1.98323,
	3.0923 1.98607,
	3.08851 1.98804,
	3.08446 1.98905,
	3.08031 1.98905,
	3.07626 1.98804,
	3.07247 1.98607,
	3.06912 1.98323,
	3.06635 1.97964,
	3.06427 1.97545,
	3.06299 1.97085,
	"/>
<Contour name="Ea5(v418)" hidden="false" closed="true" simplified="true" border="1 0 0" fill="1 1 1" mode="9"
 points="3.10486 1.91713,
	3.10532 1.91257,
	3.10669 1.90824,
	3.1089 1.90435,
	3.11183 1.90111,
	3.11534 1.89867,
	3.11925 1.89715,
	3.12337 1.89664,
	3.12749 1.89715,
	3.1314 1.89867,
	3.13491 1.90111,
	3.13784 1.90435,
	3.14004 1.90824,
	3.14141 1.91257,
	3.14187 1.91713,
	3.14141 1.92169,
	3.14004 1.92602,
	3.13784 1.9299,
	3.13491 1.93315,
	3.1314 1.93559,
	3.12749 1.9371,
	3.12337 1.93762,
	3.11925 1.9371,
	3.11534 1.93559,
	3.11183 1.93315,
	3.1089 1.9299,
	3.10669 1.92602,
	"/>
<Contour name="Ea5(v419)" hidden="false" closed="true" simplified="true" border="1 0 0" fill="1 1 1" mode="9"
 points="3.17624 1.94026,
	3.17673 1.93569,
	3.17814 1.93136,
	3.18042 1.92752,
	3.18343 1.92436,
	3.18702 1.92205,
	3.19099 1.92073,
	3.19513 1.92047,
	3.19921 1.92127,
	3.20301 1.92309,
	3.20634 1.92584,
	3.209 1.92937,
	3.21086 1.93348,
	3.21182 1.93796,
	3.21182 1.94256,
	3.21086 1.94704,
	3.209 1.95116,
	3.20634 1.95468,
	3.20301 1.95743,
	3.19921 1.95926,
	3.19513 1.96006,
	3.19099 1.95979,
	3.18702 1.95847,
	3.18343 1.95617,
	3.18042 1.95301,
	3.17814 1.94916,
	"/>
<Contour name="Ea5(v420)" hidden="false" closed="true" simplified="true" border="1 0 0" fill="1 1 1" mode="9"
 points="3.1974 1.83583,
	3.19786 1.83142,
	3.19923 1.82723,
	3.20143 1.82347,
	3.20436 1.82033,
	3.20787 1.81796,
	3.21178 1.8165,
	3.2159 1.816,
	3.22002 1.8165,
	3.22393 1.81796,
	3.22744 1.82033,
	3.23037 1.82347,
	3.23258 1.82723,
	3.23395 1.83142,
	3.23441 1.83583,
	3.23395 1.84024,
	3.23258 1.84443,
	3.23037 1.84819,
	3.22744 1.85133,
	3.22393 1.85369,
	3.22002 1.85516,
	3.2159 1.85566,
	3.21178 1.85516,
	3.20787 1.85369,
	3.20436 1.85133,
	3.20143 1.84819,
	3.19923 1.84443,
	"/>
<Contour name="Ea5(v421)" hidden="false" closed="true" simplified="true" border="1 0 0" fill="1 1 1" mode="9"
 points="3.29786 1.79287,
	3.29836 1.78796,
	3.29983 1.78334,
	3.30218 1.77928,
	3.30528 1.776,
	3.30895 1.77371,
	3.31298 1.77253,
	3.31712 1.77253,
	3.32114 1.77371,
	3.32481 1.776,
	3.32791 1.77928,
	3.33026 1.78334,
	3.33173 1.78796,
	3.33223 1.79287,
	3.33173 1.79777,
	3.33026 1.80239,
	3.32791 1.80645,
	3.32481 1.80973,
	3.32114 1.81202,
	3.31712 1.81321,
	3.31298 1.81321,
	3.30895 1.81202,
	3.30528 1.80973,
	3.30218 1.80645,
	3.29983 1.80239,
	3.29836 1.79777,
	"/>
<Contour name="Ea5(v422)" hidden="false" closed="true" simplified="true" border="1 0 0" fill="1 1 1" mode="9"
 points="3.24102 1.78824,
	3.24148 1.78324,
	3.24285 1.77849,
	3.24506 1.77423,
	3.24799 1.77067,
	3.2515 1.76799,
	3.25541 1.76633,
	3.25953 1.76577,
	3.26364 1.76633,
	3.26756 1.76799,
	3.27107 1.77067,
	3.274 1.77423,
	3.2762 1.77849,
	3.27757 1.78324,
	3.27803 1.78824,
	3.27757 1.79324,
	3.2762 1.79799,
	3.274 1.80225,
	3.27107 1.80581,
	3.26756 1.80849,
	3.26364 1.81015,
	3.25953 1.81071,
	3.25541 1.81015,
	3.2515 1.80849,
	3.24799 1.80581,
	3.24506 1.80225,
	3.24285 1.79799,
	"/>
<Contour name="Ea5(v423)" hidden="false" closed="true" simplified="true" border="1 0 0" fill="1 1 1" mode="9"
 points="3.18153 1.76444,
	3.18205 1.75918,
	3.18358 1.75426,
	3.18601 1.74997,
	3.1892 1.74659,
	3.19295 1.74433,
	3.19702 1.74334,
	3.20115 1.74367,
	3.20509 1.74531,
	3.20859 1.74815,
	3.21142 1.75201,
	3.21342 1.75666,
	3.21445 1.76179,
	3.21445 1.7671,
	3.21342 1.77223,
	3.21142 1.77688,
	3.20859 1.78074,
	3.20509 1.78358,
	3.20115 1.78522,
	3.19702 1.78555,
	3.19295 1.78456,
	3.1892 1.7823,
	3.18601 1.77892,
	3.18358 1.77463,
	3.18205 1.7697,
	"/>
<Contour name="Ea5(v424)" hidden="false" closed="true" simplified="true" border="1 0 0" fill="1 1 1" mode="9"
 points="3.1313 1.76114,
	3.13176 1.75687,
	3.13313 1.75282,
	3.13534 1.74919,
	3.13827 1.74615,
	3.14178 1.74387,
	3.14569 1.74245,
	3.14981 1.74197,
	3.15392 1.74245,
	3.15784 1.74387,
	3.16134 1.74615,
	3.16428 1.74919,
	3.16648 1.75282,
	3.16785 1.75687,
	3.16831 1.76114,
	3.16785 1.76541,
	3.16648 1.76946,
	3.16428 1.77309,
	3.16134 1.77613,
	3.15784 1.77841,
	3.15392 1.77983,
	3.14981 1.78031,
	3.14569 1.77983,
	3.14178 1.77841,
	3.13827 1.77613,
	3.13534 1.77309,
	3.13313 1.76946,
	"/>
<Contour name="Ea5(v426)" hidden="false" closed="true" simplified="true" border="1 0 0" fill="1 1 1" mode="9"
 points="3.28729 1.73007,
	3.28775 1.72537,
	3.28912 1.7209,
	3.29132 1.71689,
	3.29425 1.71354,
	3.29776 1.71102,
	3.30168 1.70945,
	3.30579 1.70892,
	3.30991 1.70945,
	3.31382 1.71102,
	3.31733 1.71354,
	3.32026 1.71689,
	3.32247 1.7209,
	3.32384 1.72537,
	3.3243 1.73007,
	3.32384 1.73478,
	3.32247 1.73925,
	3.32026 1.74326,
	3.31733 1.74661,
	3.31382 1.74913,
	3.30991 1.75069,
	3.30579 1.75123,
	3.30168 1.75069,
	3.29776 1.74913,
	3.29425 1.74661,
	3.29132 1.74326,
	3.28912 1.73925,
	"/>
<Contour name="Ea5(v427)" hidden="false" closed="true" simplified="true" border="1 0 0" fill="1 1 1" mode="9"
 points="3.21458 1.71752,
	3.21501 1.71326,
	3.21629 1.70918,
	3.21837 1.70547,
	3.22114 1.70229,
	3.22449 1.69977,
	3.22828 1.69803,
	3.23234 1.69714,
	3.23648 1.69714,
	3.24054 1.69803,
	3.24432 1.69977,
	3.24768 1.70229,
	3.25045 1.70547,
	3.25252 1.70918,
	3.25381 1.71326,
	3.25424 1.71752,
	3.25381 1.72178,
	3.25252 1.72585,
	3.25045 1.72956,
	3.24768 1.73274,
	3.24432 1.73526,
	3.24054 1.737,
	3.23648 1.73789,
	3.23234 1.73789,
	3.22828 1.737,
	3.22449 1.73526,
	3.22114 1.73274,
	3.21837 1.72956,
	3.21629 1.72585,
	3.21501 1.72178,
	"/>
<Contour name="Ea5(v428)" hidden="false" closed="true" simplified="true" border="1 0 0" fill="1 1 1" mode="9"
 points="3.15774 1.68447,
	3.15813 1.68034,
	3.1593 1.67636,
	3.1612 1.67268,
	3.16376 1.66942,
	3.1669 1.6667,
	3.17049 1.66463,
	3.17441 1.66327,
	3.17851 1.66268,
	3.18265 1.66288,
	3.18668 1.66386,
	3.19046 1.66558,
	3.19383 1.66798,
	3.19669 1.67098,
	3.19894 1.67447,
	3.20048 1.67832,
	3.20126 1.68239,
	3.20126 1.68654,
	3.20048 1.69061,
	3.19894 1.69446,
	3.19669 1.69795,
	3.19383 1.70095,
	3.19046 1.70336,
	3.18668 1.70508,
	3.18265 1.70606,
	3.17851 1.70625,
	3.17441 1.70566,
	3.17049 1.70431,
	3.1669 1.70224,
	3.16376 1.69952,
	3.1612 1.69626,
	3.1593 1.69257,
	"/>
<Contour name="Ea5(v429)" hidden="false" closed="true" simplified="true" border="1 0 0" fill="1 1 1" mode="9"
 points="3.23705 1.67125,
	3.23752 1.66713,
	3.23889 1.6632,
	3.2411 1.65965,
	3.24405 1.65664,
	3.24759 1.65431,
	3.25158 1.65278,
	3.25581 1.65211,
	3.26009 1.65233,
	3.26422 1.65344,
	3.26801 1.65538,
	3.27128 1.65807,
	3.27387 1.66137,
	3.27567 1.66513,
	3.27659 1.66918,
	3.27659 1.67332,
	3.27567 1.67737,
	3.27387 1.68113,
	3.27128 1.68443,
	3.26801 1.68711,
	3.26422 1.68906,
	3.26009 1.69016,
	3.25581 1.69039,
	3.25158 1.68972,
	3.24759 1.68818,
	3.24405 1.68586,
	3.2411 1.68285,
	3.23889 1.6793,
	"/>
<Contour name="Ea5(v430)" hidden="false" closed="true" simplified="true" border="1 0 0" fill="1 1 1" mode="9"
 points="3.29125 1.65472,
	3.29177 1.64979,
	3.2933 1.64517,
	3.29573 1.64115,
	3.29892 1.63798,
	3.30267 1.63587,
	3.30674 1.63493,
	3.31087 1.63525,
	3.31481 1.63678,
	3.31831 1.63945,
	3.32114 1.64307,
	3.32314 1.64742,
	3.32417 1.65224,
	3.32417 1.65721,
	3.32314 1.66202,
	3.32114 1.66638,
	3.31831 1.67,
	3.31481 1.67267,
	3.31087 1.6742,
	3.30674 1.67451,
	3.30267 1.67358,
	3.29892 1.67147,
	3.29573 1.6683,
	3.2933 1.66428,
	3.29177 1.65966,
	"/>
<Contour name="Ea5(v431)" hidden="false" closed="true" simplified="true" border="1 0 0" fill="1 1 1" mode="9"
 points="3.33752 1.66332,
	3.33804 1.65855,
	3.33956 1.65408,
	3.342 1.6502,
	3.34519 1.64713,
	3.34894 1.64509,
	3.35301 1.64419,
	3.35714 1.64449,
	3.36108 1.64597,
	3.36458 1.64855,
	3.36741 1.65205,
	3.36941 1.65626,
	3.37044 1.66091,
	3.37044 1.66572,
	3.36941 1.67037,
	3.36741 1.67458,
	3.36458 1.67809,
	3.36108 1.68066,
	3.35714 1.68215,
	3.35301 1.68245,
	3.34894 1.68155,
	3.34519 1.6795,
	3.342 1.67644,
	3.33956 1.67255,
	3.33804 1.66808,
	"/>
<Contour name="Ea5(v432)" hidden="false" closed="true" simplified="true" border="1 0 0" fill="1 1 1" mode="9"
 points="3.31637 1.59127,
	3.31687 1.58715,
	3.31833 1.58324,
	3.3207 1.57973,
	3.32383 1.5768,
	3.32759 1.5746,
	3.33179 1.57323,
	3.3362 1.57276,
	3.34061 1.57323,
	3.3448 1.5746,
	3.34856 1.5768,
	3.3517 1.57973,
	3.35406 1.58324,
	3.35553 1.58715,
	3.35603 1.59127,
	3.35553 1.59539,
	3.35406 1.5993,
	3.3517 1.60281,
	3.34856 1.60574,
	3.3448 1.60795,
	3.34061 1.60931,
	3.3362 1.60978,
	3.33179 1.60931,
	3.32759 1.60795,
	3.32383 1.60574,
	3.3207 1.60281,
	3.31833 1.5993,
	"/>
<Contour name="Ea5(v433)" hidden="false" closed="true" simplified="true" border="1 0 0" fill="1 1 1" mode="9"
 points="3.32166 1.5298,
	3.32204 1.52567,
	3.32317 1.52167,
	3.32502 1.51794,
	3.32753 1.51458,
	3.33062 1.51172,
	3.33418 1.50943,
	3.3381 1.5078,
	3.34226 1.50688,
	3.34652 1.50669,
	3.35075 1.50725,
	3.3548 1.50853,
	3.35856 1.5105,
	3.3619 1.51308,
	3.3647 1.5162,
	3.36689 1.51976,
	3.36839 1.52365,
	3.36915 1.52773,
	3.36915 1.53188,
	3.36839 1.53596,
	3.36689 1.53984,
	3.3647 1.5434,
	3.3619 1.54652,
	3.35856 1.54911,
	3.3548 1.55107,
	3.35075 1.55236,
	3.34652 1.55291,
	3.34226 1.55273,
	3.3381 1.5518,
	3.33418 1.55017,
	3.33062 1.54789,
	3.32753 1.54502,
	3.32502 1.54167,
	3.32317 1.53793,
	"/>
<Contour name="Ea5(v434)" hidden="false" closed="true" simplified="true" border="1 0 0" fill="1 1 1" mode="9"
 points="3.38114 1.49411,
	3.38155 1.48985,
	3.38275 1.48576,
	3.38471 1.48199,
	3.38734 1.47869,
	3.39054 1.47597,
	3.3942 1.47396,
	3.39817 1.47272,
	3.40229 1.4723,
	3.40642 1.47272,
	3.41039 1.47396,
	3.41405 1.47597,
	3.41725 1.47869,
	3.41988 1.48199,
	3.42184 1.48576,
	3.42304 1.48985,
	3.42345 1.49411,
	3.42304 1.49837,
	3.42184 1.50246,
	3.41988 1.50623,
	3.41725 1.50953,
	3.41405 1.51225,
	3.41039 1.51426,
	3.40642 1.5155,
	3.40229 1.51592,
	3.39817 1.5155,
	3.3942 1.51426,
	3.39054 1.51225,
	3.38734 1.50953,
	3.38471 1.50623,
	3.38275 1.50246,
	"/>
<Contour name="Ea5(v436)" hidden="false" closed="true" simplified="true" border="1 0 0" fill="1 1 1" mode="9"
 points="3.20368 1.63769,
	3.20401 1.6347,
	3.20496 1.63184,
	3.20651 1.62922,
	3.20859 1.62695,
	3.21111 1.62511,
	3.21398 1.62379,
	3.21707 1.62304,
	3.22026 1.62289,
	3.22342 1.62334,
	3.22641 1.62438,
	3.22912 1.62597,
	3.23143 1.62803,
	3.23326 1.6305,
	3.23452 1.63325,
	3.23516 1.63619,
	3.23516 1.63919,
	3.23452 1.64213,
	3.23326 1.64488,
	3.23143 1.64734,
	3.22912 1.64941,
	3.22641 1.651,
	3.22342 1.65204,
	3.22026 1.65249,
	3.21707 1.65234,
	3.21398 1.65159,
	3.21111 1.65027,
	3.20859 1.64843,
	3.20651 1.64616,
	3.20496 1.64353,
	3.20401 1.64067,
	"/>
<Contour name="Ea5(v437)" hidden="false" closed="true" simplified="true" border="1 0 0" fill="1 1 1" mode="9"
 points="3.25436 1.61569,
	3.25464 1.61262,
	3.25546 1.60965,
	3.2568 1.60688,
	3.25861 1.60442,
	3.26082 1.60234,
	3.26337 1.60071,
	3.26617 1.5996,
	3.26912 1.59903,
	3.27212 1.59903,
	3.27507 1.5996,
	3.27787 1.60071,
	3.28042 1.60234,
	3.28263 1.60442,
	3.28444 1.60688,
	3.28578 1.60965,
	3.2866 1.61262,
	3.28688 1.61569,
	3.2866 1.61877,
	3.28578 1.62174,
	3.28444 1.6245,
	3.28263 1.62697,
	3.28042 1.62905,
	3.27787 1.63067,
	3.27507 1.63179,
	3.27212 1.63236,
	3.26912 1.63236,
	3.26617 1.63179,
	3.26337 1.63067,
	3.26082 1.62905,
	3.25861 1.62697,
	3.2568 1.6245,
	3.25546 1.62174,
	3.25464 1.61877,
	"/>
<Contour name="Ea5(v438)" hidden="false" closed="true" simplified="true" border="1 0 0" fill="1 1 1" mode="9"
 points="3.26106 1.54111,
	3.26131 1.53757,
	3.26204 1.53412,
	3.26325 1.53087,
	3.26489 1.52789,
	3.26692 1.52528,
	3.26929 1.52309,
	3.27193 1.5214,
	3.27477 1.52025,
	3.27773 1.51966,
	3.28073 1.51966,
	3.28369 1.52025,
	3.28652 1.5214,
	3.28916 1.52309,
	3.29153 1.52528,
	3.29356 1.52789,
	3.29521 1.53087,
	3.29641 1.53412,
	3.29715 1.53757,
	3.2974 1.54111,
	3.29715 1.54465,
	3.29641 1.54809,
	3.29521 1.55135,
	3.29356 1.55432,
	3.29153 1.55694,
	3.28916 1.55912,
	3.28652 1.56081,
	3.28369 1.56196,
	3.28073 1.56255,
	3.27773 1.56255,
	3.27477 1.56196,
	3.27193 1.56081,
	3.26929 1.55912,
	3.26692 1.55694,
	3.26489 1.55432,
	3.26325 1.55135,
	3.26204 1.54809,
	"/>
</Transform>

<Transform dim="0"
 xcoef=" 0 1 0 0 0 0"
 ycoef=" 0 0 1 0 0 0">
<Contour name="Ea5(MVB2)" hidden="false" closed="true" simplified="true" border="0.521569 0.858824 0.0156863" fill="0.866667 0.980392 0.521569" mode="9"
 points="3.86283 0.568013,
	3.86341 0.563413,
	3.86341 0.561114,
	3.86858 0.551915,
	3.8749 0.542717,
	3.8772 0.540417,
	3.8864 0.537542,
	3.8956 0.532368,
	3.9002 0.531793,
	3.9025 0.531218,
	3.9117 0.532943,
	3.9163 0.534093,
	3.92262 0.55249,
	3.92435 0.557089,
	3.9255 0.559389,
	3.9232 0.577786,
	3.9186 0.596183,
	3.91687 0.600783,
	3.90767 0.608831,
	3.89848 0.614006,
	3.88928 0.61803,
	3.88698 0.61918,
	3.88238 0.61688,
	3.87318 0.607682,
	3.86398 0.589285,
	3.86283 0.580086,
	3.86283 0.570887,
	3.86283 0.568588,
	"/>
</Transform>

<Transform dim="0"
 xcoef=" 0 1 0 0 0 0"
 ycoef=" 0 0 1 0 0 0">
<Contour name="Ea5(ER)" hidden="false" closed="true" simplified="true" border="0 0.882 0.882" fill="0.502 1 1" mode="9"
 points="3.9393 0.97647,
	3.95376 0.970147,
	3.96098 0.970147,
	3.96821 0.97376,
	3.98266 0.969244,
	3.98447 0.962017,
	3.99169 0.947564,
	3.99711 0.933112,
	3.99802 0.918659,
	4.00615 0.904206,
	4.01066 0.896979,
	4.01337 0.889753,
	4.01518 0.88614,
	4.02241 0.878913,
	4.03596 0.821102,
	4.03957 0.806649,
	4.04589 0.802133,
	4.04951 0.801229,
	4.05131 0.800326,
	4.05312 0.801229,
	4.05493 0.808456,
	4.05222 0.837362,
	4.0477 0.866267,
	4.04589 0.88072,
	4.04047 0.887946,
	4.03776 0.89156,
	4.03415 0.906013,
	4.02692 0.920465,
	4.0215 0.934918,
	4.0206 0.949371,
	4.01608 0.963824,
	4.01066 0.99273,
	4.00795 1.00718,
	4.00615 1.01441,
	4.00615 1.02886,
	4.00615 1.03609,
	4.00434 1.04331,
	4.00434 1.04693,
	4.00434 1.04873,
	3.99711 1.05144,
	3.9935 1.05235,
	3.99169 1.05325,
	3.98808 1.05144,
	3.97453 1.03789,
	3.95195 1.00899,
	3.94563 1.00176,
	3.94292 0.998149,
	3.9393 0.983697,
	3.9393 0.98189,
	3.94111 0.980083,
	3.9393 0.977373,
	"/>
</Transform>

<Transform dim="0"
 xcoef=" 0 1 0 0 0 0"
 ycoef=" 0 0 1 0 0 0">
<Contour name="Ea5(ER)" hidden="false" closed="true" simplified="true" border="0 0.882 0.882" fill="0.502 1 1" mode="9"
 points="3.9332 0.55153,
	3.93046 0.534008,
	3.93101 0.531818,
	3.93265 0.529628,
	3.93265 0.528533,
	3.93703 0.5247,
	3.93813 0.523605,
	3.94032 0.523057,
	3.94251 0.521414,
	3.9447 0.520867,
	3.94689 0.518677,
	3.96441 0.510463,
	3.96879 0.508273,
	3.97317 0.511011,
	3.97427 0.512106,
	3.97427 0.513201,
	3.97536 0.514296,
	3.97536 0.515391,
	3.97755 0.517581,
	3.97755 0.519772,
	3.97919 0.521962,
	3.98029 0.526342,
	3.98084 0.528533,
	3.98193 0.52908,
	3.98193 0.531271,
	3.98631 0.540032,
	3.98741 0.541127,
	3.98686 0.545507,
	3.98303 0.549888,
	3.98084 0.552078,
	3.97974 0.553173,
	3.97481 0.554268,
	3.97262 0.553721,
	3.96824 0.549888,
	3.96496 0.545507,
	3.96277 0.543864,
	3.95839 0.543317,
	3.95401 0.54496,
	3.95182 0.546055,
	3.94853 0.550435,
	3.94689 0.554816,
	3.94579 0.572338,
	3.94415 0.581099,
	3.94251 0.585479,
	3.94086 0.587122,
	3.93594 0.5696,
	3.93375 0.552078,
	3.93375 0.55153,
	"/>
</Transform>

<Transform dim="0"
 xcoef=" 0 1 0 0 0 0"
 ycoef=" 0 0 1 0 0 0">
<Contour name="Ea5(ER)" hidden="false" closed="true" simplified="true" border="0 0.882 0.882" fill="0.502 1 1" mode="9"
 points="3.69303 1.06467,
	3.6978 1.05375,
	3.70667 1.04352,
	3.71213 1.03943,
	3.71485 1.03806,
	3.72031 1.03738,
	3.72304 1.03738,
	3.7244 1.03806,
	3.72713 1.0326,
	3.7285 1.02988,
	3.72918 1.01896,
	3.7285 1.00805,
	3.71895 0.986218,
	3.71485 0.975303,
	3.70258 0.953474,
	3.69848 0.948017,
	3.69712 0.942559,
	3.69848 0.937102,
	3.71076 0.915273,
	3.72168 0.907769,
	3.73259 0.907087,
	3.74351 0.907769,
	3.74896 0.908451,
	3.77079 0.919366,
	3.78171 0.924823,
	3.79262 0.92687,
	3.79808 0.927552,
	3.80899 0.923459,
	3.83082 0.91118,
	3.8356 0.906405,
	3.84583 0.884575,
	3.85129 0.873661,
	3.85538 0.862746,
	3.8622 0.851832,
	3.86425 0.846374,
	3.86629 0.843646,
	3.86902 0.832731,
	3.87107 0.827274,
	3.87243 0.824545,
	3.87039 0.802716,
	3.87039 0.780886,
	3.86971 0.769972,
	3.87039 0.759057,
	3.87175 0.7536,
	3.87243 0.750871,
	3.86698 0.729042,
	3.87516 0.707213,
	3.87857 0.696298,
	3.88062 0.690841,
	3.88267 0.679926,
	3.88335 0.674469,
	3.88267 0.663554,
	3.87312 0.641725,
	3.87107 0.636268,
	3.87516 0.631493,
	3.88062 0.634903,
	3.88608 0.639679,
	3.89017 0.644454,
	3.89631 0.649229,
	3.90177 0.65264,
	3.90654 0.658097,
	3.90995 0.663554,
	3.912 0.666283,
	3.91405 0.677198,
	3.91473 0.699027,
	3.91541 0.709941,
	3.912 0.731771,
	3.90995 0.742685,
	3.90859 0.764515,
	3.90791 0.775429,
	3.90722 0.780886,
	3.90654 0.783615,
	3.90722 0.79453,
	3.90518 0.805444,
	3.90177 0.816359,
	3.90109 0.860017,
	3.90177 0.903676,
	3.89904 0.947334,
	3.89836 0.952792,
	3.89563 0.958249,
	3.8854 0.967117,
	3.86357 0.978714,
	3.85879 0.982125,
	3.85743 0.984853,
	3.85879 0.990311,
	3.85947 0.991675,
	3.86016 0.99645,
	3.86016 0.999179,
	3.85402 1.01009,
	3.85061 1.01555,
	3.84037 1.02578,
	3.82946 1.03329,
	3.82673 1.03533,
	3.82195 1.04625,
	3.82127 1.05171,
	3.82605 1.06262,
	3.82673 1.06398,
	3.824 1.06944,
	3.81854 1.07422,
	3.81581 1.07695,
	3.8049 1.08172,
	3.79944 1.08377,
	3.79671 1.08445,
	3.7858 1.07967,
	3.78307 1.07831,
	3.77898 1.07285,
	3.77011 1.05102,
	3.7592 1.0442,
	3.75374 1.04147,
	3.74828 1.03738,
	3.74351 1.04284,
	3.74214 1.04557,
	3.74692 1.05648,
	3.74964 1.06194,
	3.75101 1.0674,
	3.74896 1.07831,
	3.74828 1.08104,
	3.74351 1.0865,
	3.74214 1.08922,
	3.73123 1.09536,
	3.72031 1.09877,
	3.71485 1.09741,
	3.7094 1.09468,
	3.70394 1.09059,
	3.69644 1.07967,
	3.69371 1.06876,
	3.69303 1.06603,
	3.69303 1.06535,
	"/>
</Transform>

<Transform dim="0"
 xcoef=" 0 1 0 0 0 0"
 ycoef=" 0 0 1 0 0 0">
<Contour name="Ea5(ER)" hidden="false" closed="true" simplified="true" border="0 0.882 0.882" fill="0.502 1 1" mode="9"
 points="3.56577 1.28339,
	3.5754 1.27311,
	3.58054 1.2699,
	3.58568 1.26798,
	3.58825 1.26669,
	3.59852 1.2744,
	3.60366 1.27761,
	3.62421 1.28596,
	3.62935 1.28788,
	3.63192 1.28853,
	3.64155 1.2988,
	3.64412 1.30394,
	3.64476 1.30908,
	3.64476 1.31165,
	3.64348 1.31293,
	3.64155 1.32321,
	3.64026 1.32834,
	3.63705 1.33348,
	3.63192 1.33669,
	3.62678 1.34183,
	3.62357 1.34697,
	3.62228 1.34954,
	3.62228 1.35467,
	3.62228 1.35724,
	3.62421 1.36238,
	3.62421 1.36752,
	3.62678 1.37266,
	3.63063 1.37779,
	3.6332 1.38036,
	3.63449 1.38165,
	3.63962 1.38165,
	3.64412 1.37651,
	3.64733 1.36623,
	3.64861 1.35596,
	3.64733 1.35403,
	3.65247 1.34376,
	3.65504 1.33862,
	3.66403 1.32834,
	3.6743 1.32321,
	3.67687 1.32256,
	3.68715 1.32577,
	3.69228 1.32963,
	3.70063 1.3399,
	3.70513 1.35018,
	3.70705 1.36045,
	3.7077 1.381,
	3.7077 1.38614,
	3.70513 1.39642,
	3.70384 1.40155,
	3.70641 1.4221,
	3.7077 1.42724,
	3.70513 1.44779,
	3.70449 1.45293,
	3.70384 1.4555,
	3.70513 1.46064,
	3.70577 1.46321,
	3.70449 1.46834,
	3.69742 1.47862,
	3.68715 1.4844,
	3.68458 1.48568,
	3.6743 1.48504,
	3.65375 1.47862,
	3.64861 1.47669,
	3.64797 1.47605,
	3.64669 1.47669,
	3.64155 1.4722,
	3.63641 1.46899,
	3.63127 1.46706,
	3.62871 1.46642,
	3.61843 1.4722,
	3.61458 1.47733,
	3.61265 1.48247,
	3.61458 1.48761,
	3.61522 1.49018,
	3.61329 1.49532,
	3.60944 1.50045,
	3.6043 1.51073,
	3.60366 1.51201,
	3.60559 1.51715,
	3.60494 1.52229,
	3.60237 1.52743,
	3.58375 1.54798,
	3.58054 1.55311,
	3.57733 1.56339,
	3.57476 1.56853,
	3.5754 1.57366,
	3.57861 1.5788,
	3.58889 1.58587,
	3.59916 1.59422,
	3.6043 1.59871,
	3.60623 1.60128,
	3.60687 1.61155,
	3.60687 1.61412,
	3.6043 1.61669,
	3.59981 1.62697,
	3.59788 1.62954,
	3.59852 1.63981,
	3.6043 1.65009,
	3.60687 1.65522,
	3.60815 1.6655,
	3.61072 1.67577,
	3.61137 1.69633,
	3.61201 1.7066,
	3.61008 1.71688,
	3.6088 1.7188,
	3.60815 1.72394,
	3.60751 1.72651,
	3.59788 1.73678,
	3.5966 1.73743,
	3.5966 1.73871,
	3.5876 1.74834,
	3.58247 1.75155,
	3.57797 1.75348,
	3.57604 1.75027,
	3.58054 1.72972,
	3.58632 1.70917,
	3.58889 1.70403,
	3.58889 1.69376,
	3.58504 1.67321,
	3.58182 1.66293,
	3.5799 1.65266,
	3.57926 1.64752,
	3.58311 1.62697,
	3.58504 1.62183,
	3.58375 1.61155,
	3.57669 1.60128,
	3.57219 1.59614,
	3.56705 1.58587,
	3.56577 1.57559,
	3.56641 1.56532,
	3.56834 1.55504,
	3.57155 1.54477,
	3.57669 1.53449,
	3.5799 1.52935,
	3.58375 1.51908,
	3.58632 1.49853,
	3.58825 1.48825,
	3.58889 1.4677,
	3.5876 1.46256,
	3.58632 1.45999,
	3.57797 1.44972,
	3.57669 1.44715,
	3.57604 1.44201,
	3.5754 1.43944,
	3.57926 1.42917,
	3.58953 1.40862,
	3.59467 1.39834,
	3.5966 1.39321,
	3.5921 1.38293,
	3.58247 1.37266,
	3.57797 1.36752,
	3.57283 1.35724,
	3.57155 1.3521,
	3.5754 1.33155,
	3.57669 1.32899,
	3.57026 1.30844,
	3.56705 1.29816,
	3.56577 1.28788,
	3.56577 1.28532,
	3.56577 1.28403,
	"/>
</Transform>

<Transform dim="0"
 xcoef=" 0 1 0 0 0 0"
 ycoef=" 0 0 1 0 0 0">
<Contour name="Ea5(ER)" hidden="false" closed="true" simplified="true" border="0 0.882 0.882" fill="0.502 1 1" mode="9"
 points="2.6233 2.76157,
	2.62641 2.75446,
	2.62819 2.7509,
	2.62863 2.73668,
	2.62863 2.72956,
	2.62952 2.72245,
	2.63041 2.71889,
	2.63441 2.71178,
	2.64153 2.70644,
	2.6433 2.70288,
	2.64419 2.70111,
	2.64731 2.69755,
	2.65086 2.69043,
	2.6522 2.68866,
	2.65575 2.68866,
	2.65753 2.68866,
	2.6642 2.6931,
	2.66554 2.70022,
	2.66598 2.70199,
	2.66331 2.73045,
	2.66109 2.73756,
	2.65397 2.75179,
	2.64997 2.75891,
	2.64686 2.76202,
	2.64553 2.76558,
	2.64108 2.77269,
	2.64019 2.77447,
	2.63308 2.77669,
	2.62952 2.77758,
	2.62774 2.77803,
	2.62685 2.77847,
	2.62596 2.77803,
	2.62418 2.77091,
	2.6233 2.7638,
	2.6233 2.76202,
	"/>
</Transform>

<Transform dim="0"
 xcoef=" 0 1 0 0 0 0"
 ycoef=" 0 0 1 0 0 0">
<Contour name="Ea5(ER)" hidden="false" closed="true" simplified="true" border="0 0.882 0.882" fill="0.502 1 1" mode="9"
 points="2.76928 2.5551,
	2.7764 2.55288,
	2.77995 2.55199,
	2.78173 2.55155,
	2.79596 2.55421,
	2.80085 2.56133,
	2.80263 2.56489,
	2.80396 2.57911,
	2.80352 2.58267,
	2.80041 2.58979,
	2.79818 2.59334,
	2.78396 2.60312,
	2.76973 2.60668,
	2.7555 2.61513,
	2.75194 2.61735,
	2.75016 2.61824,
	2.73594 2.63114,
	2.72882 2.63469,
	2.72527 2.63647,
	2.72171 2.63692,
	2.71993 2.63692,
	2.71637 2.63469,
	2.71548 2.63114,
	2.71682 2.62402,
	2.71904 2.61691,
	2.72171 2.60268,
	2.72393 2.59557,
	2.72438 2.59423,
	2.72616 2.59334,
	2.7266 2.59201,
	2.72927 2.59112,
	2.73638 2.59067,
	2.7435 2.58934,
	2.74705 2.58801,
	2.75061 2.58578,
	2.75728 2.58,
	2.76039 2.57645,
	2.76306 2.56933,
	2.76306 2.56755,
	2.76617 2.56044,
	2.76751 2.55688,
	2.76884 2.55555,
	"/>
</Transform>

<Transform dim="0"
 xcoef=" 0 1 0 0 0 0"
 ycoef=" 0 0 1 0 0 0">
<Contour name="Ea5(ER)" hidden="false" closed="true" simplified="true" border="0 0.882 0.882" fill="0.502 1 1" mode="9"
 points="2.59059 2.92894,
	2.59145 2.92894,
	2.59402 2.92809,
	2.60775 2.93324,
	2.61462 2.93238,
	2.62836 2.92036,
	2.63522 2.91607,
	2.64209 2.91349,
	2.65582 2.91178,
	2.66269 2.91264,
	2.6687 2.91864,
	2.66526 2.92465,
	2.65153 2.93152,
	2.6378 2.94096,
	2.63093 2.94439,
	2.62406 2.94525,
	2.62063 2.94439,
	2.61805 2.94182,
	2.60432 2.94268,
	2.59745 2.94439,
	2.59402 2.94439,
	2.59059 2.93839,
	2.58973 2.93495,
	2.59059 2.93152,
	2.59059 2.9298,
	"/>
</Transform>

<Transform dim="0"
 xcoef=" 0 1 0 0 0 0"
 ycoef=" 0 0 1 0 0 0">
<Contour name="Ea5" hidden="false" closed="true" simplified="true" border="0.984314 0.207843 0.0156863" fill="1 1 0.690196" mode="9"
 points="2.90683 2.17686,
	2.90777 2.1693,
	2.91628 2.15417,
	2.9229 2.13904,
	2.92479 2.13148,
	2.94654 2.10122,
	2.97018 2.07097,
	2.97963 2.05584,
	2.99382 2.02558,
	2.99854 2.01802,
	3.00516 2.01045,
	3.00989 2.00289,
	3.01367 1.98776,
	3.02029 1.97263,
	3.02407 1.96885,
	3.02596 1.96885,
	3.03164 1.96128,
	3.03447 1.95656,
	3.03447 1.94899,
	3.03447 1.94521,
	3.02691 1.93859,
	3.02502 1.93765,
	3.02407 1.93008,
	3.02691 1.91495,
	3.03353 1.89983,
	3.0392 1.89226,
	3.04109 1.88848,
	3.05622 1.87619,
	3.06378 1.87051,
	3.06757 1.86673,
	3.06946 1.8516,
	3.06757 1.82135,
	3.06095 1.79109,
	3.06189 1.78353,
	3.06284 1.77974,
	3.06568 1.77596,
	3.0808 1.76934,
	3.08837 1.76651,
	3.1035 1.75232,
	3.10822 1.74476,
	3.11862 1.7145,
	3.12335 1.70694,
	3.13848 1.69181,
	3.14605 1.68425,
	3.15266 1.66912,
	3.15739 1.66155,
	3.17157 1.64642,
	3.17914 1.64075,
	3.18576 1.63319,
	3.19332 1.61806,
	3.21601 1.5878,
	3.22263 1.58024,
	3.23965 1.54998,
	3.25856 1.51972,
	3.26329 1.5046,
	3.26613 1.48947,
	3.26613 1.4819,
	3.26802 1.47434,
	3.27275 1.46678,
	3.28787 1.45165,
	3.303 1.44125,
	3.31813 1.42801,
	3.32286 1.41288,
	3.32475 1.40532,
	3.34177 1.37506,
	3.3569 1.36088,
	3.37203 1.34858,
	3.37486 1.3448,
	3.37581 1.33724,
	3.37486 1.32967,
	3.37392 1.32589,
	3.37581 1.31833,
	3.38337 1.31265,
	3.3985 1.30887,
	3.40606 1.30793,
	3.42119 1.31171,
	3.42876 1.3136,
	3.45901 1.30698,
	3.4628 1.30604,
	3.47792 1.31076,
	3.49305 1.31171,
	3.50818 1.30982,
	3.5148 1.30225,
	3.51953 1.29469,
	3.52236 1.27956,
	3.53087 1.26443,
	3.53844 1.25971,
	3.546 1.25781,
	3.54789 1.25687,
	3.55546 1.25876,
	3.55924 1.26065,
	3.56019 1.2616,
	3.5772 1.23134,
	3.58099 1.22378,
	3.58761 1.21621,
	3.59517 1.21054,
	3.6103 1.20297,
	3.61786 1.19919,
	3.62543 1.19352,
	3.63394 1.17839,
	3.64245 1.11788,
	3.63677 1.08762,
	3.63583 1.08384,
	3.63488 1.08289,
	3.64339 1.06776,
	3.65568 1.05264,
	3.66325 1.04507,
	3.66608 1.03751,
	3.66608 1.03372,
	3.67176 1.0186,
	3.6623 0.98834,
	3.65757 0.973211,
	3.65663 0.965647,
	3.65947 0.950519,
	3.66987 0.920262,
	3.68689 0.890005,
	3.68878 0.886223,
	3.6954 0.878659,
	3.72565 0.865422,
	3.73322 0.859748,
	3.74551 0.84462,
	3.75969 0.829492,
	3.76064 0.814363,
	3.76064 0.806799,
	3.75118 0.776542,
	3.74267 0.761414,
	3.73794 0.75385,
	3.73038 0.746285,
	3.72282 0.731157,
	3.71903 0.723593,
	3.73416 0.693336,
	3.76442 0.665916,
	3.77766 0.650787,
	3.78427 0.643223,
	3.78711 0.635659,
	3.79089 0.605402,
	3.79184 0.590274,
	3.78711 0.52976,
	3.78995 0.514632,
	3.79089 0.507068,
	3.79846 0.491939,
	3.80886 0.476811,
	3.81453 0.469247,
	3.81831 0.461682,
	3.8202 0.4579,
	3.82115 0.456009,
	3.81926 0.452227,
	3.82304 0.444663,
	3.82493 0.440881,
	3.8325 0.434262,
	3.84762 0.423861,
	3.85141 0.420079,
	3.86654 0.41157,
	3.88166 0.405897,
	3.89679 0.40306,
	3.90436 0.404005,
	3.90814 0.404951,
	3.96865 0.386986,
	3.98378 0.390768,
	3.99891 0.396441,
	4.00269 0.398332,
	4.01782 0.395496,
	4.02538 0.396441,
	4.04051 0.402114,
	4.04808 0.405897,
	4.07455 0.436153,
	4.08968 0.450336,
	4.09535 0.4579,
	4.10103 0.473029,
	4.11615 0.503286,
	4.13696 0.533542,
	4.14357 0.548671,
	4.14736 0.556235,
	4.1483 0.571363,
	4.14736 0.578928,
	4.13885 0.609184,
	4.13412 0.639441,
	4.13506 0.647005,
	4.13506 0.650787,
	4.16438 0.711301,
	4.1691 0.726429,
	4.17099 0.741558,
	4.17194 0.74534,
	4.16816 0.760468,
	4.15965 0.774651,
	4.14452 0.780324,
	4.13034 0.788834,
	4.11521 0.819091,
	4.0963 0.849348,
	4.08779 0.864476,
	4.0755 0.894733,
	4.07266 0.902297,
	4.06793 0.932554,
	4.04713 0.993067,
	4.03673 1.02332,
	4.02444 1.05358,
	4.01404 1.08384,
	4.01215 1.08762,
	4.0112 1.10275,
	4.01215 1.11031,
	4.00836 1.14057,
	4.00269 1.17083,
	3.99891 1.20108,
	3.99796 1.20865,
	3.98473 1.2389,
	3.97905 1.25403,
	3.96865 1.31455,
	3.96014 1.32967,
	3.94974 1.3448,
	3.93745 1.35993,
	3.93083 1.3675,
	3.92327 1.38262,
	3.92138 1.38641,
	3.90625 1.39492,
	3.90341 1.39775,
	3.89679 1.42801,
	3.89206 1.44314,
	3.87599 1.47339,
	3.86559 1.48852,
	3.85141 1.51878,
	3.84668 1.53391,
	3.82871 1.56416,
	3.80508 1.59442,
	3.79278 1.60955,
	3.78238 1.62468,
	3.7786 1.63224,
	3.76442 1.64642,
	3.75213 1.66155,
	3.74645 1.66912,
	3.74173 1.68425,
	3.73889 1.69937,
	3.73983 1.7145,
	3.74645 1.74476,
	3.74645 1.75989,
	3.73889 1.79014,
	3.72092 1.8204,
	3.71525 1.82797,
	3.70769 1.84309,
	3.69729 1.85822,
	3.6831 1.87241,
	3.67554 1.87997,
	3.66041 1.89226,
	3.64528 1.90644,
	3.63961 1.91401,
	3.62354 1.94427,
	3.61219 1.95939,
	3.59801 1.97358,
	3.58382 1.98303,
	3.57531 1.99816,
	3.57059 2.01329,
	3.56397 2.04355,
	3.56302 2.04733,
	3.53938 2.07758,
	3.52804 2.09271,
	3.51858 2.10784,
	3.5044 2.12202,
	3.49683 2.12675,
	3.49305 2.12864,
	3.47792 2.13053,
	3.47036 2.12959,
	3.45523 2.13148,
	3.44767 2.13337,
	3.4401 2.13715,
	3.43254 2.14283,
	3.42876 2.14472,
	3.3985 2.17119,
	3.38526 2.18632,
	3.3777 2.19294,
	3.31719 2.22414,
	3.30206 2.23265,
	3.27275 2.26291,
	3.25762 2.2752,
	3.24249 2.28276,
	3.23492 2.2856,
	3.22736 2.28655,
	3.1971 2.28182,
	3.18954 2.27993,
	3.15928 2.28276,
	3.14415 2.2856,
	3.13659 2.28655,
	3.07608 2.27425,
	3.06095 2.27142,
	3.04582 2.26669,
	3.03069 2.26007,
	3.01556 2.25629,
	3.00043 2.25534,
	2.97018 2.25723,
	2.96261 2.25723,
	2.94749 2.26196,
	2.93236 2.25534,
	2.92857 2.25251,
	2.92574 2.24494,
	2.91912 2.21469,
	2.90683 2.18443,
	2.90683 2.17781,
	"/>
</Transform>

<Transform dim="0"
 xcoef=" 0 1 0 0 0 0"
 ycoef=" 0 0 1 0 0 0">
<Contour name="Ed9" hidden="false" closed="true" simplified="true" border="0.541 0.757 0.035" fill="0.502 1 1" mode="9"
 points="1.77544 0.106118,
	1.78042 0.0862164,
	1.7885 0.0663149,
	1.78913 0.0638272,
	1.79908 0.0582299,
	1.80903 0.0544983,
	1.81898 0.0526326,
	1.83888 0.0557422,
	1.84883 0.0563641,
	1.86873 0.0544983,
	1.87868 0.0532545,
	1.88117 0.0526326,
	1.90107 0.056986,
	1.94088 0.0762656,
	1.96078 0.089326,
	1.97073 0.0961672,
	1.99063 0.105496,
	2.01053 0.112337,
	2.03043 0.120422,
	2.07024 0.141568,
	2.08019 0.147165,
	2.08516 0.149031,
	2.09014 0.149653,
	2.09511 0.151518,
	2.0976 0.15214,
	2.1374 0.144055,
	2.15731 0.139702,
	2.16726 0.137214,
	2.18716 0.129129,
	2.19213 0.127263,
	2.20892 0.107362,
	2.21639 0.097411,
	2.22634 0.0775095,
	2.22883 0.0725341,
	2.23878 0.0669368,
	2.24873 0.065071,
	2.25868 0.0663149,
	2.26365 0.0675587,
	2.2736 0.0725341,
	2.28356 0.0793753,
	2.30283 0.0992768,
	2.31279 0.107984,
	2.31776 0.111715,
	2.33766 0.121666,
	2.34761 0.126019,
	2.35756 0.128507,
	2.36751 0.129129,
	2.37747 0.126019,
	2.39737 0.116691,
	2.41727 0.104874,
	2.42722 0.0992768,
	2.44712 0.0843506,
	2.45707 0.0750218,
	2.47822 0.0352187,
	2.48817 0.0153172,
	2.49252 0.00536645,
	2.49501 0.000391073,
	2.49874 -0.0195105,
	2.49998 -0.0294612,
	2.49625 -0.0692643,
	2.49501 -0.079215,
	2.4919 -0.0891658,
	2.47386 -0.128969,
	2.47262 -0.14887,
	2.472 -0.151358,
	2.47511 -0.161309,
	2.4776 -0.166284,
	2.48257 -0.170016,
	2.48506 -0.172503,
	2.49501 -0.176857,
	2.50496 -0.177479,
	2.52486 -0.176235,
	2.53481 -0.177479,
	2.55471 -0.186808,
	2.56466 -0.192405,
	2.56964 -0.195515,
	2.58705 -0.215416,
	2.59576 -0.225367,
	2.60074 -0.229098,
	2.62064 -0.239049,
	2.63059 -0.240915,
	2.64054 -0.240293,
	2.64551 -0.240915,
	2.66542 -0.237805,
	2.68532 -0.237183,
	2.70522 -0.237805,
	2.71517 -0.238427,
	2.72512 -0.240293,
	2.76492 -0.258329,
	2.78483 -0.26517,
	2.7898 -0.265792,
	2.8296 -0.260816,
	2.83955 -0.260195,
	2.91916 -0.267036,
	2.95896 -0.272011,
	2.97886 -0.274499,
	2.98882 -0.275121,
	3.02862 -0.282584,
	3.04852 -0.28445,
	3.06842 -0.283828,
	3.10822 -0.279474,
	3.12813 -0.275743,
	3.14803 -0.267036,
	3.153 -0.26517,
	3.16295 -0.264548,
	3.1729 -0.26517,
	3.19281 -0.260195,
	3.20276 -0.257707,
	3.21271 -0.258329,
	3.23261 -0.266414,
	3.27241 -0.286315,
	3.28236 -0.291291,
	3.28734 -0.293778,
	3.28858 -0.2944,
	3.32839 -0.28445,
	3.36819 -0.276365,
	3.38809 -0.272633,
	3.39307 -0.272011,
	3.40302 -0.273877,
	3.40799 -0.275121,
	3.40861 -0.275743,
	3.44842 -0.255841,
	3.45837 -0.250866,
	3.46334 -0.249,
	3.47329 -0.247756,
	3.47827 -0.247134,
	3.48076 -0.246512,
	3.48324 -0.247134,
	3.50315 -0.243403,
	3.52305 -0.237805,
	3.533 -0.235318,
	3.54295 -0.230964,
	3.58275 -0.21977,
	3.5927 -0.21666,
	3.60265 -0.212306,
	3.62255 -0.206709,
	3.62753 -0.205465,
	3.63002 -0.205465,
	3.70962 -0.165662,
	3.72953 -0.155712,
	3.74943 -0.137676,
	3.76498 -0.117774,
	3.76871 -0.112799,
	3.77555 -0.0928973,
	3.7855 -0.0729958,
	3.79047 -0.063045,
	3.82033 -0.023242,
	3.83276 -0.00334046,
	3.84645 0.0165611,
	3.85329 0.0265118,
	3.86137 0.0364626,
	3.88127 0.0538764,
	3.90118 0.0694245,
	3.94098 0.0924356,
	3.96088 0.103008,
	3.97083 0.109228,
	3.99073 0.124154,
	4.00068 0.129751,
	4.02059 0.137836,
	4.03054 0.140946,
	4.05044 0.149653,
	4.13004 0.189456,
	4.14995 0.200028,
	4.1599 0.205004,
	4.1997 0.238587,
	4.20965 0.244807,
	4.22955 0.25227,
	4.24945 0.252892,
	4.28926 0.251026,
	4.29921 0.250404,
	4.33901 0.241075,
	4.34896 0.239209,
	4.35394 0.237966,
	4.36389 0.239831,
	4.38379 0.241075,
	4.40369 0.241075,
	4.41364 0.241075,
	4.43354 0.236722,
	4.44349 0.234234,
	4.4833 0.214954,
	4.5032 0.206247,
	4.5231 0.200028,
	4.52434 0.199406,
	4.56415 0.219308,
	4.58405 0.229259,
	4.594 0.234234,
	4.6338 0.267818,
	4.63878 0.272793,
	4.64935 0.292695,
	4.65308 0.302645,
	4.65059 0.312596,
	4.64126 0.332498,
	4.63691 0.342449,
	4.63442 0.347424,
	4.63007 0.352399,
	4.6195 0.372301,
	4.61701 0.377276,
	4.61514 0.387227,
	4.61452 0.397178,
	4.61639 0.417079,
	4.61763 0.422055,
	4.62696 0.441956,
	4.63504 0.461858,
	4.63815 0.471808,
	4.64002 0.476784,
	4.64064 0.481759,
	4.64064 0.484247,
	4.63629 0.494198,
	4.63318 0.499173,
	4.63069 0.501661,
	4.62012 0.521562,
	4.61514 0.531513,
	4.61328 0.536488,
	4.60955 0.55639,
	4.6027 0.576291,
	4.59711 0.616095,
	4.59338 0.635996,
	4.59213 0.640971,
	4.5828 0.660873,
	4.57721 0.670824,
	4.55793 0.690725,
	4.55544 0.693213,
	4.55482 0.693835,
	4.51501 0.673311,
	4.49511 0.663361,
	4.48516 0.659007,
	4.48019 0.657141,
	4.46028 0.65341,
	4.45033 0.651544,
	4.43043 0.644703,
	4.41053 0.63413,
	4.40556 0.631021,
	4.38565 0.613607,
	4.3757 0.606766,
	4.3558 0.596815,
	4.3359 0.595571,
	4.32595 0.594949,
	4.32097 0.594327,
	4.316 0.594949,
	4.2961 0.591218,
	4.29112 0.590596,
	4.27122 0.582511,
	4.23142 0.563231,
	4.22147 0.561365,
	4.18166 0.542086,
	4.17171 0.53711,
	4.16674 0.534623,
	4.1487 0.514721,
	4.12818 0.474918,
	4.11885 0.455017,
	4.11574 0.445066,
	4.10641 0.425164,
	4.09833 0.415213,
	4.07842 0.405263,
	4.06847 0.400287,
	3.98887 0.376032,
	3.94906 0.364838,
	3.93911 0.36235,
	3.92916 0.362972,
	3.88936 0.371057,
	3.87941 0.373545,
	3.85951 0.380386,
	3.83961 0.390337,
	3.82966 0.39469,
	3.8197 0.3978,
	3.7998 0.399665,
	3.7799 0.400287,
	3.76995 0.400287,
	3.76498 0.400287,
	3.75502 0.402775,
	3.74507 0.407128,
	3.7401 0.409616,
	3.73015 0.419567,
	3.7202 0.439468,
	3.71584 0.449419,
	3.71398 0.45937,
	3.71273 0.461858,
	3.71211 0.463102,
	3.72206 0.483003,
	3.72704 0.492954,
	3.75316 0.532757,
	3.75876 0.542708,
	3.76187 0.547683,
	3.76498 0.557634,
	3.76684 0.577535,
	3.7656 0.587486,
	3.76311 0.597437,
	3.75565 0.617338,
	3.7457 0.626045,
	3.72579 0.63724,
	3.71584 0.642837,
	3.70589 0.6503,
	3.70278 0.655276,
	3.69283 0.664604,
	3.68288 0.668958,
	3.68039 0.66958,
	3.64059 0.657763,
	3.62069 0.650922,
	3.61571 0.649678,
	3.57591 0.647813,
	3.55601 0.647191,
	3.54606 0.647191,
	3.52616 0.651544,
	3.51621 0.654032,
	3.50626 0.659629,
	3.50128 0.663361,
	3.46396 0.703164,
	3.44531 0.723065,
	3.41172 0.762868,
	3.40799 0.767844,
	3.39742 0.787745,
	3.38933 0.797696,
	3.37938 0.807025,
	3.37441 0.811378,
	3.3346 0.836877,
	3.2948 0.858022,
	3.2749 0.867351,
	3.255 0.874192,
	3.2351 0.872327,
	3.22515 0.871705,
	3.2152 0.869839,
	3.21022 0.869217,
	3.20773 0.868595,
	3.18783 0.871705,
	3.18286 0.872949,
	3.18037 0.872949,
	3.16047 0.882899,
	3.15052 0.888497,
	3.14056 0.89596,
	3.13124 0.90591,
	3.12129 0.925812,
	3.11818 0.935763,
	3.11631 0.945714,
	3.11507 0.965615,
	3.11569 0.985517,
	3.11507 0.995467,
	3.11631 1.00542,
	3.11631 1.01039,
	3.11755 1.01537,
	3.13746 1.05517,
	3.14243 1.06512,
	3.14554 1.0701,
	3.16358 1.09,
	3.18348 1.10928,
	3.22328 1.14411,
	3.2606 1.18391,
	3.2693 1.19386,
	3.27179 1.19635,
	3.27614 1.2063,
	3.29729 1.28591,
	3.30289 1.30581,
	3.31097 1.32571,
	3.31595 1.34561,
	3.31781 1.35556,
	3.31968 1.36054,
	3.31408 1.38044,
	3.30537 1.40034,
	3.29978 1.41029,
	3.28547 1.43019,
	3.27739 1.44014,
	3.26744 1.45009,
	3.26371 1.45507,
	3.25873 1.46004,
	3.21706 1.53965,
	3.19529 1.57945,
	3.1698 1.61926,
	3.14119 1.65906,
	3.12688 1.67896,
	3.1188 1.68891,
	3.1076 1.70881,
	3.10449 1.71379,
	3.0877 1.73369,
	3.07775 1.73991,
	3.05785 1.74986,
	3.05536 1.7511,
	3.05039 1.74924,
	3.04044 1.73929,
	3.03359 1.72934,
	3.028 1.71939,
	3.01431 1.69948,
	3.0081 1.68953,
	2.96829 1.60993,
	2.95585 1.57012,
	2.95274 1.56017,
	2.95212 1.55769,
	2.97016 1.51788,
	2.98944 1.47808,
	3.00685 1.43828,
	3.0224 1.39847,
	3.02986 1.37857,
	3.0423 1.33877,
	3.04541 1.32882,
	3.05101 1.28901,
	3.05287 1.27906,
	3.0535 1.27409,
	3.04914 1.23429,
	3.04728 1.21438,
	3.04603 1.20443,
	3.0479 1.19448,
	3.04914 1.18951,
	3.04976 1.18702,
	3.03297 1.10741,
	3.02986 1.08751,
	3.03048 1.07756,
	3.03235 1.06761,
	3.03981 1.04771,
	3.04417 1.03776,
	3.04728 1.02781,
	3.0479 1.01786,
	3.0479 1.01288,
	3.04541 1.00293,
	3.04479 0.997955,
	3.04417 0.995467,
	3.03608 0.974944,
	3.01618 0.955042,
	2.99628 0.93825,
	2.9913 0.935141,
	2.98135 0.925812,
	2.97638 0.922702,
	2.96643 0.912752,
	2.94652 0.901557,
	2.93657 0.897204,
	2.91667 0.892228,
	2.90672 0.890362,
	2.88682 0.884143,
	2.86692 0.87979,
	2.82712 0.869217,
	2.81717 0.867351,
	2.77736 0.867351,
	2.76741 0.868595,
	2.72761 0.868595,
	2.70771 0.868595,
	2.69776 0.866107,
	2.67785 0.856779,
	2.6679 0.851803,
	2.65795 0.844962,
	2.65298 0.840609,
	2.64303 0.834389,
	2.63308 0.830658,
	2.62313 0.825682,
	2.61815 0.823195,
	2.59825 0.820085,
	2.51864 0.783392,
	2.49874 0.775307,
	2.48879 0.771575,
	2.46889 0.765978,
	2.46391 0.764734,
	2.44401 0.756649,
	2.42411 0.751052,
	2.41416 0.748564,
	2.39426 0.740479,
	2.38928 0.738613,
	2.37933 0.731772,
	2.37436 0.728663,
	2.36627 0.718712,
	2.34637 0.707517,
	2.33642 0.704408,
	2.33144 0.703164,
	2.29164 0.683262,
	2.27174 0.673933,
	2.23194 0.661495,
	2.22199 0.657763,
	2.18218 0.638484,
	2.16228 0.630399,
	2.15233 0.624801,
	2.14238 0.614851,
	2.12248 0.599925,
	2.11253 0.593083,
	2.09263 0.582511,
	2.08267 0.576291,
	2.04287 0.54022,
	2.02297 0.524672,
	2.00307 0.50788,
	1.99312 0.497929,
	1.96202 0.458126,
	1.92533 0.418323,
	1.91662 0.408372,
	1.90916 0.398422,
	1.86749 0.318815,
	1.82769 0.239209,
	1.80778 0.199406,
	1.78975 0.159603,
	1.78602 0.149653,
	1.77607 0.109849,
	1.77544 0.107362,
	1.77544 0.10674,
	"/>
</Transform>

<Transform dim="0"
 xcoef=" 0 1 0 0 0 0"
 ycoef=" 0 0 1 0 0 0">
<Contour name="Ea5(AZ1)" hidden="false" closed="true" simplified="true" border="1 0.501961 0.752941" fill="1 0.501961 1" mode="9"
 points="3.09939 1.69793,
	3.24046 1.47501,
	3.27616 1.41928,
	3.2779 1.41667,
	3.30577 1.44105,
	3.30664 1.44279,
	3.30315 1.44976,
	3.28226 1.47763,
	3.27616 1.49156,
	3.27181 1.50549,
	3.27181 1.50636,
	3.26745 1.51072,
	3.2631 1.51681,
	3.26049 1.52378,
	3.25874 1.52726,
	3.257 1.529,
	3.25613 1.53248,
	3.25352 1.5351,
	3.25178 1.54903,
	3.25004 1.556,
	3.24655 1.56296,
	3.24481 1.56645,
	3.23262 1.58038,
	3.21433 1.60824,
	3.20563 1.62217,
	3.18212 1.65004,
	3.16818 1.65788,
	3.1647 1.66049,
	3.15251 1.68748,
	3.14032 1.70142,
	3.12639 1.71274,
	3.12464 1.71448,
	3.11071 1.70577,
	3.10375 1.70142,
	3.10026 1.6988,
	"/>
</Transform>

</Section>