<?xml version="1.0"?>
<!DOCTYPE Section SYSTEM "section.dtd">

<Section index="15" thickness="0.05" alignLocked="true">
<Transform dim="6"
 xcoef=" 0.545841338906266 0.801595615525091 0.374871048970667 0 0 0"
 ycoef=" 2.30782520038488 -0.528315803352295 0.79345474743734 0 0 0">
<Image mag="0.0022159" contrast="1" brightness="0"
 src="R34CA1-B_S12.115.jpg" />
<Contour name="domain1" hidden="false" closed="true" simplified="false" border="1 0 1" fill="1 0 1" mode="11"
 points="0 0,
	4096 0,
	4096 4096,
	0 4096,
	"/>
</Transform>

<Transform dim="0"
 xcoef=" 0 1 0 0 0 0"
 ycoef=" 0 0 1 0 0 0">
<Contour name="Ed9" hidden="false" closed="true" simplified="true" border="0.541176 0.756863 0.0352941" fill="0.501961 1 1" mode="9"
 points="3.00354 1.61347,
	3.00582 1.60127,
	3.00659 1.59822,
	3.03098 1.57764,
	3.04165 1.56544,
	3.04775 1.5601,
	3.05995 1.55476,
	3.08435 1.53723,
	3.09045 1.53266,
	3.11484 1.50826,
	3.12628 1.49606,
	3.13619 1.48386,
	3.15982 1.43507,
	3.17202 1.41068,
	3.18803 1.38628,
	3.19108 1.38018,
	3.1926 1.37713,
	3.19337 1.37637,
	3.1987 1.36875,
	3.2109 1.35884,
	3.217 1.35502,
	3.22005 1.35274,
	3.23225 1.34892,
	3.25664 1.33749,
	3.28104 1.31767,
	3.28714 1.31309,
	3.29019 1.31004,
	3.30238 1.30623,
	3.30848 1.30471,
	3.31458 1.30471,
	3.33898 1.29785,
	3.35118 1.29556,
	3.35728 1.29403,
	3.36947 1.29403,
	3.38167 1.29708,
	3.3832 1.29785,
	3.3832 1.29937,
	3.38625 1.3009,
	3.39234 1.30699,
	3.39539 1.30776,
	3.40149 1.31233,
	3.40759 1.31462,
	3.41064 1.3169,
	3.41674 1.31767,
	3.42894 1.323,
	3.43199 1.323,
	3.43351 1.323,
	3.44571 1.33444,
	3.45562 1.34664,
	3.46706 1.35807,
	3.47925 1.36493,
	3.48535 1.36875,
	3.4945 1.38094,
	3.5006 1.39314,
	3.50899 1.40534,
	3.5128 1.41144,
	3.51814 1.41754,
	3.52347 1.42974,
	3.52576 1.44193,
	3.52652 1.44803,
	3.52652 1.45108,
	3.52805 1.45413,
	3.52805 1.47853,
	3.52195 1.50292,
	3.52119 1.50902,
	3.52119 1.51207,
	3.51432 1.52427,
	3.50822 1.52961,
	3.50365 1.53571,
	3.49755 1.5418,
	3.48764 1.554,
	3.47925 1.5662,
	3.47316 1.57154,
	3.46858 1.57764,
	3.44495 1.62643,
	3.43809 1.63862,
	3.42589 1.64777,
	3.40149 1.67217,
	3.37938 1.69657,
	3.35956 1.72096,
	3.3527 1.73316,
	3.34203 1.75755,
	3.33822 1.76365,
	3.32602 1.77585,
	3.31382 1.78119,
	3.30772 1.78348,
	3.28333 1.78576,
	3.27113 1.78729,
	3.26503 1.78881,
	3.21624 1.81397,
	3.19184 1.82541,
	3.17964 1.83074,
	3.17354 1.83227,
	3.12475 1.82693,
	3.11255 1.82312,
	3.10036 1.81626,
	3.09426 1.81321,
	3.06986 1.79339,
	3.05919 1.78119,
	3.05233 1.76899,
	3.04394 1.74459,
	3.0386 1.7324,
	3.03556 1.7202,
	3.03556 1.71715,
	3.03022 1.70495,
	3.0226 1.69275,
	3.01955 1.68056,
	3.01802 1.65616,
	3.01726 1.65006,
	3.00659 1.62566,
	3.00354 1.61423,
	"/>
</Transform>

<Transform dim="0"
 xcoef=" 0 1 0 0 0 0"
 ycoef=" 0 0 1 0 0 0">
<Contour name="Ed9" hidden="false" closed="true" simplified="true" border="0.541176 0.756863 0.0352941" fill="0.501961 1 1" mode="9"
 points="1.39742 0.264583,
	1.40622 0.236428,
	1.4203 0.208274,
	1.44141 0.180119,
	1.44669 0.17308,
	1.44669 0.159003,
	1.42382 0.130848,
	1.41502 0.116771,
	1.41326 0.102694,
	1.41502 0.0886163,
	1.44317 0.0675003,
	1.45725 0.063981,
	1.46429 0.063981,
	1.46781 0.0622213,
	1.52412 0.0762987,
	1.58043 0.102694,
	1.60858 0.111492,
	1.63674 0.104453,
	1.64377 0.100934,
	1.65785 0.0868567,
	1.68425 0.0305474,
	1.70008 0.00239271,
	1.72824 -0.0152039,
	1.75287 -0.0715132,
	1.76871 -0.0996679,
	1.79687 -0.119024,
	1.82502 -0.122544,
	1.88133 -0.115505,
	1.93764 -0.0943889,
	1.96579 -0.0855906,
	1.99395 -0.0715132,
	2.0221 -0.0627149,
	2.03618 -0.0697536,
	2.04322 -0.0732729,
	2.05202 -0.0873502,
	2.07137 -0.14366,
	2.09425 -0.199969,
	2.10833 -0.228123,
	2.11712 -0.242201,
	2.12416 -0.24748,
	2.13824 -0.252759,
	2.15232 -0.24572,
	2.17519 -0.217565,
	2.18399 -0.203488,
	2.2403 -0.155977,
	2.29661 -0.127823,
	2.32476 -0.122544,
	2.35292 -0.126063,
	2.40923 -0.152458,
	2.42331 -0.161256,
	2.43034 -0.166535,
	2.46026 -0.222844,
	2.47962 -0.250999,
	2.49017 -0.265076,
	2.51833 -0.279154,
	2.54648 -0.29851,
	2.60279 -0.326665,
	2.63095 -0.331944,
	2.6591 -0.342502,
	2.67318 -0.347781,
	2.70133 -0.3513,
	2.71541 -0.354819,
	2.77172 -0.3513,
	2.79987 -0.3513,
	2.85618 -0.377695,
	2.88434 -0.390013,
	2.91249 -0.393532,
	2.92657 -0.397051,
	3.03919 -0.391772,
	3.15181 -0.372416,
	3.17996 -0.361858,
	3.23627 -0.361858,
	3.26443 -0.361858,
	3.29258 -0.358339,
	3.34889 -0.335463,
	3.35241 -0.333703,
	3.36473 -0.324905,
	3.36473 -0.321386,
	3.3788 -0.312587,
	3.38584 -0.309068,
	3.3876 -0.305549,
	3.40168 -0.30027,
	3.40872 -0.29851,
	3.41224 -0.294991,
	3.41576 -0.294991,
	3.41928 -0.291471,
	3.42632 -0.291471,
	3.42983 -0.287952,
	3.44391 -0.284433,
	3.44743 -0.280913,
	3.45095 -0.280913,
	3.45447 -0.277394,
	3.46151 -0.277394,
	3.46503 -0.277394,
	3.46855 -0.273875,
	3.47559 -0.273875,
	3.48262 -0.270355,
	3.48614 -0.270355,
	3.51078 -0.242201,
	3.51782 -0.235162,
	3.52134 -0.231643,
	3.52486 -0.231643,
	3.52838 -0.228123,
	3.5319 -0.228123,
	3.53541 -0.224604,
	3.54245 -0.224604,
	3.54597 -0.221085,
	3.54949 -0.221085,
	3.55301 -0.217565,
	3.55653 -0.217565,
	3.56533 -0.212286,
	3.57237 -0.210527,
	3.58645 -0.198209,
	3.59348 -0.19117,
	3.60052 -0.189411,
	3.62164 -0.171814,
	3.67795 -0.136621,
	3.73426 -0.106707,
	3.76241 -0.0979082,
	3.79057 -0.0926292,
	3.80464 -0.0891099,
	3.81168 -0.0891099,
	3.86799 -0.0556762,
	3.89615 -0.0345603,
	3.95246 -0.00464595,
	3.98061 0.0147104,
	4.00876 0.037586,
	4.03692 0.0569423,
	4.07915 0.113252,
	4.08619 0.127329,
	4.08795 0.141406,
	4.08971 0.148445,
	4.07739 0.1766,
	4.06507 0.187158,
	4.03692 0.192437,
	4.02284 0.187158,
	4.00876 0.178359,
	3.95246 0.129089,
	3.93838 0.116771,
	3.93134 0.111492,
	3.87503 0.115011,
	3.81872 0.113252,
	3.80464 0.109732,
	3.7976 0.106213,
	3.78353 0.106213,
	3.76945 0.102694,
	3.71314 0.104453,
	3.69906 0.107973,
	3.67091 0.12381,
	3.65683 0.130848,
	3.62868 0.137887,
	3.62164 0.141406,
	3.60932 0.155484,
	3.59172 0.211793,
	3.58117 0.268102,
	3.57589 0.296257,
	3.57589 0.310334,
	3.57589 0.317373,
	3.58117 0.33145,
	3.57941 0.387759,
	3.57765 0.415914,
	3.57237 0.429991,
	3.54421 0.445828,
	3.53717 0.449348,
	3.50902 0.43703,
	3.48087 0.419433,
	3.46679 0.412395,
	3.43863 0.408875,
	3.41048 0.410635,
	3.40344 0.412395,
	3.39464 0.426472,
	3.3876 0.454627,
	3.38936 0.482781,
	3.39112 0.496859,
	3.38232 0.525013,
	3.37704 0.539091,
	3.37529 0.553168,
	3.3876 0.609477,
	3.38408 0.623555,
	3.36825 0.651709,
	3.31194 0.688662,
	3.25563 0.711538,
	3.19932 0.725615,
	3.18524 0.729135,
	3.15709 0.75377,
	3.15005 0.767847,
	3.12541 0.796002,
	3.11837 0.80304,
	3.11134 0.80656,
	3.05503 0.810079,
	3.02687 0.794242,
	2.99872 0.773126,
	2.98464 0.760809,
	2.92833 0.734414,
	2.91425 0.729135,
	2.85794 0.727375,
	2.74532 0.730894,
	2.68902 0.732654,
	2.66086 0.737933,
	2.60455 0.734414,
	2.54824 0.737933,
	2.52009 0.737933,
	2.49193 0.734414,
	2.43562 0.711538,
	2.32301 0.653469,
	2.29485 0.639392,
	2.2667 0.621795,
	2.21039 0.577803,
	2.18223 0.551408,
	2.16815 0.537331,
	2.11185 0.507417,
	2.08369 0.498618,
	2.06961 0.496859,
	2.04146 0.482781,
	1.98515 0.445828,
	1.97459 0.431751,
	1.94644 0.415914,
	1.91828 0.407116,
	1.80566 0.387759,
	1.79159 0.386,
	1.76343 0.389519,
	1.74935 0.394798,
	1.73528 0.403596,
	1.7212 0.431751,
	1.71064 0.48806,
	1.7036 0.54437,
	1.69832 0.558447,
	1.68601 0.567245,
	1.65785 0.579563,
	1.60154 0.551408,
	1.58747 0.54261,
	1.53116 0.49158,
	1.503 0.468704,
	1.47485 0.440549,
	1.45197 0.412395,
	1.42206 0.356085,
	1.40974 0.327931,
	1.40446 0.313853,
	1.40094 0.306815,
	1.39742 0.27866,
	1.39742 0.266343,
	"/>
</Transform>

<Transform dim="0"
 xcoef=" 0 1 0 0 0 0"
 ycoef=" 0 0 1 0 0 0">
<Contour name="Ea5" hidden="false" closed="true" simplified="true" border="0.984314 0.207843 0.0156863" fill="1 1 0.690196" mode="9"
 points="3.10944 1.88552,
	3.1107 1.87547,
	3.1107 1.87295,
	3.12892 1.85285,
	3.13332 1.84782,
	3.13583 1.84594,
	3.14588 1.84531,
	3.15091 1.84468,
	3.19112 1.85159,
	3.19363 1.85222,
	3.21374 1.84656,
	3.22379 1.84154,
	3.2439 1.82646,
	3.25395 1.81829,
	3.25897 1.81452,
	3.26903 1.80949,
	3.28913 1.80384,
	3.29919 1.80133,
	3.31929 1.79818,
	3.32934 1.79693,
	3.33437 1.7963,
	3.34442 1.7919,
	3.35448 1.78625,
	3.36704 1.76614,
	3.37018 1.76112,
	3.38652 1.74101,
	3.39469 1.73096,
	3.41479 1.71274,
	3.42484 1.70708,
	3.42736 1.70583,
	3.43741 1.69577,
	3.44558 1.68572,
	3.45186 1.67567,
	3.455 1.67064,
	3.46317 1.65054,
	3.46883 1.63043,
	3.47008 1.61032,
	3.48076 1.59022,
	3.48579 1.58017,
	3.4927 1.57011,
	3.5015 1.56006,
	3.51155 1.55126,
	3.52726 1.53116,
	3.53166 1.52613,
	3.53731 1.51608,
	3.54548 1.49597,
	3.5549 1.47587,
	3.55679 1.47084,
	3.55427 1.45074,
	3.55302 1.44068,
	3.5549 1.42058,
	3.55113 1.40047,
	3.54045 1.38037,
	3.53417 1.37031,
	3.51469 1.35147,
	3.4971 1.33136,
	3.49333 1.32633,
	3.49144 1.32382,
	3.48767 1.30372,
	3.48453 1.2635,
	3.4839 1.25848,
	3.48265 1.25596,
	3.47322 1.24654,
	3.47008 1.23649,
	3.46883 1.23146,
	3.46883 1.22895,
	3.4682 1.22769,
	3.47825 1.20759,
	3.48076 1.20256,
	3.48202 1.20005,
	3.50213 1.18811,
	3.51218 1.18308,
	3.5172 1.18057,
	3.51972 1.17931,
	3.52851 1.16926,
	3.5304 1.16423,
	3.53166 1.15418,
	3.53166 1.13408,
	3.53166 1.12402,
	3.53291 1.11397,
	3.53605 1.10392,
	3.55616 1.08758,
	3.57626 1.07627,
	3.58632 1.07062,
	3.59637 1.06119,
	3.59825 1.05114,
	3.60077 1.01093,
	3.60894 0.990824,
	3.62841 0.950613,
	3.63344 0.94056,
	3.63721 0.930507,
	3.63847 0.920454,
	3.63909 0.915428,
	3.64161 0.910402,
	3.64475 0.900349,
	3.64601 0.890296,
	3.64601 0.88527,
	3.64852 0.875217,
	3.66862 0.865793,
	3.67868 0.860766,
	3.68873 0.857625,
	3.69376 0.85574,
	3.70381 0.847572,
	3.71386 0.838148,
	3.717 0.833121,
	3.72014 0.823069,
	3.72203 0.802963,
	3.71889 0.762752,
	3.717 0.742647,
	3.71637 0.732594,
	3.7126 0.712488,
	3.71072 0.702436,
	3.70506 0.68233,
	3.70067 0.662225,
	3.70004 0.652172,
	3.69878 0.647145,
	3.70192 0.637093,
	3.70381 0.632066,
	3.70444 0.629553,
	3.70946 0.624527,
	3.71198 0.622014,
	3.7126 0.616987,
	3.70946 0.596882,
	3.70758 0.556671,
	3.70946 0.51646,
	3.7126 0.496354,
	3.71575 0.486302,
	3.71637 0.476249,
	3.71575 0.471222,
	3.71889 0.451117,
	3.7214 0.441064,
	3.72329 0.436038,
	3.72454 0.433525,
	3.73397 0.423472,
	3.73648 0.418446,
	3.73899 0.408393,
	3.74276 0.39834,
	3.75659 0.378235,
	3.76852 0.358129,
	3.77732 0.348076,
	3.78172 0.34305,
	3.78674 0.339908,
	3.80685 0.332369,
	3.80811 0.332369,
	3.82758 0.312892,
	3.83261 0.310379,
	3.85271 0.307237,
	3.86277 0.30975,
	3.88287 0.303467,
	3.88476 0.298441,
	3.88601 0.288388,
	3.88601 0.283362,
	3.88916 0.273309,
	3.89104 0.268283,
	3.89167 0.265769,
	3.90172 0.256345,
	3.91177 0.252575,
	3.92183 0.250062,
	3.96204 0.246921,
	3.97209 0.246292,
	3.9922 0.249434,
	4.00225 0.251319,
	4.02235 0.258858,
	4.03241 0.262,
	4.05251 0.266398,
	4.06257 0.268283,
	4.08267 0.275194,
	4.09272 0.278964,
	4.10278 0.281477,
	4.12288 0.292786,
	4.16309 0.31729,
	4.17315 0.322316,
	4.1832 0.326086,
	4.2033 0.331741,
	4.20833 0.334882,
	4.21336 0.33928,
	4.21713 0.344307,
	4.22278 0.354359,
	4.22529 0.359386,
	4.22781 0.369438,
	4.22906 0.371952,
	4.22969 0.382004,
	4.22969 0.384518,
	4.25043 0.424728,
	4.27242 0.464939,
	4.27619 0.474992,
	4.27179 0.495098,
	4.27053 0.500124,
	4.26802 0.50515,
	4.26425 0.510177,
	4.2542 0.518345,
	4.25168 0.520858,
	4.23158 0.530911,
	4.22152 0.535937,
	4.2165 0.53845,
	4.21461 0.539707,
	4.18885 0.579918,
	4.18571 0.584944,
	4.18131 0.589342,
	4.17629 0.592484,
	4.15618 0.60128,
	4.15116 0.603165,
	4.13985 0.622642,
	4.13419 0.632695,
	4.12477 0.642747,
	4.12037 0.647774,
	4.10026 0.658455,
	4.09524 0.660968,
	4.09272 0.662225,
	4.07262 0.680445,
	4.06759 0.684843,
	4.06194 0.694896,
	4.06005 0.704949,
	4.05565 0.715002,
	4.05314 0.720028,
	4.05 0.730081,
	4.04811 0.735107,
	4.04686 0.73762,
	4.02801 0.757726,
	4.02361 0.762752,
	4.01419 0.782858,
	4.00225 0.802963,
	3.99597 0.813016,
	3.99157 0.823069,
	3.98968 0.828095,
	3.98843 0.830608,
	3.98843 0.835634,
	3.98403 0.845687,
	3.96455 0.865164,
	3.95324 0.88527,
	3.95261 0.886526,
	3.95576 0.896579,
	3.95764 0.906632,
	3.9589 0.911658,
	3.94947 0.951869,
	3.94382 0.971975,
	3.94005 0.99208,
	3.93816 1.00213,
	3.93691 1.04234,
	3.93628 1.0524,
	3.93565 1.05491,
	3.93753 1.07502,
	3.93753 1.09512,
	3.93691 1.10517,
	3.93376 1.11523,
	3.92434 1.13533,
	3.9212 1.14538,
	3.91994 1.15041,
	3.91869 1.15292,
	3.92183 1.16298,
	3.93125 1.18308,
	3.93628 1.19314,
	3.94193 1.21324,
	3.95261 1.23335,
	3.96644 1.25345,
	3.97272 1.2635,
	3.97837 1.30372,
	3.98026 1.31377,
	3.979 1.32382,
	3.97837 1.32885,
	3.96141 1.36906,
	3.95576 1.37911,
	3.94696 1.38916,
	3.93691 1.39922,
	3.92685 1.40676,
	3.92183 1.41053,
	3.91554 1.42058,
	3.9124 1.4256,
	3.90235 1.43503,
	3.89293 1.44194,
	3.88601 1.45199,
	3.8835 1.45702,
	3.87973 1.46205,
	3.87785 1.46707,
	3.87659 1.47713,
	3.88224 1.49723,
	3.88287 1.49974,
	3.88664 1.50477,
	3.88853 1.50728,
	3.89104 1.51734,
	3.88853 1.52739,
	3.88413 1.53116,
	3.88162 1.53242,
	3.87659 1.53242,
	3.87408 1.53242,
	3.85397 1.54184,
	3.84894 1.54435,
	3.84266 1.55441,
	3.83889 1.55943,
	3.82884 1.56948,
	3.82381 1.57451,
	3.81879 1.57765,
	3.80873 1.58079,
	3.79868 1.58268,
	3.78863 1.58331,
	3.7836 1.58331,
	3.7635 1.59273,
	3.75344 1.59901,
	3.75093 1.60153,
	3.74276 1.62163,
	3.73585 1.64174,
	3.73334 1.64677,
	3.72894 1.65116,
	3.70883 1.66499,
	3.69878 1.6719,
	3.69376 1.67441,
	3.68496 1.68383,
	3.68119 1.68886,
	3.67993 1.69137,
	3.6793 1.6964,
	3.67742 1.70143,
	3.66862 1.71148,
	3.66674 1.71399,
	3.64663 1.72342,
	3.62653 1.73096,
	3.61648 1.73473,
	3.60642 1.73661,
	3.6014 1.73787,
	3.59888 1.7385,
	3.58883 1.74478,
	3.57878 1.75232,
	3.53857 1.76426,
	3.52851 1.7674,
	3.50841 1.77682,
	3.4883 1.78499,
	3.4682 1.79442,
	3.44809 1.80133,
	3.44307 1.80258,
	3.42045 1.84217,
	3.41542 1.85222,
	3.40788 1.87232,
	3.40348 1.88238,
	3.3972 1.89243,
	3.38778 1.90248,
	3.38589 1.905,
	3.38212 1.9251,
	3.38149 1.93515,
	3.37835 1.94521,
	3.37647 1.95023,
	3.37521 1.95275,
	3.36578 1.9628,
	3.36139 1.96782,
	3.35133 1.97411,
	3.33123 1.98416,
	3.32118 1.98667,
	3.31112 1.99107,
	3.3061 1.99421,
	3.29604 1.99798,
	3.27594 2.00238,
	3.26589 2.00427,
	3.22567 2.00741,
	3.22065 2.00804,
	3.20054 1.99924,
	3.19803 1.99798,
	3.18798 1.98919,
	3.16787 1.97599,
	3.14777 1.96406,
	3.14274 1.96029,
	3.13394 1.95023,
	3.12955 1.93013,
	3.12829 1.9251,
	3.12892 1.92007,
	3.12955 1.91756,
	3.12892 1.91505,
	3.11886 1.90751,
	3.11321 1.89746,
	3.1107 1.89243,
	3.10944 1.88992,
	3.10944 1.8874,
	3.10944 1.88615,
	"/>
</Transform>

<Transform dim="0"
 xcoef=" 0 1 0 0 0 0"
 ycoef=" 0 0 1 0 0 0">
<Contour name="Ea5(v324)" hidden="false" closed="true" simplified="true" border="1 0 0" fill="1 1 1" mode="9"
 points="3.21135 1.92825,
	3.21184 1.92359,
	3.21328 1.91919,
	3.2156 1.91527,
	3.21867 1.91205,
	3.22232 1.90971,
	3.22637 1.90836,
	3.23058 1.90809,
	3.23474 1.9089,
	3.23861 1.91076,
	3.242 1.91356,
	3.24471 1.91715,
	3.2466 1.92134,
	3.24758 1.92591,
	3.24758 1.9306,
	3.2466 1.93516,
	3.24471 1.93935,
	3.242 1.94294,
	3.23861 1.94574,
	3.23474 1.9476,
	3.23058 1.94841,
	3.22637 1.94814,
	3.22232 1.94679,
	3.21867 1.94445,
	3.2156 1.94123,
	3.21328 1.93732,
	"/>
<Contour name="Ea5(v414)" hidden="false" closed="true" simplified="true" border="1 0 0" fill="1 1 1" mode="9"
 points="3.25712 1.89325,
	3.2576 1.88875,
	3.25899 1.88448,
	3.26124 1.88066,
	3.26422 1.87746,
	3.26779 1.87505,
	3.27178 1.87356,
	3.27597 1.87305,
	3.28017 1.87356,
	3.28415 1.87505,
	3.28772 1.87746,
	3.29071 1.88066,
	3.29295 1.88448,
	3.29435 1.88875,
	3.29482 1.89325,
	3.29435 1.89774,
	3.29295 1.90201,
	3.29071 1.90584,
	3.28772 1.90904,
	3.28415 1.91144,
	3.28017 1.91294,
	3.27597 1.91344,
	3.27178 1.91294,
	3.26779 1.91144,
	3.26422 1.90904,
	3.26124 1.90584,
	3.25899 1.90201,
	"/>
<Contour name="Ea5(v425)" hidden="false" closed="true" simplified="true" border="1 0 0" fill="1 1 1" mode="9"
 points="3.32713 1.84478,
	3.32768 1.84025,
	3.3293 1.83603,
	3.33187 1.8324,
	3.33521 1.82962,
	3.33911 1.82787,
	3.34329 1.82728,
	3.34747 1.82787,
	3.35137 1.82962,
	3.35471 1.8324,
	3.35728 1.83603,
	3.35889 1.84025,
	3.35945 1.84478,
	3.35889 1.84931,
	3.35728 1.85353,
	3.35471 1.85715,
	3.35137 1.85994,
	3.34747 1.86168,
	3.34329 1.86228,
	3.33911 1.86168,
	3.33521 1.85994,
	3.33187 1.85715,
	3.3293 1.85353,
	"/>
</Transform>

<Transform dim="0"
 xcoef=" 0 1 0 0 0 0"
 ycoef=" 0 0 1 0 0 0">
<Contour name="Ea5(v213)" hidden="false" closed="true" simplified="true" border="1 0 0" fill="1 1 1" mode="9"
 points="3.85355 1.25508,
	3.85398 1.25061,
	3.85524 1.24632,
	3.85729 1.24239,
	3.86004 1.23898,
	3.86338 1.23623,
	3.86717 1.23425,
	3.87126 1.23312,
	3.87548 1.2329,
	3.87965 1.23358,
	3.88361 1.23514,
	3.88719 1.23752,
	3.89025 1.24061,
	3.89267 1.2443,
	3.89433 1.24843,
	3.89518 1.25284,
	3.89518 1.25733,
	3.89433 1.26173,
	3.89267 1.26586,
	3.89025 1.26955,
	3.88719 1.27265,
	3.88361 1.27503,
	3.87965 1.27659,
	3.87548 1.27727,
	3.87126 1.27704,
	3.86717 1.27592,
	3.86338 1.27394,
	3.86004 1.27118,
	3.85729 1.26777,
	3.85524 1.26384,
	3.85398 1.25956,
	"/>
</Transform>

<Transform dim="0"
 xcoef=" 0 1 0 0 0 0"
 ycoef=" 0 0 1 0 0 0">
<Contour name="Ea5(MVB1)" hidden="false" closed="true" simplified="true" border="0.521569 0.858824 0.0156863" fill="0.866667 0.980392 0.521569" mode="9"
 points="3.71478 0.537752,
	3.71769 0.526109,
	3.71915 0.520288,
	3.72097 0.508645,
	3.72352 0.497002,
	3.72606 0.491181,
	3.73043 0.48536,
	3.73261 0.482449,
	3.73625 0.470806,
	3.73734 0.467895,
	3.73807 0.46644,
	3.73734 0.454797,
	3.73771 0.448976,
	3.73807 0.446065,
	3.73807 0.44461,
	3.74171 0.438788,
	3.74353 0.435878,
	3.74462 0.434422,
	3.75044 0.431875,
	3.75517 0.426418,
	3.76645 0.415139,
	3.77227 0.414411,
	3.77809 0.414775,
	3.781 0.415139,
	3.78682 0.417322,
	3.78755 0.417686,
	3.78864 0.423507,
	3.79046 0.429329,
	3.79119 0.432239,
	3.79519 0.438061,
	3.79665 0.443882,
	3.79738 0.455525,
	3.79992 0.461346,
	3.80829 0.472989,
	3.81193 0.478811,
	3.81338 0.481721,
	3.81484 0.487543,
	3.81557 0.499185,
	3.81884 0.522471,
	3.81884 0.534114,
	3.81848 0.537025,
	3.81338 0.548667,
	3.81011 0.554489,
	3.80829 0.5574,
	3.80756 0.558855,
	3.80247 0.564676,
	3.79956 0.567223,
	3.79374 0.570498,
	3.79083 0.571953,
	3.78682 0.577774,
	3.785 0.580685,
	3.78428 0.583596,
	3.78391 0.589417,
	3.79083 0.60106,
	3.79519 0.606881,
	3.79738 0.609792,
	3.7981 0.611248,
	3.79992 0.62289,
	3.79956 0.628712,
	3.79919 0.631622,
	3.79883 0.633078,
	3.7901 0.644721,
	3.78719 0.650542,
	3.78573 0.653453,
	3.78537 0.654908,
	3.78646 0.666551,
	3.78682 0.672372,
	3.78464 0.684015,
	3.78209 0.689836,
	3.77736 0.695658,
	3.77191 0.701479,
	3.76718 0.707301,
	3.76499 0.713122,
	3.76427 0.716033,
	3.76536 0.721854,
	3.76645 0.724765,
	3.76718 0.72622,
	3.76718 0.732042,
	3.76681 0.734952,
	3.76609 0.736408,
	3.76536 0.737135,
	3.75954 0.737863,
	3.75808 0.737499,
	3.75262 0.732769,
	3.74898 0.726948,
	3.74425 0.715305,
	3.74134 0.709484,
	3.73989 0.706573,
	3.73916 0.703662,
	3.7388 0.697841,
	3.73952 0.69202,
	3.73952 0.680377,
	3.74025 0.674555,
	3.73989 0.668734,
	3.73843 0.662912,
	3.73552 0.657091,
	3.73007 0.65127,
	3.72715 0.645448,
	3.7217 0.639627,
	3.72024 0.638172,
	3.71733 0.63235,
	3.71551 0.626529,
	3.71806 0.614886,
	3.71842 0.603243,
	3.71806 0.5916,
	3.7166 0.58869,
	3.71515 0.565404,
	3.71478 0.542118,
	3.71478 0.539208,
	3.71478 0.538116,
	"/>
</Transform>

<Transform dim="0"
 xcoef=" 0 1 0 0 0 0"
 ycoef=" 0 0 1 0 0 0">
<Contour name="Ea5(MVB2)" hidden="false" closed="true" simplified="true" border="0.521569 0.858824 0.0156863" fill="0.866667 0.980392 0.521569" mode="9"
 points="3.90167 0.371347,
	3.90673 0.363252,
	3.90977 0.359205,
	3.94215 0.342003,
	3.95024 0.337956,
	3.95834 0.342003,
	3.97453 0.346051,
	3.98262 0.350098,
	3.9897 0.357181,
	3.99881 0.373371,
	4.00589 0.38956,
	4.0069 0.40575,
	4.00589 0.413844,
	4.00488 0.417892,
	3.99072 0.434081,
	3.98262 0.442176,
	3.96643 0.447235,
	3.95834 0.449259,
	3.94215 0.442176,
	3.92596 0.431046,
	3.91786 0.423963,
	3.90572 0.407773,
	3.9037 0.40575,
	3.90167 0.38956,
	3.90167 0.373371,
	3.90167 0.372359,
	"/>
</Transform>

<Transform dim="0"
 xcoef=" 0 1 0 0 0 0"
 ycoef=" 0 0 1 0 0 0">
<Contour name="Ea5(ER)" hidden="false" closed="true" simplified="true" border="0 0.882 0.882" fill="0.502 1 1" mode="9"
 points="3.61327 1.2678,
	3.61612 1.26129,
	3.62222 1.25477,
	3.62426 1.25152,
	3.62588 1.24501,
	3.62629 1.2385,
	3.62588 1.23198,
	3.62466 1.22873,
	3.62588 1.22222,
	3.62914 1.22018,
	3.62995 1.21977,
	3.63321 1.22181,
	3.63484 1.22303,
	3.64013 1.23605,
	3.64176 1.23931,
	3.64257 1.24257,
	3.64257 1.24908,
	3.64176 1.25559,
	3.63647 1.26861,
	3.63647 1.27024,
	3.63565 1.27187,
	3.63565 1.27268,
	3.63484 1.27268,
	3.63443 1.27431,
	3.63321 1.27594,
	3.6328 1.28245,
	3.63362 1.28571,
	3.63484 1.28733,
	3.63484 1.28815,
	3.63647 1.28978,
	3.63972 1.2914,
	3.64623 1.29262,
	3.64949 1.29385,
	3.65356 1.30036,
	3.65641 1.30361,
	3.65763 1.30687,
	3.65926 1.3085,
	3.66048 1.31175,
	3.66048 1.31338,
	3.66414 1.31989,
	3.66455 1.32152,
	3.66699 1.32478,
	3.66984 1.32681,
	3.67635 1.32722,
	3.67961 1.32722,
	3.68123 1.32722,
	3.68286 1.3264,
	3.68449 1.3264,
	3.68775 1.32478,
	3.69059 1.32152,
	3.691 1.31989,
	3.69222 1.31826,
	3.69466 1.31175,
	3.69589 1.3085,
	3.69873 1.29547,
	3.69955 1.28896,
	3.70036 1.28571,
	3.70647 1.27268,
	3.71339 1.25966,
	3.71664 1.25762,
	3.71705 1.25722,
	3.71868 1.25803,
	3.72234 1.27105,
	3.72356 1.27431,
	3.72397 1.28733,
	3.72397 1.29385,
	3.72397 1.2971,
	3.71949 1.31012,
	3.71705 1.31664,
	3.71339 1.32315,
	3.70809 1.32966,
	3.70565 1.33292,
	3.69914 1.33943,
	3.69263 1.34472,
	3.68612 1.34757,
	3.68286 1.34879,
	3.67961 1.34919,
	3.67309 1.34797,
	3.66984 1.34675,
	3.66333 1.34594,
	3.65682 1.34757,
	3.65356 1.34838,
	3.65315 1.34838,
	3.64786 1.34919,
	3.64705 1.34919,
	3.64542 1.34838,
	3.64216 1.34513,
	3.6385 1.33861,
	3.63687 1.33536,
	3.63525 1.32885,
	3.63321 1.31582,
	3.6267 1.3028,
	3.62466 1.29954,
	3.62181 1.29669,
	3.61815 1.29018,
	3.61571 1.28367,
	3.61408 1.27716,
	3.61327 1.27065,
	3.61327 1.26902,
	3.61327 1.26821,
	"/>
</Transform>

<Transform dim="0"
 xcoef=" 0 1 0 0 0 0"
 ycoef=" 0 0 1 0 0 0">
<Contour name="Ea5(ER)" hidden="false" closed="true" simplified="true" border="0 0.882 0.882" fill="0.502 1 1" mode="9"
 points="3.65877 1.53036,
	3.66245 1.52449,
	3.66832 1.52081,
	3.672 1.51494,
	3.67347 1.50906,
	3.672 1.49731,
	3.66906 1.49143,
	3.672 1.48923,
	3.68375 1.48702,
	3.68963 1.48409,
	3.69477 1.47233,
	3.69844 1.46058,
	3.70652 1.41357,
	3.71827 1.39006,
	3.73297 1.36656,
	3.73664 1.36068,
	3.74251 1.35554,
	3.74839 1.35186,
	3.75647 1.34011,
	3.76235 1.32836,
	3.76602 1.32248,
	3.76602 1.32101,
	3.76896 1.30926,
	3.76896 1.30632,
	3.77116 1.30044,
	3.77116 1.29751,
	3.7763 1.28575,
	3.78585 1.274,
	3.78953 1.26812,
	3.791 1.26519,
	3.79614 1.25931,
	3.79908 1.25711,
	3.80055 1.25637,
	3.80642 1.25931,
	3.80936 1.26078,
	3.80642 1.27253,
	3.80495 1.28428,
	3.79834 1.29604,
	3.79026 1.30779,
	3.77851 1.3313,
	3.77777 1.33423,
	3.77704 1.33497,
	3.77998 1.34085,
	3.78585 1.34672,
	3.78879 1.34893,
	3.79026 1.35039,
	3.78732 1.36215,
	3.77557 1.36876,
	3.7741 1.37023,
	3.77337 1.3761,
	3.77263 1.37904,
	3.7763 1.3908,
	3.77851 1.39667,
	3.77484 1.40843,
	3.77337 1.41136,
	3.77263 1.41283,
	3.77851 1.42459,
	3.79026 1.43267,
	3.79173 1.43414,
	3.79173 1.44589,
	3.77998 1.44736,
	3.76822 1.44222,
	3.76382 1.43634,
	3.76088 1.4334,
	3.75867 1.42752,
	3.75794 1.42459,
	3.75867 1.42165,
	3.76382 1.41577,
	3.76455 1.40989,
	3.76382 1.40696,
	3.76088 1.40549,
	3.75794 1.40696,
	3.755 1.40696,
	3.75059 1.41283,
	3.74766 1.41871,
	3.74325 1.42459,
	3.73958 1.43634,
	3.73811 1.44222,
	3.73737 1.44368,
	3.73884 1.44956,
	3.74913 1.46131,
	3.755 1.47307,
	3.75353 1.47894,
	3.74766 1.48482,
	3.74178 1.48849,
	3.73884 1.49143,
	3.73811 1.50318,
	3.74031 1.50906,
	3.74178 1.51053,
	3.75353 1.51126,
	3.76529 1.50612,
	3.77116 1.50539,
	3.7741 1.50612,
	3.77777 1.512,
	3.77924 1.51788,
	3.77557 1.52375,
	3.76382 1.53036,
	3.75206 1.53404,
	3.74031 1.52743,
	3.73811 1.52155,
	3.73664 1.51861,
	3.73076 1.51347,
	3.72929 1.51273,
	3.72782 1.51347,
	3.72782 1.51934,
	3.72562 1.52522,
	3.71974 1.53036,
	3.7168 1.52889,
	3.71166 1.52302,
	3.70872 1.51714,
	3.70799 1.51567,
	3.70946 1.5098,
	3.70799 1.50686,
	3.70726 1.50539,
	3.70138 1.50833,
	3.69844 1.51053,
	3.69697 1.51347,
	3.6955 1.52522,
	3.69477 1.5311,
	3.6955 1.54285,
	3.69624 1.54873,
	3.6955 1.5546,
	3.69256 1.56048,
	3.68963 1.56268,
	3.68669 1.56268,
	3.68155 1.55681,
	3.67567 1.55313,
	3.66979 1.5524,
	3.66685 1.55313,
	3.66612 1.5546,
	3.66318 1.55313,
	3.65731 1.54138,
	3.65584 1.53844,
	3.65731 1.53257,
	3.65804 1.5311,
	"/>
</Transform>

<Transform dim="0"
 xcoef=" 0 1 0 0 0 0"
 ycoef=" 0 0 1 0 0 0">
<Contour name="Ea5(endo4)" hidden="false" closed="true" simplified="true" border="1 1 0" fill="1 1 0.501961" mode="9"
 points="3.62899 1.1846,
	3.63265 1.17729,
	3.63356 1.17546,
	3.64087 1.1709,
	3.65548 1.16405,
	3.65914 1.16313,
	3.67375 1.16313,
	3.68106 1.16405,
	3.68471 1.16496,
	3.68837 1.16816,
	3.68882 1.16633,
	3.687 1.15902,
	3.68334 1.15172,
	3.68152 1.14806,
	3.6806 1.14623,
	3.67969 1.13893,
	3.68015 1.13162,
	3.6806 1.12797,
	3.68289 1.12066,
	3.68654 1.117,
	3.69385 1.11289,
	3.6975 1.11152,
	3.71212 1.11015,
	3.71942 1.1097,
	3.72308 1.10833,
	3.7249 1.10741,
	3.72536 1.1065,
	3.72308 1.10285,
	3.71942 1.10011,
	3.7176 1.09828,
	3.71714 1.09097,
	3.7176 1.08732,
	3.7281 1.0727,
	3.73358 1.0654,
	3.73678 1.06174,
	3.73861 1.05991,
	3.74089 1.05261,
	3.73587 1.03799,
	3.73495 1.03434,
	3.73495 1.03068,
	3.7345 1.02886,
	3.73541 1.0252,
	3.73632 1.02338,
	3.74363 1.02109,
	3.75824 1.01835,
	3.7619 1.0179,
	3.76555 1.01927,
	3.76692 1.02109,
	3.76784 1.02155,
	3.77149 1.02018,
	3.7788 1.0147,
	3.78154 1.01105,
	3.78291 1.00922,
	3.78382 1.00831,
	3.79113 1.00648,
	3.79478 1.00602,
	3.80209 1.00694,
	3.8094 1.01013,
	3.81305 1.01242,
	3.8167 1.01561,
	3.81945 1.01927,
	3.82264 1.02657,
	3.82675 1.04119,
	3.82858 1.0485,
	3.82721 1.06311,
	3.82584 1.07042,
	3.82584 1.07773,
	3.82675 1.08138,
	3.8263 1.08869,
	3.82493 1.096,
	3.82264 1.1033,
	3.81762 1.11061,
	3.81488 1.11426,
	3.81122 1.11746,
	3.80392 1.11883,
	3.80209 1.11929,
	3.79844 1.11837,
	3.79661 1.11792,
	3.7893 1.11244,
	3.78747 1.11061,
	3.78656 1.1097,
	3.78565 1.10604,
	3.78519 1.10422,
	3.78245 1.10056,
	3.78062 1.09919,
	3.7788 1.09874,
	3.77788 1.09828,
	3.76327 1.11244,
	3.75962 1.11381,
	3.75779 1.11426,
	3.75413 1.11746,
	3.75185 1.12477,
	3.75413 1.13938,
	3.75733 1.154,
	3.75824 1.15765,
	3.7555 1.16496,
	3.75505 1.16679,
	3.75139 1.16953,
	3.73678 1.17501,
	3.72947 1.17592,
	3.72216 1.17821,
	3.71851 1.17866,
	3.71486 1.17683,
	3.71303 1.17592,
	3.69841 1.17592,
	3.69704 1.17775,
	3.69841 1.1814,
	3.70298 1.18871,
	3.70618 1.19236,
	3.71349 1.20698,
	3.71623 1.21063,
	3.71714 1.21246,
	3.71897 1.21748,
	3.71897 1.2184,
	3.71805 1.22205,
	3.71623 1.2257,
	3.71257 1.22844,
	3.71075 1.2289,
	3.70344 1.22707,
	3.70253 1.22662,
	3.69522 1.22844,
	3.66599 1.2289,
	3.65868 1.22844,
	3.65137 1.22616,
	3.64772 1.22433,
	3.64178 1.21703,
	3.63447 1.20241,
	3.63128 1.1951,
	3.62945 1.1878,
	3.62899 1.18597,
	3.62899 1.18506,
	"/>
</Transform>

</Section>