<?xml version="1.0"?>
<!DOCTYPE Section SYSTEM "section.dtd">

<Section index="50" thickness="0.05" alignLocked="true">
<Transform dim="6"
 xcoef=" -0.362765922462768 0.895898724727268 0.283564225165352 0 0 0"
 ycoef=" 1.43884894251728 -0.39468611789126 0.887579250769992 0 0 0">
<Image mag="0.0022159" contrast="1" brightness="0"
 src="R34CA1-B_S12.149.jpg" />
<Contour name="domain1" hidden="false" closed="true" simplified="false" border="1 0 1" fill="1 0 1" mode="11"
 points="0 0,
	4096 0,
	4096 4096,
	0 4096,
	"/>
</Transform>

<Transform dim="0"
 xcoef=" 0 1 0 0 0 0"
 ycoef=" 0 0 1 0 0 0">
<Contour name="Ed4" hidden="false" closed="true" simplified="true" border="0.541176 0.756863 0.0352941" fill="0.501961 1 1" mode="9"
 points="1.74715 3.74339,
	1.75075 3.72423,
	1.75194 3.71465,
	1.75434 3.70986,
	1.76272 3.70028,
	1.78188 3.6871,
	1.80104 3.67154,
	1.80703 3.66196,
	1.84415 3.62603,
	1.86331 3.61885,
	1.90163 3.59729,
	1.91959 3.57813,
	1.93516 3.55897,
	1.94354 3.54939,
	1.94833 3.53981,
	1.95312 3.52065,
	1.9627 3.50149,
	1.9663 3.49191,
	1.96869 3.47275,
	1.97468 3.45359,
	1.97827 3.37695,
	1.97947 3.35779,
	1.99025 3.31947,
	1.99504 3.30031,
	1.99743 3.22367,
	1.99863 3.21409,
	2.00102 3.2093,
	2.00941 3.19972,
	2.02138 3.18056,
	2.02617 3.17697,
	2.06449 3.1638,
	2.10281 3.17697,
	2.12197 3.18296,
	2.14113 3.18655,
	2.16029 3.18775,
	2.17945 3.18535,
	2.19861 3.18775,
	2.21777 3.19373,
	2.22735 3.19493,
	2.23214 3.19613,
	2.2513 3.2093,
	2.26567 3.22846,
	2.28483 3.24762,
	2.32315 3.28235,
	2.34231 3.29911,
	2.35189 3.3075,
	2.36387 3.32666,
	2.36866 3.33624,
	2.37824 3.37456,
	2.38063 3.38414,
	2.40219 3.42246,
	2.41656 3.46078,
	2.42135 3.47994,
	2.42494 3.48952,
	2.45128 3.52784,
	2.45607 3.53742,
	2.48362 3.57574,
	2.50038 3.5949,
	2.50996 3.61406,
	2.51595 3.62364,
	2.51954 3.62843,
	2.5387 3.63681,
	2.55786 3.64759,
	2.56744 3.65238,
	2.58061 3.67154,
	2.59019 3.6907,
	2.59498 3.70028,
	2.59738 3.70507,
	2.59858 3.72423,
	2.59977 3.73381,
	2.60816 3.75297,
	2.6345 3.79129,
	2.64767 3.81045,
	2.66564 3.82601,
	2.70396 3.86074,
	2.71833 3.8799,
	2.7303 3.89906,
	2.73749 3.90864,
	2.74587 3.9278,
	2.75904 3.96612,
	2.76742 3.98528,
	2.77102 3.99486,
	2.77461 4.01402,
	2.77581 4.0236,
	2.78299 4.04276,
	2.78778 4.05234,
	2.79137 4.0715,
	2.78898 4.09066,
	2.78898 4.12898,
	2.78658 4.14814,
	2.78658 4.18646,
	2.78658 4.19604,
	2.78299 4.2152,
	2.76503 4.25352,
	2.75904 4.2631,
	2.74228 4.28226,
	2.72312 4.29663,
	2.70396 4.30741,
	2.6848 4.3134,
	2.64648 4.31939,
	2.6369 4.32058,
	2.59858 4.31579,
	2.56026 4.31579,
	2.52194 4.3122,
	2.48362 4.30621,
	2.47404 4.30502,
	2.45488 4.29663,
	2.4453 4.29304,
	2.40698 4.2655,
	2.3974 4.25831,
	2.35908 4.24155,
	2.33992 4.22838,
	2.3016 4.2164,
	2.22496 4.19724,
	2.2058 4.19245,
	2.16748 4.17808,
	2.12916 4.15772,
	2.11 4.14695,
	2.07287 4.10982,
	2.05491 4.09186,
	1.97827 4.04037,
	1.95911 4.0272,
	1.88247 4.00923,
	1.84415 3.99846,
	1.82499 3.98768,
	1.81421 3.96852,
	1.80823 3.94936,
	1.80703 3.94457,
	1.80942 3.92541,
	1.80224 3.88709,
	1.79146 3.84877,
	1.78547 3.82961,
	1.77589 3.81045,
	1.7735 3.80566,
	1.76512 3.79608,
	1.76033 3.7865,
	1.75194 3.77692,
	1.74955 3.77213,
	1.74835 3.75297,
	1.74715 3.74458,
	"/>
<Contour name="Ed4" hidden="false" closed="true" simplified="true" border="0.541176 0.756863 0.0352941" fill="0.501961 1 1" mode="9"
 points="2.22975 2.5387,
	2.23573 2.53032,
	2.25489 2.52194,
	2.26447 2.51834,
	2.30279 2.51475,
	2.34111 2.51595,
	2.35069 2.51715,
	2.36985 2.52792,
	2.37943 2.53271,
	2.39859 2.54708,
	2.40338 2.55068,
	2.41296 2.56984,
	2.43691 2.60816,
	2.45488 2.62732,
	2.46925 2.64648,
	2.47284 2.65606,
	2.47523 2.66085,
	2.49439 2.68001,
	2.50278 2.68959,
	2.50517 2.69917,
	2.49559 2.71833,
	2.48841 2.73749,
	2.48601 2.74228,
	2.492 2.7806,
	2.49918 2.79976,
	2.51954 2.83808,
	2.53511 2.8764,
	2.54708 2.91472,
	2.54828 2.9243,
	2.54589 2.94346,
	2.54589 2.96262,
	2.5387 3.00094,
	2.53152 3.0201,
	2.52673 3.03926,
	2.51834 3.04524,
	2.49918 3.05363,
	2.4896 3.05722,
	2.48481 3.05842,
	2.44649 3.05482,
	2.43691 3.05363,
	2.43452 3.05363,
	2.41536 3.03686,
	2.40937 3.02728,
	2.37225 2.99255,
	2.35429 2.97459,
	2.33872 2.95543,
	2.31237 2.91711,
	2.29681 2.87879,
	2.27884 2.80215,
	2.27046 2.76383,
	2.26807 2.75904,
	2.27046 2.72072,
	2.27645 2.6824,
	2.28483 2.64408,
	2.28483 2.62492,
	2.28244 2.62013,
	2.27765 2.61534,
	2.26807 2.59618,
	2.24412 2.55906,
	2.23573 2.54948,
	2.22975 2.5399,
	"/>
</Transform>

<Transform dim="0"
 xcoef=" 0 1 0 0 0 0"
 ycoef=" 0 0 1 0 0 0">
<Contour name="Ea4(mito1)" hidden="false" closed="true" simplified="true" border="0 0 1" fill="0 0 1" mode="9"
 points="3.40301 4.7998,
	3.41514 4.71351,
	3.42053 4.69194,
	3.42323 4.68116,
	3.4448 4.63801,
	3.4475 4.63262,
	3.49064 4.61374,
	3.57693 4.63127,
	3.62008 4.64071,
	3.64165 4.65284,
	3.65243 4.65824,
	3.69423 4.70003,
	3.71176 4.7216,
	3.74142 4.76475,
	3.76164 4.80789,
	3.77513 4.85104,
	3.77513 4.89418,
	3.77513 4.91575,
	3.76838 4.9589,
	3.76164 4.98047,
	3.7576 4.99126,
	3.75086 5.00204,
	3.73063 5.01957,
	3.71985 5.02631,
	3.69827 5.03035,
	3.65513 5.0317,
	3.64434 5.0317,
	3.6012 5.02227,
	3.55806 5.00743,
	3.53648 5.00069,
	3.49334 4.97642,
	3.47177 4.96159,
	3.46098 4.95081,
	3.44885 4.92924,
	3.42997 4.88609,
	3.41514 4.84295,
	3.4084 4.82137,
	3.40435 4.81059,
	3.40301 4.80115,
	"/>
</Transform>

<Transform dim="0"
 xcoef=" 0 1 0 0 0 0"
 ycoef=" 0 0 1 0 0 0">
<Contour name="Ed4" hidden="false" closed="true" simplified="true" border="0.541176 0.756863 0.0352941" fill="0.501961 1 1" mode="9"
 points="3.15074 4.02206,
	3.16115 4.01017,
	3.16709 4.00793,
	3.19088 4.00347,
	3.19683 4.00496,
	3.22062 4.00496,
	3.23252 4.00124,
	3.24441 4.0005,
	3.25036 3.99976,
	3.25631 3.99753,
	3.2801 3.99753,
	3.30389 3.99976,
	3.32768 4.00496,
	3.35147 4.00273,
	3.39905 3.99455,
	3.405 3.99307,
	3.42879 3.98191,
	3.43474 3.97968,
	3.44663 3.97002,
	3.45853 3.96184,
	3.47042 3.95664,
	3.47637 3.95441,
	3.47934 3.95292,
	3.49124 3.95218,
	3.49719 3.95143,
	3.50016 3.95143,
	3.52395 3.96333,
	3.53584 3.97002,
	3.55964 3.97745,
	3.58343 3.98861,
	3.59532 3.9953,
	3.60722 4.00496,
	3.61316 4.01017,
	3.62134 4.02206,
	3.62357 4.02801,
	3.62803 4.03396,
	3.63993 4.04585,
	3.65108 4.05626,
	3.65628 4.06815,
	3.65851 4.0741,
	3.65926 4.08005,
	3.65405 4.12763,
	3.65182 4.13953,
	3.65331 4.15142,
	3.65257 4.15737,
	3.65034 4.16332,
	3.64959 4.16629,
	3.63844 4.17744,
	3.61465 4.1938,
	3.6087 4.19751,
	3.59755 4.20941,
	3.59309 4.2213,
	3.59086 4.22725,
	3.58343 4.23915,
	3.57227 4.25104,
	3.56335 4.26294,
	3.55369 4.28673,
	3.54774 4.29862,
	3.54625 4.3016,
	3.53436 4.31126,
	3.52841 4.31498,
	3.51651 4.3187,
	3.51354 4.32018,
	3.48975 4.32018,
	3.47786 4.32093,
	3.47488 4.32167,
	3.45109 4.31795,
	3.44514 4.31572,
	3.43325 4.30903,
	3.42135 4.30085,
	3.41541 4.29714,
	3.40351 4.28673,
	3.39162 4.2845,
	3.38567 4.28301,
	3.37377 4.28301,
	3.34998 4.27781,
	3.33809 4.27632,
	3.33214 4.27483,
	3.32024 4.26889,
	3.3143 4.26666,
	3.29051 4.26368,
	3.26672 4.25922,
	3.25482 4.25699,
	3.24293 4.25253,
	3.23103 4.24435,
	3.20724 4.2213,
	3.20204 4.19751,
	3.18642 4.14993,
	3.18419 4.13804,
	3.18345 4.13506,
	3.17453 4.12317,
	3.17007 4.11722,
	3.16412 4.11127,
	3.1552 4.09938,
	3.15594 4.08748,
	3.15669 4.08154,
	3.1552 4.05775,
	3.15148 4.03396,
	3.15074 4.0228,
	"/>
</Transform>

<Transform dim="0"
 xcoef=" 0 1 0 0 0 0"
 ycoef=" 0 0 1 0 0 0">
<Contour name="Ea2(v1175)" hidden="false" closed="true" simplified="true" border="0.611765 0.27451 0.643137" fill="0.458824 0.729412 1" mode="9"
 points="3.10321 3.47433,
	3.1043 3.46834,
	3.10744 3.46293,
	3.11235 3.45864,
	3.11853 3.45588,
	3.12538 3.45493,
	3.13223 3.45588,
	3.13841 3.45864,
	3.14332 3.46293,
	3.14647 3.46834,
	3.14755 3.47433,
	3.14647 3.48033,
	3.14332 3.48573,
	3.13841 3.49003,
	3.13223 3.49278,
	3.12538 3.49373,
	3.11853 3.49278,
	3.11235 3.49003,
	3.10744 3.48573,
	"/>
<Contour name="Ea2(v1176)" hidden="false" closed="true" simplified="true" border="0.611765 0.27451 0.643137" fill="0.458824 0.729412 1" mode="9"
 points="3.16972 3.52006,
	3.17074 3.51364,
	3.17369 3.50784,
	3.17829 3.50324,
	3.18409 3.50029,
	3.19051 3.49927,
	3.19693 3.50029,
	3.20273 3.50324,
	3.20732 3.50784,
	3.21028 3.51364,
	3.21129 3.52006,
	3.21028 3.52648,
	3.20732 3.53228,
	3.20273 3.53687,
	3.19693 3.53983,
	3.19051 3.54084,
	3.18409 3.53983,
	3.17829 3.53687,
	3.17369 3.53228,
	"/>
<Contour name="Ea2(v1177)" hidden="false" closed="true" simplified="true" border="0.611765 0.27451 0.643137" fill="0.458824 0.729412 1" mode="9"
 points="3.22238 3.50897,
	3.22333 3.50169,
	3.22608 3.49513,
	3.23038 3.48992,
	3.23578 3.48657,
	3.24178 3.48542,
	3.24777 3.48657,
	3.25318 3.48992,
	3.25747 3.49513,
	3.26023 3.50169,
	3.26118 3.50897,
	3.26023 3.51625,
	3.25747 3.52282,
	3.25318 3.52803,
	3.24777 3.53138,
	3.24178 3.53253,
	3.23578 3.53138,
	3.23038 3.52803,
	3.22608 3.52282,
	"/>
<Contour name="Ea2(v1178)" hidden="false" closed="true" simplified="true" border="0.611765 0.27451 0.643137" fill="0.458824 0.729412 1" mode="9"
 points="3.04501 3.48126,
	3.04596 3.47569,
	3.04872 3.47067,
	3.05301 3.46669,
	3.05842 3.46413,
	3.06441 3.46325,
	3.07041 3.46413,
	3.07581 3.46669,
	3.08011 3.47067,
	3.08286 3.47569,
	3.08381 3.48126,
	3.08286 3.48683,
	3.08011 3.49185,
	3.07581 3.49583,
	3.07041 3.49839,
	3.06441 3.49927,
	3.05842 3.49839,
	3.05301 3.49583,
	3.04872 3.49185,
	"/>
<Contour name="Ea2(v1179)" hidden="false" closed="true" simplified="true" border="0.611765 0.27451 0.643137" fill="0.458824 0.729412 1" mode="9"
 points="3.01453 3.42583,
	3.01575 3.41855,
	3.01929 3.41198,
	3.02481 3.40677,
	3.03176 3.40343,
	3.03947 3.40227,
	3.04718 3.40343,
	3.05413 3.40677,
	3.05965 3.41198,
	3.06319 3.41855,
	3.06441 3.42583,
	3.06319 3.43311,
	3.05965 3.43968,
	3.05413 3.44489,
	3.04718 3.44824,
	3.03947 3.44939,
	3.03176 3.44824,
	3.02481 3.44489,
	3.01929 3.43968,
	"/>
<Contour name="Ea2(v1180)" hidden="false" closed="true" simplified="true" border="0.611765 0.27451 0.643137" fill="0.458824 0.729412 1" mode="9"
 points="3.07827 3.41613,
	3.07928 3.41014,
	3.08224 3.40473,
	3.08684 3.40044,
	3.09263 3.39768,
	3.09905 3.39673,
	3.10548 3.39768,
	3.11127 3.40044,
	3.11587 3.40473,
	3.11882 3.41014,
	3.11984 3.41613,
	3.11882 3.42213,
	3.11587 3.42753,
	3.11127 3.43183,
	3.10548 3.43458,
	3.09905 3.43553,
	3.09263 3.43458,
	3.08684 3.43183,
	3.08224 3.42753,
	"/>
<Contour name="Ea2(v1182)" hidden="false" closed="true" simplified="true" border="0.611765 0.27451 0.643137" fill="0.458824 0.729412 1" mode="9"
 points="3.04224 3.37179,
	3.04326 3.36494,
	3.04621 3.35876,
	3.05081 3.35385,
	3.0566 3.3507,
	3.06302 3.34962,
	3.06945 3.3507,
	3.07524 3.35385,
	3.07984 3.35876,
	3.08279 3.36494,
	3.08381 3.37179,
	3.08279 3.37864,
	3.07984 3.38482,
	3.07524 3.38973,
	3.06945 3.39288,
	3.06302 3.39396,
	3.0566 3.39288,
	3.05081 3.38973,
	3.04621 3.38482,
	"/>
<Contour name="Ea2(v1183)" hidden="false" closed="true" simplified="true" border="0.611765 0.27451 0.643137" fill="0.458824 0.729412 1" mode="9"
 points="3.08658 3.33992,
	3.08753 3.3335,
	3.09029 3.3277,
	3.09458 3.3231,
	3.09999 3.32015,
	3.10598 3.31913,
	3.11198 3.32015,
	3.11738 3.3231,
	3.12168 3.3277,
	3.12443 3.3335,
	3.12538 3.33992,
	3.12443 3.34634,
	3.12168 3.35214,
	3.11738 3.35673,
	3.11198 3.35969,
	3.10598 3.3607,
	3.09999 3.35969,
	3.09458 3.35673,
	3.09029 3.35214,
	"/>
<Contour name="Ea2(v1184)" hidden="false" closed="true" simplified="true" border="0.611765 0.27451 0.643137" fill="0.458824 0.729412 1" mode="9"
 points="3.09212 3.29142,
	3.09307 3.28542,
	3.09583 3.28002,
	3.10012 3.27572,
	3.10553 3.27297,
	3.11152 3.27202,
	3.11752 3.27297,
	3.12293 3.27572,
	3.12722 3.28002,
	3.12997 3.28542,
	3.13092 3.29142,
	3.12997 3.29741,
	3.12722 3.30282,
	3.12293 3.30711,
	3.11752 3.30987,
	3.11152 3.31082,
	3.10553 3.30987,
	3.10012 3.30711,
	3.09583 3.30282,
	"/>
<Contour name="Ea2(v1185)" hidden="false" closed="true" simplified="true" border="0.611765 0.27451 0.643137" fill="0.458824 0.729412 1" mode="9"
 points="2.96187 3.3995,
	2.96302 3.39265,
	2.96637 3.38647,
	2.97158 3.38157,
	2.97815 3.37842,
	2.98543 3.37733,
	2.99271 3.37842,
	2.99927 3.38157,
	3.00448 3.38647,
	3.00783 3.39265,
	3.00898 3.3995,
	3.00783 3.40635,
	3.00448 3.41253,
	2.99927 3.41744,
	2.99271 3.42059,
	2.98543 3.42167,
	2.97815 3.42059,
	2.97158 3.41744,
	2.96637 3.41253,
	"/>
<Contour name="Ea2(v1186)" hidden="false" closed="true" simplified="true" border="0.611765 0.27451 0.643137" fill="0.458824 0.729412 1" mode="9"
 points="2.9203 3.43276,
	2.92125 3.42591,
	2.924 3.41973,
	2.9283 3.41482,
	2.9337 3.41167,
	2.9397 3.41059,
	2.94569 3.41167,
	2.9511 3.41482,
	2.95539 3.41973,
	2.95815 3.42591,
	2.9591 3.43276,
	2.95815 3.43961,
	2.95539 3.44579,
	2.9511 3.4507,
	2.94569 3.45385,
	2.9397 3.45493,
	2.9337 3.45385,
	2.9283 3.4507,
	2.924 3.44579,
	"/>
<Contour name="Ea2(v1187)" hidden="false" closed="true" simplified="true" border="0.611765 0.27451 0.643137" fill="0.458824 0.729412 1" mode="9"
 points="2.97018 3.45909,
	2.97113 3.45181,
	2.97389 3.44524,
	2.97818 3.44003,
	2.98359 3.43668,
	2.98958 3.43553,
	2.99558 3.43668,
	3.00099 3.44003,
	3.00528 3.44524,
	3.00803 3.45181,
	3.00898 3.45909,
	3.00803 3.46637,
	3.00528 3.47293,
	3.00099 3.47815,
	2.99558 3.48149,
	2.98958 3.48264,
	2.98359 3.48149,
	2.97818 3.47815,
	2.97389 3.47293,
	"/>
<Contour name="Ea2(v1188)" hidden="false" closed="true" simplified="true" border="0.611765 0.27451 0.643137" fill="0.458824 0.729412 1" mode="9"
 points="2.9591 3.32745,
	2.96005 3.3206,
	2.9628 3.31442,
	2.96709 3.30951,
	2.9725 3.30636,
	2.9785 3.30528,
	2.98449 3.30636,
	2.9899 3.30951,
	2.99419 3.31442,
	2.99695 3.3206,
	2.9979 3.32745,
	2.99695 3.3343,
	2.99419 3.34048,
	2.9899 3.34538,
	2.98449 3.34853,
	2.9785 3.34962,
	2.9725 3.34853,
	2.96709 3.34538,
	2.9628 3.34048,
	"/>
<Contour name="Ea2(v1189)" hidden="false" closed="true" simplified="true" border="0.611765 0.27451 0.643137" fill="0.458824 0.729412 1" mode="9"
 points="3.02838 3.28172,
	3.02947 3.27444,
	3.03262 3.26787,
	3.03752 3.26266,
	3.0437 3.25932,
	3.05055 3.25816,
	3.0574 3.25932,
	3.06359 3.26266,
	3.06849 3.26787,
	3.07164 3.27444,
	3.07272 3.28172,
	3.07164 3.289,
	3.06849 3.29557,
	3.06359 3.30078,
	3.0574 3.30412,
	3.05055 3.30528,
	3.0437 3.30412,
	3.03752 3.30078,
	3.03262 3.29557,
	"/>
<Contour name="Ea2(v1190)" hidden="false" closed="true" simplified="true" border="0.611765 0.27451 0.643137" fill="0.458824 0.729412 1" mode="9"
 points="2.9979 3.25678,
	2.99871 3.25035,
	3.00107 3.24456,
	3.00475 3.23996,
	3.00939 3.23701,
	3.01453 3.23599,
	3.01966 3.23701,
	3.0243 3.23996,
	3.02798 3.24456,
	3.03034 3.25035,
	3.03115 3.25678,
	3.03034 3.2632,
	3.02798 3.26899,
	3.0243 3.27359,
	3.01966 3.27654,
	3.01453 3.27756,
	3.00939 3.27654,
	3.00475 3.27359,
	3.00107 3.26899,
	"/>
<Contour name="Ea2(v1191)" hidden="false" closed="true" simplified="true" border="0.611765 0.27451 0.643137" fill="0.458824 0.729412 1" mode="9"
 points="2.94524 3.27271,
	2.94626 3.26522,
	2.94921 3.25846,
	2.95381 3.25309,
	2.9596 3.24965,
	2.96603 3.24846,
	2.97245 3.24965,
	2.97824 3.25309,
	2.98284 3.25846,
	2.98579 3.26522,
	2.98681 3.27271,
	2.98579 3.28021,
	2.98284 3.28697,
	2.97824 3.29233,
	2.97245 3.29577,
	2.96603 3.29696,
	2.9596 3.29577,
	2.95381 3.29233,
	2.94921 3.28697,
	"/>
<Contour name="Ea2(v1192)" hidden="false" closed="true" simplified="true" border="0.611765 0.27451 0.643137" fill="0.458824 0.729412 1" mode="9"
 points="2.88704 3.39119,
	2.88806 3.38434,
	2.89101 3.37816,
	2.89561 3.37325,
	2.9014 3.3701,
	2.90783 3.36902,
	2.91425 3.3701,
	2.92004 3.37325,
	2.92464 3.37816,
	2.9276 3.38434,
	2.92861 3.39119,
	2.9276 3.39804,
	2.92464 3.40422,
	2.92004 3.40913,
	2.91425 3.41227,
	2.90783 3.41336,
	2.9014 3.41227,
	2.89561 3.40913,
	2.89101 3.40422,
	"/>
<Contour name="Ea2(v1193)" hidden="false" closed="true" simplified="true" border="0.611765 0.27451 0.643137" fill="0.458824 0.729412 1" mode="9"
 points="2.85101 3.33715,
	2.85196 3.33072,
	2.85472 3.32493,
	2.85901 3.32033,
	2.86442 3.31738,
	2.87041 3.31636,
	2.87641 3.31738,
	2.88182 3.32033,
	2.88611 3.32493,
	2.88886 3.33072,
	2.88981 3.33715,
	2.88886 3.34357,
	2.88611 3.34936,
	2.88182 3.35396,
	2.87641 3.35691,
	2.87041 3.35793,
	2.86442 3.35691,
	2.85901 3.35396,
	2.85472 3.34936,
	"/>
<Contour name="Ea2(v1194)" hidden="false" closed="true" simplified="true" border="0.611765 0.27451 0.643137" fill="0.458824 0.729412 1" mode="9"
 points="2.89813 3.47572,
	2.89914 3.46929,
	2.9021 3.4635,
	2.9067 3.4589,
	2.91249 3.45595,
	2.91891 3.45493,
	2.92534 3.45595,
	2.93113 3.4589,
	2.93573 3.4635,
	2.93868 3.46929,
	2.9397 3.47572,
	2.93868 3.48214,
	2.93573 3.48793,
	2.93113 3.49253,
	2.92534 3.49548,
	2.91891 3.4965,
	2.91249 3.49548,
	2.9067 3.49253,
	2.9021 3.48793,
	"/>
<Contour name="Ea2(v1195)" hidden="false" closed="true" simplified="true" border="0.611765 0.27451 0.643137" fill="0.458824 0.729412 1" mode="9"
 points="2.75401 3.36902,
	2.7549 3.36388,
	2.75746 3.35924,
	2.76144 3.35557,
	2.76646 3.3532,
	2.77203 3.35239,
	2.7776 3.3532,
	2.78262 3.35557,
	2.7866 3.35924,
	2.78916 3.36388,
	2.79004 3.36902,
	2.78916 3.37416,
	2.7866 3.37879,
	2.78262 3.38247,
	2.7776 3.38483,
	2.77203 3.38565,
	2.76646 3.38483,
	2.76144 3.38247,
	2.75746 3.37879,
	"/>
<Contour name="Ea2(v1196)" hidden="false" closed="true" simplified="true" border="0.611765 0.27451 0.643137" fill="0.458824 0.729412 1" mode="9"
 points="2.74016 3.31636,
	2.74117 3.31037,
	2.74413 3.30496,
	2.74873 3.30067,
	2.75452 3.29791,
	2.76094 3.29696,
	2.76737 3.29791,
	2.77316 3.30067,
	2.77776 3.30496,
	2.78071 3.31037,
	2.78173 3.31636,
	2.78071 3.32236,
	2.77776 3.32776,
	2.77316 3.33206,
	2.76737 3.33481,
	2.76094 3.33576,
	2.75452 3.33481,
	2.74873 3.33206,
	2.74413 3.32776,
	"/>
<Contour name="Ea2(v1197)" hidden="false" closed="true" simplified="true" border="0.611765 0.27451 0.643137" fill="0.458824 0.729412 1" mode="9"
 points="2.8039 3.35655,
	2.80485 3.35098,
	2.8076 3.34596,
	2.8119 3.34197,
	2.8173 3.33941,
	2.8233 3.33853,
	2.82929 3.33941,
	2.8347 3.34197,
	2.83899 3.34596,
	2.84175 3.35098,
	2.8427 3.35655,
	2.84175 3.36211,
	2.83899 3.36713,
	2.8347 3.37112,
	2.82929 3.37368,
	2.8233 3.37456,
	2.8173 3.37368,
	2.8119 3.37112,
	2.8076 3.36713,
	"/>
<Contour name="Ea2(v1198)" hidden="false" closed="true" simplified="true" border="0.611765 0.27451 0.643137" fill="0.458824 0.729412 1" mode="9"
 points="2.78727 3.26509,
	2.78809 3.25952,
	2.79045 3.2545,
	2.79413 3.25052,
	2.79876 3.24796,
	2.8039 3.24708,
	2.80904 3.24796,
	2.81367 3.25052,
	2.81735 3.2545,
	2.81971 3.25952,
	2.82053 3.26509,
	2.81971 3.27066,
	2.81735 3.27568,
	2.81367 3.27966,
	2.80904 3.28222,
	2.8039 3.2831,
	2.79876 3.28222,
	2.79413 3.27966,
	2.79045 3.27568,
	"/>
<Contour name="Ea2(v1199)" hidden="false" closed="true" simplified="true" border="0.611765 0.27451 0.643137" fill="0.458824 0.729412 1" mode="9"
 points="2.79281 3.31359,
	2.7937 3.30845,
	2.79625 3.30382,
	2.80024 3.30014,
	2.80526 3.29778,
	2.81083 3.29696,
	2.81639 3.29778,
	2.82142 3.30014,
	2.8254 3.30382,
	2.82796 3.30845,
	2.82884 3.31359,
	2.82796 3.31873,
	2.8254 3.32336,
	2.82142 3.32704,
	2.81639 3.3294,
	2.81083 3.33022,
	2.80526 3.3294,
	2.80024 3.32704,
	2.79625 3.32336,
	"/>
<Contour name="Ea2(v1200)" hidden="false" closed="true" simplified="true" border="0.611765 0.27451 0.643137" fill="0.458824 0.729412 1" mode="9"
 points="2.70136 3.29142,
	2.7021 3.28628,
	2.70427 3.28164,
	2.70764 3.27797,
	2.71189 3.2756,
	2.7166 3.27479,
	2.72131 3.2756,
	2.72556 3.27797,
	2.72893 3.28164,
	2.7311 3.28628,
	2.73184 3.29142,
	2.7311 3.29656,
	2.72893 3.30119,
	2.72556 3.30487,
	2.72131 3.30723,
	2.7166 3.30805,
	2.71189 3.30723,
	2.70764 3.30487,
	2.70427 3.30119,
	"/>
<Contour name="Ea2(v1201)" hidden="false" closed="true" simplified="true" border="0.611765 0.27451 0.643137" fill="0.458824 0.729412 1" mode="9"
 points="2.7263 3.25816,
	2.72725 3.25302,
	2.73001 3.24839,
	2.7343 3.24471,
	2.73971 3.24235,
	2.7457 3.24153,
	2.7517 3.24235,
	2.7571 3.24471,
	2.7614 3.24839,
	2.76415 3.25302,
	2.7651 3.25816,
	2.76415 3.2633,
	2.7614 3.26794,
	2.7571 3.27161,
	2.7517 3.27398,
	2.7457 3.27479,
	2.73971 3.27398,
	2.7343 3.27161,
	2.73001 3.26794,
	"/>
<Contour name="Ea2(v1202)" hidden="false" closed="true" simplified="true" border="0.611765 0.27451 0.643137" fill="0.458824 0.729412 1" mode="9"
 points="2.69582 3.17918,
	2.69676 3.1719,
	2.69952 3.16533,
	2.70381 3.16012,
	2.70922 3.15677,
	2.71522 3.15562,
	2.72121 3.15677,
	2.72662 3.16012,
	2.73091 3.16533,
	2.73367 3.1719,
	2.73461 3.17918,
	2.73367 3.18646,
	2.73091 3.19302,
	2.72662 3.19824,
	2.72121 3.20158,
	2.71522 3.20273,
	2.70922 3.20158,
	2.70381 3.19824,
	2.69952 3.19302,
	"/>
<Contour name="Ea2(v1203)" hidden="false" closed="true" simplified="true" border="0.611765 0.27451 0.643137" fill="0.458824 0.729412 1" mode="9"
 points="2.75124 3.18749,
	2.75233 3.17936,
	2.75548 3.17202,
	2.76038 3.16619,
	2.76656 3.16245,
	2.77341 3.16116,
	2.78027 3.16245,
	2.78645 3.16619,
	2.79135 3.17202,
	2.7945 3.17936,
	2.79559 3.18749,
	2.7945 3.19563,
	2.79135 3.20297,
	2.78645 3.20879,
	2.78027 3.21253,
	2.77341 3.21382,
	2.76656 3.21253,
	2.76038 3.20879,
	2.75548 3.20297,
	"/>
<Contour name="Ea2(v1204)" hidden="false" closed="true" simplified="true" border="0.611765 0.27451 0.643137" fill="0.458824 0.729412 1" mode="9"
 points="2.71799 3.22213,
	2.7188 3.217,
	2.72116 3.21236,
	2.72484 3.20868,
	2.72948 3.20632,
	2.73461 3.20551,
	2.73975 3.20632,
	2.74439 3.20868,
	2.74807 3.21236,
	2.75043 3.217,
	2.75124 3.22213,
	2.75043 3.22727,
	2.74807 3.23191,
	2.74439 3.23559,
	2.73975 3.23795,
	2.73461 3.23876,
	2.72948 3.23795,
	2.72484 3.23559,
	2.72116 3.23191,
	"/>
<Contour name="Ea2(v1205)" hidden="false" closed="true" simplified="true" border="0.611765 0.27451 0.643137" fill="0.458824 0.729412 1" mode="9"
 points="2.8039 3.19026,
	2.80492 3.18384,
	2.80787 3.17805,
	2.81247 3.17345,
	2.81826 3.17049,
	2.82469 3.16948,
	2.83111 3.17049,
	2.8369 3.17345,
	2.8415 3.17805,
	2.84445 3.18384,
	2.84547 3.19026,
	2.84445 3.19669,
	2.8415 3.20248,
	2.8369 3.20708,
	2.83111 3.21003,
	2.82469 3.21105,
	2.81826 3.21003,
	2.81247 3.20708,
	2.80787 3.20248,
	"/>
<Contour name="Ea2(v1206)" hidden="false" closed="true" simplified="true" border="0.611765 0.27451 0.643137" fill="0.458824 0.729412 1" mode="9"
 points="2.88981 3.25539,
	2.89083 3.24854,
	2.89378 3.24236,
	2.89838 3.23745,
	2.90418 3.2343,
	2.9106 3.23322,
	2.91702 3.2343,
	2.92282 3.23745,
	2.92741 3.24236,
	2.93037 3.24854,
	2.93138 3.25539,
	2.93037 3.26224,
	2.92741 3.26842,
	2.92282 3.27333,
	2.91702 3.27648,
	2.9106 3.27756,
	2.90418 3.27648,
	2.89838 3.27333,
	2.89378 3.26842,
	"/>
<Contour name="Ea2(v1207)" hidden="false" closed="true" simplified="true" border="0.611765 0.27451 0.643137" fill="0.458824 0.729412 1" mode="9"
 points="2.92307 3.20551,
	2.92402 3.19951,
	2.92677 3.1941,
	2.93107 3.18981,
	2.93647 3.18706,
	2.94247 3.18611,
	2.94846 3.18706,
	2.95387 3.18981,
	2.95816 3.1941,
	2.96092 3.19951,
	2.96187 3.20551,
	2.96092 3.2115,
	2.95816 3.21691,
	2.95387 3.2212,
	2.94846 3.22396,
	2.94247 3.22491,
	2.93647 3.22396,
	2.93107 3.2212,
	2.92677 3.21691,
	"/>
<Contour name="Ea2(v1208)" hidden="false" closed="true" simplified="true" border="0.611765 0.27451 0.643137" fill="0.458824 0.729412 1" mode="9"
 points="2.87041 3.19996,
	2.87143 3.19311,
	2.87438 3.18693,
	2.87898 3.18203,
	2.88478 3.17888,
	2.8912 3.17779,
	2.89762 3.17888,
	2.90342 3.18203,
	2.90801 3.18693,
	2.91097 3.19311,
	2.91198 3.19996,
	2.91097 3.20681,
	2.90801 3.21299,
	2.90342 3.2179,
	2.89762 3.22105,
	2.8912 3.22213,
	2.88478 3.22105,
	2.87898 3.2179,
	2.87438 3.21299,
	"/>
<Contour name="Ea2(v1209)" hidden="false" closed="true" simplified="true" border="0.611765 0.27451 0.643137" fill="0.458824 0.729412 1" mode="9"
 points="2.89536 3.14038,
	2.89664 3.1331,
	2.90038 3.12653,
	2.90621 3.12132,
	2.91355 3.11797,
	2.92168 3.11682,
	2.92982 3.11797,
	2.93716 3.12132,
	2.94298 3.12653,
	2.94672 3.1331,
	2.94801 3.14038,
	2.94672 3.14766,
	2.94298 3.15422,
	2.93716 3.15944,
	2.92982 3.16278,
	2.92168 3.16393,
	2.91355 3.16278,
	2.90621 3.15944,
	2.90038 3.15422,
	"/>
<Contour name="Ea2(v1210)" hidden="false" closed="true" simplified="true" border="0.611765 0.27451 0.643137" fill="0.458824 0.729412 1" mode="9"
 points="2.83993 3.15562,
	2.84101 3.14963,
	2.84416 3.14422,
	2.84907 3.13993,
	2.85525 3.13717,
	2.8621 3.13622,
	2.86895 3.13717,
	2.87513 3.13993,
	2.88004 3.14422,
	2.88318 3.14963,
	2.88427 3.15562,
	2.88318 3.16162,
	2.88004 3.16702,
	2.87513 3.17132,
	2.86895 3.17407,
	2.8621 3.17502,
	2.85525 3.17407,
	2.84907 3.17132,
	2.84416 3.16702,
	"/>
<Contour name="Ea2(v1211)" hidden="false" closed="true" simplified="true" border="0.611765 0.27451 0.643137" fill="0.458824 0.729412 1" mode="9"
 points="2.80667 3.10712,
	2.80769 3.1007,
	2.81064 3.0949,
	2.81524 3.09031,
	2.82103 3.08735,
	2.82746 3.08634,
	2.83388 3.08735,
	2.83967 3.09031,
	2.84427 3.0949,
	2.84722 3.1007,
	2.84824 3.10712,
	2.84722 3.11354,
	2.84427 3.11934,
	2.83967 3.12394,
	2.83388 3.12689,
	2.82746 3.12791,
	2.82103 3.12689,
	2.81524 3.12394,
	2.81064 3.11934,
	"/>
<Contour name="Ea2(v1214)" hidden="false" closed="true" simplified="true" border="0.611765 0.27451 0.643137" fill="0.458824 0.729412 1" mode="9"
 points="2.80113 3.04338,
	2.80194 3.03781,
	2.8043 3.03279,
	2.80798 3.02881,
	2.81262 3.02625,
	2.81776 3.02537,
	2.8229 3.02625,
	2.82753 3.02881,
	2.83121 3.03279,
	2.83357 3.03781,
	2.83438 3.04338,
	2.83357 3.04895,
	2.83121 3.05397,
	2.82753 3.05795,
	2.8229 3.06051,
	2.81776 3.06139,
	2.81262 3.06051,
	2.80798 3.05795,
	2.8043 3.05397,
	"/>
<Contour name="Ea2(v1215)" hidden="false" closed="true" simplified="true" border="0.611765 0.27451 0.643137" fill="0.458824 0.729412 1" mode="9"
 points="2.67642 3.11959,
	2.67737 3.11274,
	2.68012 3.10656,
	2.68441 3.10166,
	2.68982 3.09851,
	2.69582 3.09742,
	2.70181 3.09851,
	2.70722 3.10166,
	2.71151 3.10656,
	2.71427 3.11274,
	2.71522 3.11959,
	2.71427 3.12644,
	2.71151 3.13262,
	2.70722 3.13753,
	2.70181 3.14068,
	2.69582 3.14176,
	2.68982 3.14068,
	2.68441 3.13753,
	2.68012 3.13262,
	"/>
<Contour name="Ea2(v1216)" hidden="false" closed="true" simplified="true" border="0.611765 0.27451 0.643137" fill="0.458824 0.729412 1" mode="9"
 points="2.6487 3.16393,
	2.64972 3.15708,
	2.65267 3.1509,
	2.65727 3.146,
	2.66306 3.14285,
	2.66949 3.14176,
	2.67591 3.14285,
	2.6817 3.146,
	2.6863 3.1509,
	2.68926 3.15708,
	2.69027 3.16393,
	2.68926 3.17079,
	2.6863 3.17697,
	2.6817 3.18187,
	2.67591 3.18502,
	2.66949 3.18611,
	2.66306 3.18502,
	2.65727 3.18187,
	2.65267 3.17697,
	"/>
<Contour name="Ea2(v1217)" hidden="false" closed="true" simplified="true" border="0.611765 0.27451 0.643137" fill="0.458824 0.729412 1" mode="9"
 points="2.63207 3.10851,
	2.63275 3.10166,
	2.63472 3.09548,
	2.63779 3.09057,
	2.64165 3.08742,
	2.64593 3.08634,
	2.65021 3.08742,
	2.65408 3.09057,
	2.65714 3.09548,
	2.65911 3.10166,
	2.65979 3.10851,
	2.65911 3.11536,
	2.65714 3.12154,
	2.65408 3.12644,
	2.65021 3.12959,
	2.64593 3.13068,
	2.64165 3.12959,
	2.63779 3.12644,
	2.63472 3.12154,
	"/>
<Contour name="Ea2(v1218)" hidden="false" closed="true" simplified="true" border="0.611765 0.27451 0.643137" fill="0.458824 0.729412 1" mode="9"
 points="2.63207 3.05169,
	2.63302 3.04527,
	2.63578 3.03948,
	2.64007 3.03488,
	2.64548 3.03193,
	2.65147 3.03091,
	2.65747 3.03193,
	2.66288 3.03488,
	2.66717 3.03948,
	2.66992 3.04527,
	2.67087 3.05169,
	2.66992 3.05812,
	2.66717 3.06391,
	2.66288 3.06851,
	2.65747 3.07146,
	2.65147 3.07248,
	2.64548 3.07146,
	2.64007 3.06851,
	2.63578 3.06391,
	"/>
<Contour name="Ea2(v1219)" hidden="false" closed="true" simplified="true" border="0.611765 0.27451 0.643137" fill="0.458824 0.729412 1" mode="9"
 points="2.62099 2.97825,
	2.62173 2.97226,
	2.6239 2.96685,
	2.62727 2.96256,
	2.63152 2.9598,
	2.63623 2.95885,
	2.64094 2.9598,
	2.64519 2.96256,
	2.64856 2.96685,
	2.65073 2.97226,
	2.65147 2.97825,
	2.65073 2.98425,
	2.64856 2.98965,
	2.64519 2.99395,
	2.64094 2.9967,
	2.63623 2.99765,
	2.63152 2.9967,
	2.62727 2.99395,
	2.6239 2.98965,
	"/>
<Contour name="Ea2(v1220)" hidden="false" closed="true" simplified="true" border="0.611765 0.27451 0.643137" fill="0.458824 0.729412 1" mode="9"
 points="2.59327 2.89511,
	2.59416 2.88911,
	2.59671 2.88371,
	2.6007 2.87942,
	2.60572 2.87666,
	2.61129 2.87571,
	2.61685 2.87666,
	2.62188 2.87942,
	2.62586 2.88371,
	2.62842 2.88911,
	2.6293 2.89511,
	2.62842 2.9011,
	2.62586 2.90651,
	2.62188 2.9108,
	2.61685 2.91356,
	2.61129 2.91451,
	2.60572 2.91356,
	2.6007 2.9108,
	2.59671 2.90651,
	"/>
<Contour name="Ea2(v1221)" hidden="false" closed="true" simplified="true" border="0.611765 0.27451 0.643137" fill="0.458824 0.729412 1" mode="9"
 points="2.63207 2.88264,
	2.63296 2.87622,
	2.63551 2.87042,
	2.6395 2.86582,
	2.64452 2.86287,
	2.65009 2.86185,
	2.65565 2.86287,
	2.66068 2.86582,
	2.66466 2.87042,
	2.66722 2.87622,
	2.6681 2.88264,
	2.66722 2.88906,
	2.66466 2.89486,
	2.66068 2.89945,
	2.65565 2.90241,
	2.65009 2.90342,
	2.64452 2.90241,
	2.6395 2.89945,
	2.63551 2.89486,
	"/>
<Contour name="Ea2(v1222)" hidden="false" closed="true" simplified="true" border="0.611765 0.27451 0.643137" fill="0.458824 0.729412 1" mode="9"
 points="2.56002 2.83275,
	2.56117 2.82462,
	2.56452 2.81728,
	2.56973 2.81145,
	2.57629 2.80771,
	2.58357 2.80643,
	2.59085 2.80771,
	2.59742 2.81145,
	2.60263 2.81728,
	2.60598 2.82462,
	2.60713 2.83275,
	2.60598 2.84089,
	2.60263 2.84823,
	2.59742 2.85405,
	2.59085 2.85779,
	2.58357 2.85908,
	2.57629 2.85779,
	2.56973 2.85405,
	2.56452 2.84823,
	"/>
<Contour name="Ea2(v1223)" hidden="false" closed="true" simplified="true" border="0.611765 0.27451 0.643137" fill="0.458824 0.729412 1" mode="9"
 points="2.69582 3.01289,
	2.69663 3.00561,
	2.69899 2.99905,
	2.70267 2.99384,
	2.70731 2.99049,
	2.71244 2.98934,
	2.71758 2.99049,
	2.72222 2.99384,
	2.7259 2.99905,
	2.72826 3.00561,
	2.72907 3.01289,
	2.72826 3.02017,
	2.7259 3.02674,
	2.72222 3.03195,
	2.71758 3.0353,
	2.71244 3.03645,
	2.70731 3.0353,
	2.70267 3.03195,
	2.69899 3.02674,
	"/>
<Contour name="Ea2(v1224)" hidden="false" closed="true" simplified="true" border="0.611765 0.27451 0.643137" fill="0.458824 0.729412 1" mode="9"
 points="2.73739 3.00042,
	2.7384 2.99272,
	2.74136 2.98576,
	2.74595 2.98024,
	2.75175 2.9767,
	2.75817 2.97548,
	2.76459 2.9767,
	2.77039 2.98024,
	2.77499 2.98576,
	2.77794 2.99272,
	2.77896 3.00042,
	2.77794 3.00813,
	2.77499 3.01508,
	2.77039 3.0206,
	2.76459 3.02414,
	2.75817 3.02537,
	2.75175 3.02414,
	2.74595 3.0206,
	2.74136 3.01508,
	"/>
<Contour name="Ea2(v1225)" hidden="false" closed="true" simplified="true" border="0.611765 0.27451 0.643137" fill="0.458824 0.729412 1" mode="9"
 points="2.72353 3.10989,
	2.72441 3.10347,
	2.72697 3.09768,
	2.73095 3.09308,
	2.73598 3.09012,
	2.74154 3.08911,
	2.74711 3.09012,
	2.75213 3.09308,
	2.75612 3.09768,
	2.75868 3.10347,
	2.75956 3.10989,
	2.75868 3.11632,
	2.75612 3.12211,
	2.75213 3.12671,
	2.74711 3.12966,
	2.74154 3.13068,
	2.73598 3.12966,
	2.73095 3.12671,
	2.72697 3.12211,
	"/>
<Contour name="Ea2(v1226)" hidden="false" closed="true" simplified="true" border="0.611765 0.27451 0.643137" fill="0.458824 0.729412 1" mode="9"
 points="2.76233 3.09188,
	2.76328 3.08588,
	2.76603 3.08048,
	2.77033 3.07618,
	2.77573 3.07343,
	2.78173 3.07248,
	2.78772 3.07343,
	2.79313 3.07618,
	2.79742 3.08048,
	2.80018 3.08588,
	2.80113 3.09188,
	2.80018 3.09787,
	2.79742 3.10328,
	2.79313 3.10757,
	2.78772 3.11033,
	2.78173 3.11128,
	2.77573 3.11033,
	2.77033 3.10757,
	2.76603 3.10328,
	"/>
<Contour name="Ea2(v1227)" hidden="false" closed="true" simplified="true" border="0.611765 0.27451 0.643137" fill="0.458824 0.729412 1" mode="9"
 points="2.73184 3.05169,
	2.73279 3.04527,
	2.73555 3.03948,
	2.73984 3.03488,
	2.74525 3.03193,
	2.75124 3.03091,
	2.75724 3.03193,
	2.76265 3.03488,
	2.76694 3.03948,
	2.76969 3.04527,
	2.77064 3.05169,
	2.76969 3.05812,
	2.76694 3.06391,
	2.76265 3.06851,
	2.75724 3.07146,
	2.75124 3.07248,
	2.74525 3.07146,
	2.73984 3.06851,
	2.73555 3.06391,
	"/>
</Transform>

<Transform dim="0"
 xcoef=" 0 1 0 0 0 0"
 ycoef=" 0 0 1 0 0 0">
<Contour name="Ea4(v353)" hidden="false" closed="true" simplified="true" border="0.612 0.275 0.643" fill="0.459 0.729 1" mode="9"
 points="4.12537 5.13927,
	4.12636 5.13305,
	4.12922 5.12744,
	4.13367 5.12298,
	4.13928 5.12012,
	4.14551 5.11914,
	4.15173 5.12012,
	4.15734 5.12298,
	4.1618 5.12744,
	4.16466 5.13305,
	4.16564 5.13927,
	4.16466 5.14549,
	4.1618 5.15111,
	4.15734 5.15556,
	4.15173 5.15842,
	4.14551 5.15941,
	4.13928 5.15842,
	4.13367 5.15556,
	4.12922 5.15111,
	"/>
<Contour name="Ea4(v354)" hidden="false" closed="true" simplified="true" border="0.612 0.275 0.643" fill="0.459 0.729 1" mode="9"
 points="3.90101 5.11482,
	3.902 5.10905,
	3.90486 5.10383,
	3.90931 5.0997,
	3.91493 5.09704,
	3.92115 5.09613,
	3.92737 5.09704,
	3.93298 5.0997,
	3.93744 5.10383,
	3.9403 5.10905,
	3.94128 5.11482,
	3.9403 5.1206,
	3.93744 5.12581,
	3.93298 5.12995,
	3.92737 5.13261,
	3.92115 5.13352,
	3.91493 5.13261,
	3.90931 5.12995,
	3.90486 5.12581,
	"/>
<Contour name="Ea4(v355)" hidden="false" closed="true" simplified="true" border="0.612 0.275 0.643" fill="0.459 0.729 1" mode="9"
 points="3.92115 5.06161,
	3.92206 5.05539,
	3.92472 5.04978,
	3.92886 5.04532,
	3.93407 5.04246,
	3.93985 5.04148,
	3.94562 5.04246,
	3.95083 5.04532,
	3.95497 5.04978,
	3.95763 5.05539,
	3.95854 5.06161,
	3.95763 5.06783,
	3.95497 5.07345,
	3.95083 5.0779,
	3.94562 5.08076,
	3.93985 5.08175,
	3.93407 5.08076,
	3.92886 5.0779,
	3.92472 5.07345,
	"/>
<Contour name="Ea4(v357)" hidden="false" closed="true" simplified="true" border="0.612 0.275 0.643" fill="0.459 0.729 1" mode="9"
 points="3.87513 5.03141,
	3.87604 5.02474,
	3.8787 5.01873,
	3.88283 5.01396,
	3.88805 5.01089,
	3.89382 5.00984,
	3.8996 5.01089,
	3.90481 5.01396,
	3.90895 5.01873,
	3.9116 5.02474,
	3.91252 5.03141,
	3.9116 5.03808,
	3.90895 5.04409,
	3.90481 5.04886,
	3.8996 5.05193,
	3.89382 5.05298,
	3.88805 5.05193,
	3.88283 5.04886,
	3.8787 5.04409,
	"/>
<Contour name="Ea4(v359)" hidden="false" closed="true" simplified="true" border="0.612 0.275 0.643" fill="0.459 0.729 1" mode="9"
 points="3.77733 4.99402,
	3.77832 4.98735,
	3.78118 4.98134,
	3.78563 4.97656,
	3.79124 4.9735,
	3.79746 4.97244,
	3.80369 4.9735,
	3.8093 4.97656,
	3.81375 4.98134,
	3.81661 4.98735,
	3.8176 4.99402,
	3.81661 5.00068,
	3.81375 5.0067,
	3.8093 5.01147,
	3.80369 5.01453,
	3.79746 5.01559,
	3.79124 5.01453,
	3.78563 5.01147,
	3.78118 5.0067,
	"/>
<Contour name="Ea4(v360)" hidden="false" closed="true" simplified="true" border="0.612 0.275 0.643" fill="0.459 0.729 1" mode="9"
 points="3.8291 4.99258,
	3.83002 4.9868,
	3.83268 4.98159,
	3.83681 4.97745,
	3.84202 4.9748,
	3.8478 4.97388,
	3.85358 4.9748,
	3.85879 4.97745,
	3.86293 4.98159,
	3.86558 4.9868,
	3.8665 4.99258,
	3.86558 4.99836,
	3.86293 5.00357,
	3.85879 5.0077,
	3.85358 5.01036,
	3.8478 5.01127,
	3.84202 5.01036,
	3.83681 5.0077,
	3.83268 5.00357,
	"/>
<Contour name="Ea4(v361)" hidden="false" closed="true" simplified="true" border="0.612 0.275 0.643" fill="0.459 0.729 1" mode="9"
 points="3.79171 4.91204,
	3.7927 4.90626,
	3.79556 4.90105,
	3.80001 4.89691,
	3.80562 4.89426,
	3.81185 4.89334,
	3.81807 4.89426,
	3.82368 4.89691,
	3.82814 4.90105,
	3.831 4.90626,
	3.83198 4.91204,
	3.831 4.91782,
	3.82814 4.92303,
	3.82368 4.92716,
	3.81807 4.92982,
	3.81185 4.93074,
	3.80562 4.92982,
	3.80001 4.92716,
	3.79556 4.92303,
	"/>
<Contour name="Ea4(v363)" hidden="false" closed="true" simplified="true" border="0.612 0.275 0.643" fill="0.459 0.729 1" mode="9"
 points="3.36888 4.93505,
	3.3698 4.93016,
	3.37245 4.92575,
	3.37659 4.92225,
	3.3818 4.92,
	3.38758 4.91923,
	3.39336 4.92,
	3.39857 4.92225,
	3.40271 4.92575,
	3.40536 4.93016,
	3.40628 4.93505,
	3.40536 4.93994,
	3.40271 4.94435,
	3.39857 4.94785,
	3.39336 4.9501,
	3.38758 4.95087,
	3.3818 4.9501,
	3.37659 4.94785,
	3.37245 4.94435,
	"/>
<Contour name="Ea4(v364)" hidden="false" closed="true" simplified="true" border="0.612 0.275 0.643" fill="0.459 0.729 1" mode="9"
 points="3.36888 4.88615,
	3.36987 4.88037,
	3.37273 4.87516,
	3.37718 4.87103,
	3.3828 4.86837,
	3.38902 4.86746,
	3.39524 4.86837,
	3.40085 4.87103,
	3.40531 4.87516,
	3.40817 4.88037,
	3.40915 4.88615,
	3.40817 4.89193,
	3.40531 4.89714,
	3.40085 4.90128,
	3.39524 4.90393,
	3.38902 4.90485,
	3.3828 4.90393,
	3.37718 4.90128,
	3.37273 4.89714,
	"/>
<Contour name="Ea4(v365)" hidden="false" closed="true" simplified="true" border="0.612 0.275 0.643" fill="0.459 0.729 1" mode="9"
 points="3.30848 4.8502,
	3.3094 4.84398,
	3.31205 4.83836,
	3.31619 4.83391,
	3.3214 4.83105,
	3.32718 4.83006,
	3.33295 4.83105,
	3.33817 4.83391,
	3.3423 4.83836,
	3.34496 4.84398,
	3.34587 4.8502,
	3.34496 4.85642,
	3.3423 4.86203,
	3.33817 4.86649,
	3.33295 4.86935,
	3.32718 4.87033,
	3.3214 4.86935,
	3.31619 4.86649,
	3.31205 4.86203,
	"/>
<Contour name="Ea4(v366)" hidden="false" closed="true" simplified="true" border="0.612 0.275 0.643" fill="0.459 0.729 1" mode="9"
 points="3.35738 4.83006,
	3.35822 4.82473,
	3.36067 4.81992,
	3.36449 4.8161,
	3.3693 4.81365,
	3.37464 4.8128,
	3.37997 4.81365,
	3.38478 4.8161,
	3.3886 4.81992,
	3.39105 4.82473,
	3.3919 4.83006,
	3.39105 4.8354,
	3.3886 4.84021,
	3.38478 4.84402,
	3.37997 4.84648,
	3.37464 4.84732,
	3.3693 4.84648,
	3.36449 4.84402,
	3.36067 4.84021,
	"/>
<Contour name="Ea4(v367)" hidden="false" closed="true" simplified="true" border="0.612 0.275 0.643" fill="0.459 0.729 1" mode="9"
 points="3.29985 4.78979,
	3.30084 4.78357,
	3.3037 4.77796,
	3.30815 4.7735,
	3.31376 4.77064,
	3.31999 4.76966,
	3.32621 4.77064,
	3.33182 4.7735,
	3.33628 4.77796,
	3.33914 4.78357,
	3.34012 4.78979,
	3.33914 4.79602,
	3.33628 4.80163,
	3.33182 4.80608,
	3.32621 4.80894,
	3.31999 4.80993,
	3.31376 4.80894,
	3.30815 4.80608,
	3.3037 4.80163,
	"/>
<Contour name="Ea4(v368)" hidden="false" closed="true" simplified="true" border="0.612 0.275 0.643" fill="0.459 0.729 1" mode="9"
 points="3.343 4.7826,
	3.34391 4.77682,
	3.34657 4.77161,
	3.3507 4.76748,
	3.35592 4.76482,
	3.36169 4.76391,
	3.36747 4.76482,
	3.37268 4.76748,
	3.37682 4.77161,
	3.37947 4.77682,
	3.38039 4.7826,
	3.37947 4.78838,
	3.37682 4.79359,
	3.37268 4.79773,
	3.36747 4.80038,
	3.36169 4.8013,
	3.35592 4.80038,
	3.3507 4.79773,
	3.34657 4.79359,
	"/>
<Contour name="Ea4(v369)" hidden="false" closed="true" simplified="true" border="0.612 0.275 0.643" fill="0.459 0.729 1" mode="9"
 points="3.3545 4.72795,
	3.35542 4.72217,
	3.35807 4.71696,
	3.36221 4.71283,
	3.36742 4.71017,
	3.3732 4.70925,
	3.37898 4.71017,
	3.38419 4.71283,
	3.38832 4.71696,
	3.39098 4.72217,
	3.3919 4.72795,
	3.39098 4.73373,
	3.38832 4.73894,
	3.38419 4.74308,
	3.37898 4.74573,
	3.3732 4.74665,
	3.36742 4.74573,
	3.36221 4.74308,
	3.35807 4.73894,
	"/>
<Contour name="Ea4(v371)" hidden="false" closed="true" simplified="true" border="0.612 0.275 0.643" fill="0.459 0.729 1" mode="9"
 points="3.42641 4.50503,
	3.42733 4.49925,
	3.42998 4.49404,
	3.43412 4.48991,
	3.43933 4.48725,
	3.44511 4.48634,
	3.45089 4.48725,
	3.4561 4.48991,
	3.46023 4.49404,
	3.46289 4.49925,
	3.4638 4.50503,
	3.46289 4.51081,
	3.46023 4.51602,
	3.4561 4.52016,
	3.45089 4.52281,
	3.44511 4.52373,
	3.43933 4.52281,
	3.43412 4.52016,
	3.42998 4.51602,
	"/>
<Contour name="Ea4(v372)" hidden="false" closed="true" simplified="true" border="0.612 0.275 0.643" fill="0.459 0.729 1" mode="9"
 points="3.47531 4.50072,
	3.47623 4.4945,
	3.47888 4.48888,
	3.48302 4.48443,
	3.48823 4.48157,
	3.49401 4.48058,
	3.49978 4.48157,
	3.505 4.48443,
	3.50913 4.48888,
	3.51179 4.4945,
	3.5127 4.50072,
	3.51179 4.50694,
	3.50913 4.51255,
	3.505 4.51701,
	3.49978 4.51987,
	3.49401 4.52085,
	3.48823 4.51987,
	3.48302 4.51701,
	3.47888 4.51255,
	"/>
<Contour name="Ea4(v373)" hidden="false" closed="true" simplified="true" border="0.612 0.275 0.643" fill="0.459 0.729 1" mode="9"
 points="3.44367 4.4662,
	3.44451 4.46087,
	3.44697 4.45606,
	3.45078 4.45224,
	3.4556 4.44979,
	3.46093 4.44894,
	3.46626 4.44979,
	3.47107 4.45224,
	3.47489 4.45606,
	3.47734 4.46087,
	3.47819 4.4662,
	3.47734 4.47153,
	3.47489 4.47634,
	3.47107 4.48016,
	3.46626 4.48261,
	3.46093 4.48346,
	3.4556 4.48261,
	3.45078 4.48016,
	3.44697 4.47634,
	"/>
<Contour name="Ea4(v374)" hidden="false" closed="true" simplified="true" border="0.612 0.275 0.643" fill="0.459 0.729 1" mode="9"
 points="3.37751 4.50216,
	3.37843 4.49638,
	3.38108 4.49117,
	3.38522 4.48703,
	3.39043 4.48437,
	3.39621 4.48346,
	3.40199 4.48437,
	3.4072 4.48703,
	3.41134 4.49117,
	3.41399 4.49638,
	3.41491 4.50216,
	3.41399 4.50793,
	3.41134 4.51314,
	3.4072 4.51728,
	3.40199 4.51994,
	3.39621 4.52085,
	3.39043 4.51994,
	3.38522 4.51728,
	3.38108 4.51314,
	"/>
<Contour name="Ea4(v375)" hidden="false" closed="true" simplified="true" border="0.612 0.275 0.643" fill="0.459 0.729 1" mode="9"
 points="3.36026 4.45182,
	3.36124 4.4456,
	3.3641 4.43998,
	3.36855 4.43553,
	3.37417 4.43267,
	3.38039 4.43168,
	3.38661 4.43267,
	3.39222 4.43553,
	3.39668 4.43998,
	3.39954 4.4456,
	3.40052 4.45182,
	3.39954 4.45804,
	3.39668 4.46365,
	3.39222 4.46811,
	3.38661 4.47097,
	3.38039 4.47195,
	3.37417 4.47097,
	3.36855 4.46811,
	3.3641 4.46365,
	"/>
<Contour name="Ea4(v376)" hidden="false" closed="true" simplified="true" border="0.612 0.275 0.643" fill="0.459 0.729 1" mode="9"
 points="3.31423 4.44175,
	3.31515 4.43597,
	3.3178 4.43076,
	3.32194 4.42663,
	3.32715 4.42397,
	3.33293 4.42306,
	3.33871 4.42397,
	3.34392 4.42663,
	3.34806 4.43076,
	3.35071 4.43597,
	3.35163 4.44175,
	3.35071 4.44753,
	3.34806 4.45274,
	3.34392 4.45688,
	3.33871 4.45953,
	3.33293 4.46045,
	3.32715 4.45953,
	3.32194 4.45688,
	3.3178 4.45274,
	"/>
<Contour name="Ea4(v377)" hidden="false" closed="true" simplified="true" border="0.612 0.275 0.643" fill="0.459 0.729 1" mode="9"
 points="3.40052 4.42881,
	3.40137 4.42347,
	3.40382 4.41866,
	3.40764 4.41485,
	3.41245 4.41239,
	3.41778 4.41155,
	3.42312 4.41239,
	3.42793 4.41485,
	3.43174 4.41866,
	3.4342 4.42347,
	3.43504 4.42881,
	3.4342 4.43414,
	3.43174 4.43895,
	3.42793 4.44277,
	3.42312 4.44522,
	3.41778 4.44607,
	3.41245 4.44522,
	3.40764 4.44277,
	3.40382 4.43895,
	"/>
<Contour name="Ea4(v378)" hidden="false" closed="true" simplified="true" border="0.612 0.275 0.643" fill="0.459 0.729 1" mode="9"
 points="3.43792 4.39861,
	3.43876 4.39283,
	3.44121 4.38762,
	3.44503 4.38348,
	3.44984 4.38082,
	3.45518 4.37991,
	3.46051 4.38082,
	3.46532 4.38348,
	3.46914 4.38762,
	3.47159 4.39283,
	3.47243 4.39861,
	3.47159 4.40438,
	3.46914 4.4096,
	3.46532 4.41373,
	3.46051 4.41639,
	3.45518 4.4173,
	3.44984 4.41639,
	3.44503 4.41373,
	3.44121 4.4096,
	"/>
<Contour name="Ea4(v379)" hidden="false" closed="true" simplified="true" border="0.612 0.275 0.643" fill="0.459 0.729 1" mode="9"
 points="3.38039 4.34252,
	3.38123 4.33718,
	3.38369 4.33237,
	3.3875 4.32855,
	3.39231 4.3261,
	3.39765 4.32526,
	3.40298 4.3261,
	3.40779 4.32855,
	3.41161 4.33237,
	3.41406 4.33718,
	3.41491 4.34252,
	3.41406 4.34785,
	3.41161 4.35266,
	3.40779 4.35648,
	3.40298 4.35893,
	3.39765 4.35977,
	3.39231 4.35893,
	3.3875 4.35648,
	3.38369 4.35266,
	"/>
<Contour name="Ea4(v380)" hidden="false" closed="true" simplified="true" border="0.612 0.275 0.643" fill="0.459 0.729 1" mode="9"
 points="3.33724 4.3871,
	3.3383 4.38043,
	3.34136 4.37442,
	3.34614 4.36965,
	3.35215 4.36658,
	3.35882 4.36553,
	3.36548 4.36658,
	3.3715 4.36965,
	3.37627 4.37442,
	3.37933 4.38043,
	3.38039 4.3871,
	3.37933 4.39377,
	3.37627 4.39978,
	3.3715 4.40455,
	3.36548 4.40762,
	3.35882 4.40867,
	3.35215 4.40762,
	3.34614 4.40455,
	3.34136 4.39978,
	"/>
</Transform>

<Transform dim="0"
 xcoef=" 0 1 0 0 0 0"
 ycoef=" 0 0 1 0 0 0">
<Contour name="Ea4(v356)" hidden="false" closed="true" simplified="true" border="0.612 0.275 0.643" fill="0.459 0.729 1" mode="9"
 points="3.85212 5.07887,
	3.8531 5.07265,
	3.85596 5.06703,
	3.86042 5.06258,
	3.86603 5.05972,
	3.87225 5.05873,
	3.87847 5.05972,
	3.88409 5.06258,
	3.88854 5.06703,
	3.8914 5.07265,
	3.89238 5.07887,
	3.8914 5.08509,
	3.88854 5.0907,
	3.88409 5.09516,
	3.87847 5.09802,
	3.87225 5.099,
	3.86603 5.09802,
	3.86042 5.09516,
	3.85596 5.0907,
	"/>
</Transform>

<Transform dim="0"
 xcoef=" 0 1 0 0 0 0"
 ycoef=" 0 0 1 0 0 0">
<Contour name="Ea4(v358)" hidden="false" closed="true" simplified="true" border="0.612 0.275 0.643" fill="0.459 0.729 1" mode="9"
 points="3.78308 5.04291,
	3.78407 5.03714,
	3.78693 5.03192,
	3.79138 5.02779,
	3.797 5.02513,
	3.80322 5.02422,
	3.80944 5.02513,
	3.81505 5.02779,
	3.81951 5.03192,
	3.82237 5.03714,
	3.82335 5.04291,
	3.82237 5.04869,
	3.81951 5.0539,
	3.81505 5.05804,
	3.80944 5.0607,
	3.80322 5.06161,
	3.797 5.0607,
	3.79138 5.05804,
	3.78693 5.0539,
	"/>
</Transform>

<Transform dim="0"
 xcoef=" 0 1 0 0 0 0"
 ycoef=" 0 0 1 0 0 0">
<Contour name="Ea4(v448)" hidden="false" closed="true" simplified="true" border="0.612 0.275 0.643" fill="0.459 0.729 1" mode="9"
 points="3.46271 4.55348,
	3.46351 4.54758,
	3.46589 4.54208,
	3.46966 4.53736,
	3.47457 4.53374,
	3.4803 4.53147,
	3.48644 4.53069,
	3.49259 4.53147,
	3.49831 4.53374,
	3.50323 4.53736,
	3.507 4.54208,
	3.50937 4.54758,
	3.51018 4.55348,
	3.50937 4.55938,
	3.507 4.56487,
	3.50323 4.56959,
	3.49831 4.57321,
	3.49259 4.57549,
	3.48644 4.57627,
	3.4803 4.57549,
	3.47457 4.57321,
	3.46966 4.56959,
	3.46589 4.56487,
	"/>
</Transform>

<Transform dim="0"
 xcoef=" 0 1 0 0 0 0"
 ycoef=" 0 0 1 0 0 0">
<Contour name="Ea4(v456)" hidden="false" closed="true" simplified="true" border="0.612 0.275 0.643" fill="0.459 0.729 1" mode="9"
 points="3.79945 4.95483,
	3.80029 4.94952,
	3.80273 4.94474,
	3.80653 4.94094,
	3.81131 4.93851,
	3.81661 4.93767,
	3.82191 4.93851,
	3.8267 4.94094,
	3.83049 4.94474,
	3.83293 4.94952,
	3.83377 4.95483,
	3.83293 4.96013,
	3.83049 4.96491,
	3.8267 4.96871,
	3.82191 4.97114,
	3.81661 4.97198,
	3.81131 4.97114,
	3.80653 4.96871,
	3.80273 4.96491,
	"/>
<Contour name="Ea4(v457)" hidden="false" closed="true" simplified="true" border="0.612 0.275 0.643" fill="0.459 0.729 1" mode="9"
 points="3.40237 4.4695,
	3.40321 4.46382,
	3.40565 4.4587,
	3.40944 4.45463,
	3.41423 4.45202,
	3.41953 4.45112,
	3.42483 4.45202,
	3.42961 4.45463,
	3.43341 4.4587,
	3.43585 4.46382,
	3.43669 4.4695,
	3.43585 4.47518,
	3.43341 4.48031,
	3.42961 4.48437,
	3.42483 4.48699,
	3.41953 4.48789,
	3.41423 4.48699,
	3.40944 4.48437,
	3.40565 4.48031,
	"/>
</Transform>

<Transform dim="0"
 xcoef=" 0 1 0 0 0 0"
 ycoef=" 0 0 1 0 0 0">
<Contour name="Ea5" hidden="false" closed="true" simplified="true" border="0.984314 0.207843 0.0156863" fill="1 1 0.690196" mode="9"
 points="1.2795 5.55146,
	1.28704 5.51432,
	1.28762 5.50968,
	1.29633 5.49111,
	1.29923 5.48647,
	1.31548 5.4679,
	1.33056 5.44933,
	1.33927 5.44005,
	1.35784 5.42438,
	1.36248 5.42032,
	1.3648 5.41858,
	1.36944 5.41741,
	1.37873 5.41683,
	1.38801 5.41509,
	1.39729 5.41161,
	1.41586 5.40001,
	1.42515 5.39362,
	1.44372 5.37796,
	1.453 5.36983,
	1.45764 5.36577,
	1.47621 5.35475,
	1.4855 5.3501,
	1.49014 5.34778,
	1.50755 5.32921,
	1.51683 5.31993,
	1.52147 5.31529,
	1.54004 5.31006,
	1.55861 5.30252,
	1.56325 5.3002,
	1.5795 5.28163,
	1.61664 5.25784,
	1.62592 5.25262,
	1.64449 5.24565,
	1.64681 5.24507,
	1.65145 5.24101,
	1.67002 5.23347,
	1.67931 5.22999,
	1.68395 5.22825,
	1.68511 5.22825,
	1.68743 5.22651,
	1.72457 5.21664,
	1.74314 5.212,
	1.75242 5.20968,
	1.7617 5.20852,
	1.78027 5.20968,
	1.79884 5.20794,
	1.80813 5.20504,
	1.81277 5.20329,
	1.82205 5.20213,
	1.84062 5.20155,
	1.85919 5.20213,
	1.86383 5.20271,
	1.86615 5.20271,
	1.87486 5.212,
	1.87892 5.21664,
	1.88066 5.21896,
	1.87718 5.22825,
	1.87544 5.23289,
	1.87428 5.23521,
	1.86499 5.24275,
	1.84642 5.2561,
	1.83714 5.26306,
	1.8325 5.26712,
	1.82263 5.28511,
	1.82031 5.28976,
	1.81741 5.29904,
	1.81567 5.30832,
	1.81567 5.32689,
	1.81567 5.33618,
	1.81567 5.34082,
	1.81567 5.34314,
	1.82379 5.35242,
	1.82786 5.35707,
	1.83018 5.35939,
	1.84004 5.37796,
	1.847 5.38724,
	1.84816 5.38956,
	1.84933 5.40813,
	1.84933 5.41277,
	1.84584 5.42206,
	1.84062 5.43134,
	1.83772 5.43598,
	1.83482 5.44527,
	1.8325 5.44991,
	1.83134 5.45223,
	1.82205 5.46152,
	1.81277 5.46964,
	1.80348 5.47312,
	1.7942 5.47834,
	1.78956 5.48066,
	1.78027 5.48821,
	1.77099 5.49749,
	1.76635 5.50213,
	1.76403 5.50446,
	1.75474 5.50968,
	1.7501 5.512,
	1.74198 5.52128,
	1.73733 5.53057,
	1.73153 5.54914,
	1.72979 5.55378,
	1.72863 5.5561,
	1.7118 5.57467,
	1.70774 5.57931,
	1.70484 5.58859,
	1.70252 5.60716,
	1.70194 5.61645,
	1.7031 5.63502,
	1.70252 5.6443,
	1.69845 5.66287,
	1.69497 5.67215,
	1.69265 5.6768,
	1.6764 5.69536,
	1.6706 5.70465,
	1.66828 5.70929,
	1.65842 5.74643,
	1.65145 5.765,
	1.64797 5.77428,
	1.64623 5.77892,
	1.64333 5.78357,
	1.63462 5.79285,
	1.63114 5.79749,
	1.62708 5.81606,
	1.62476 5.82535,
	1.61606 5.84391,
	1.6149 5.84856,
	1.61199 5.8532,
	1.60793 5.85784,
	1.60271 5.86713,
	1.60039 5.87177,
	1.59285 5.88105,
	1.59052 5.88337,
	1.58124 5.8886,
	1.5766 5.8915,
	1.56731 5.89904,
	1.49304 5.93037,
	1.47447 5.93792,
	1.46519 5.9414,
	1.44662 5.94488,
	1.44197 5.94546,
	1.43269 5.94488,
	1.42805 5.9443,
	1.41876 5.93908,
	1.41412 5.93618,
	1.40484 5.92689,
	1.40252 5.92457,
	1.39381 5.906,
	1.39149 5.89672,
	1.39091 5.89208,
	1.39207 5.88279,
	1.39207 5.87815,
	1.38975 5.86887,
	1.38627 5.85958,
	1.38453 5.85494,
	1.37524 5.84682,
	1.3706 5.84275,
	1.36944 5.84043,
	1.3677 5.83115,
	1.36306 5.82651,
	1.35667 5.81722,
	1.34739 5.80794,
	1.34275 5.80504,
	1.33811 5.80039,
	1.31954 5.78821,
	1.31548 5.78357,
	1.31141 5.77428,
	1.30967 5.73714,
	1.30967 5.72786,
	1.31083 5.71858,
	1.30967 5.70001,
	1.30561 5.68144,
	1.29981 5.6443,
	1.29923 5.62573,
	1.29981 5.60716,
	1.30039 5.60252,
	1.29981 5.6002,
	1.28646 5.58163,
	1.2824 5.57235,
	1.28066 5.56771,
	1.2795 5.55842,
	1.2795 5.55378,
	1.2795 5.55204,
	"/>
</Transform>

<Transform dim="0"
 xcoef=" 0 1 0 0 0 0"
 ycoef=" 0 0 1 0 0 0">
<Contour name="Ea5(ER)" hidden="false" closed="true" simplified="true" border="0 0.882 0.882" fill="0.502 1 1" mode="9"
 points="1.54757 5.56503,
	1.54968 5.55829,
	1.55263 5.55155,
	1.55895 5.54481,
	1.56064 5.54312,
	1.57412 5.53723,
	1.57749 5.53554,
	1.58423 5.52964,
	1.58634 5.52627,
	1.59729 5.49931,
	1.60024 5.49256,
	1.60741 5.47908,
	1.60951 5.47234,
	1.61035 5.47065,
	1.6171 5.46391,
	1.62173 5.45717,
	1.62721 5.45085,
	1.63058 5.4479,
	1.63732 5.44453,
	1.64069 5.44285,
	1.64743 5.44495,
	1.6487 5.44622,
	1.6487 5.4597,
	1.64743 5.46644,
	1.64701 5.47992,
	1.64617 5.48667,
	1.64617 5.48835,
	1.64322 5.49509,
	1.63521 5.50857,
	1.62594 5.52206,
	1.6171 5.54902,
	1.61457 5.55576,
	1.6112 5.56251,
	1.60698 5.56925,
	1.59603 5.58273,
	1.58929 5.58947,
	1.58255 5.59495,
	1.5758 5.59663,
	1.57243 5.59748,
	1.56569 5.5979,
	1.56485 5.5979,
	1.55853 5.592,
	1.5539 5.58526,
	1.55052 5.57852,
	1.54884 5.57515,
	1.548 5.57178,
	1.54757 5.56546,
	"/>
</Transform>

<Transform dim="0"
 xcoef=" 0 1 0 0 0 0"
 ycoef=" 0 0 1 0 0 0">
<Contour name="Ea5(ER)" hidden="false" closed="true" simplified="true" border="0 0.882 0.882" fill="0.502 1 1" mode="9"
 points="1.62632 5.38742,
	1.62981 5.37151,
	1.6303 5.3556,
	1.6308 5.34765,
	1.63378 5.34367,
	1.63527 5.34168,
	1.64323 5.34118,
	1.65119 5.34516,
	1.65914 5.35262,
	1.66312 5.3556,
	1.6666 5.35958,
	1.68251 5.36903,
	1.684 5.37151,
	1.684 5.37201,
	1.684 5.37748,
	1.67654 5.39339,
	1.66759 5.4093,
	1.66511 5.41328,
	1.65765 5.41974,
	1.65367 5.42173,
	1.64969 5.42024,
	1.64174 5.41477,
	1.63776 5.41179,
	1.63627 5.4098,
	1.63527 5.40582,
	1.63478 5.40383,
	1.62931 5.39588,
	1.62632 5.38792,
	"/>
</Transform>

<Transform dim="0"
 xcoef=" 0 1 0 0 0 0"
 ycoef=" 0 0 1 0 0 0">
<Contour name="Ea3" hidden="false" closed="true" simplified="true" border="0.984 0.208 0.016" fill="1 1 0.69" mode="9"
 points="2.08789 5.05512,
	2.09763 5.04965,
	2.1025 5.04721,
	2.11223 5.0393,
	2.1171 5.03565,
	2.11954 5.02591,
	2.12075 5.02105,
	2.13049 5.01679,
	2.14023 5.01739,
	2.1451 5.018,
	2.16457 5.02774,
	2.17431 5.03382,
	2.19378 5.04356,
	2.19865 5.0466,
	2.20838 5.05512,
	2.21082 5.05756,
	2.2023 5.06729,
	2.19986 5.06973,
	2.19743 5.07034,
	2.18769 5.06851,
	2.16822 5.06729,
	2.15848 5.06669,
	2.15362 5.06669,
	2.13414 5.06243,
	2.12441 5.06182,
	2.10493 5.06486,
	2.1025 5.06547,
	2.09276 5.06364,
	2.09033 5.06364,
	2.08789 5.06243,
	2.08789 5.05756,
	2.08789 5.05573,
	"/>
</Transform>

<Transform dim="0"
 xcoef=" 0 1 0 0 0 0"
 ycoef=" 0 0 1 0 0 0">
<Contour name="Ea5(endo8)" hidden="false" closed="true" simplified="true" border="1 1 0.501961" fill="1 1 0.69" mode="9"
 points="1.6076 5.75833,
	1.60928 5.75293,
	1.61029 5.75023,
	1.61401 5.74483,
	1.61569 5.74214,
	1.6167 5.74079,
	1.6221 5.73741,
	1.6275 5.73505,
	1.63256 5.73201,
	1.63357 5.72932,
	1.63391 5.72662,
	1.63189 5.72122,
	1.63155 5.71582,
	1.62042 5.69423,
	1.61974 5.68343,
	1.62008 5.67803,
	1.62042 5.67534,
	1.62042 5.67399,
	1.62413 5.66859,
	1.62581 5.66589,
	1.63492 5.65509,
	1.64032 5.65071,
	1.64302 5.64868,
	1.64842 5.64598,
	1.65382 5.64396,
	1.65652 5.64295,
	1.66191 5.64227,
	1.66461 5.64194,
	1.66596 5.6416,
	1.67136 5.64328,
	1.67271 5.64362,
	1.67642 5.64902,
	1.67844 5.65172,
	1.67912 5.65307,
	1.67912 5.66386,
	1.67844 5.66926,
	1.67541 5.68006,
	1.67305 5.68546,
	1.6717 5.68816,
	1.66731 5.69355,
	1.66124 5.70435,
	1.65753 5.70975,
	1.65584 5.71245,
	1.65112 5.71784,
	1.64943 5.72054,
	1.64741 5.72594,
	1.64774 5.73674,
	1.64909 5.74753,
	1.64943 5.74888,
	1.64673 5.75968,
	1.64504 5.76508,
	1.64235 5.77048,
	1.63897 5.77587,
	1.63425 5.78127,
	1.62885 5.78397,
	1.6275 5.78465,
	1.6221 5.78397,
	1.6167 5.78262,
	1.61401 5.77992,
	1.61266 5.77857,
	1.61029 5.77317,
	1.60962 5.77182,
	1.60793 5.76103,
	1.6076 5.75867,
	"/>
</Transform>

<Transform dim="0"
 xcoef=" 0 1 0 0 0 0"
 ycoef=" 0 0 1 0 0 0">
<Contour name="Ea2" hidden="false" closed="true" simplified="true" border="0.984 0.208 0.016" fill="1 1 0.69" mode="9"
 points="2.51275 2.75703,
	2.51387 2.74803,
	2.51443 2.74353,
	2.51331 2.73453,
	2.51331 2.72553,
	2.51443 2.72103,
	2.51893 2.71653,
	2.52118 2.71428,
	2.52568 2.71259,
	2.53018 2.71203,
	2.53468 2.71315,
	2.54312 2.72216,
	2.54818 2.73116,
	2.55156 2.73566,
	2.55606 2.73847,
	2.56056 2.74016,
	2.56956 2.74072,
	2.57856 2.74353,
	2.58306 2.74522,
	2.58531 2.74634,
	2.58981 2.75084,
	2.59262 2.75534,
	2.59712 2.75928,
	2.60162 2.76209,
	2.60612 2.76322,
	2.62413 2.76378,
	2.63313 2.76547,
	2.65113 2.77841,
	2.66013 2.7846,
	2.67813 2.80147,
	2.68544 2.81047,
	2.69725 2.82847,
	2.70344 2.83747,
	2.7085 2.84647,
	2.71132 2.85097,
	2.72032 2.85997,
	2.72932 2.8656,
	2.73382 2.8701,
	2.73607 2.87235,
	2.74057 2.87347,
	2.74957 2.87179,
	2.75407 2.87066,
	2.75632 2.8701,
	2.77432 2.8746,
	2.77882 2.87629,
	2.78107 2.87741,
	2.78219 2.87741,
	2.7912 2.88473,
	2.79401 2.89373,
	2.80076 2.92973,
	2.8047 2.93873,
	2.80976 2.94773,
	2.81088 2.94998,
	2.81538 2.95335,
	2.85139 2.96967,
	2.86039 2.97304,
	2.87839 2.98148,
	2.91439 2.99217,
	2.92339 2.99667,
	2.93239 3.00229,
	2.95039 3.01579,
	2.95939 3.02367,
	2.9667 3.03267,
	2.98414 3.06867,
	2.98808 3.07767,
	2.99089 3.08667,
	2.99202 3.09567,
	3.00045 3.11367,
	3.00495 3.12267,
	3.00777 3.12717,
	3.01677 3.13336,
	3.03477 3.14292,
	3.03927 3.14742,
	3.04433 3.15642,
	3.04771 3.16093,
	3.05671 3.16655,
	3.07471 3.17443,
	3.09271 3.18343,
	3.10171 3.18849,
	3.11071 3.19468,
	3.11521 3.19693,
	3.12365 3.20593,
	3.13377 3.24193,
	3.14277 3.25993,
	3.15459 3.27793,
	3.16865 3.29593,
	3.17821 3.31393,
	3.19396 3.34993,
	3.21196 3.38594,
	3.22153 3.40394,
	3.23278 3.42194,
	3.2384 3.43094,
	3.24122 3.43994,
	3.24965 3.45794,
	3.25528 3.46694,
	3.25865 3.47144,
	3.26034 3.47594,
	3.26653 3.48494,
	3.26878 3.48944,
	3.27722 3.49844,
	3.28059 3.50294,
	3.28847 3.52094,
	3.29128 3.52994,
	3.29184 3.53444,
	3.29016 3.54344,
	3.28509 3.55244,
	3.28059 3.55638,
	3.26259 3.56707,
	3.24459 3.57607,
	3.23559 3.57776,
	3.21759 3.57382,
	3.19959 3.57101,
	3.19059 3.56819,
	3.18159 3.56651,
	3.17259 3.56257,
	3.16359 3.55751,
	3.16134 3.55638,
	3.14334 3.55582,
	3.13434 3.55582,
	3.12534 3.55188,
	3.12084 3.54907,
	3.11183 3.54625,
	3.09383 3.54569,
	3.09158 3.54569,
	3.08258 3.54907,
	3.07808 3.55076,
	3.07358 3.55132,
	3.05558 3.54738,
	3.03758 3.54119,
	3.02858 3.53782,
	3.02408 3.535,
	3.01508 3.52657,
	3.00833 3.51757,
	3.00383 3.51419,
	2.99483 3.51138,
	2.97683 3.508,
	2.97458 3.50744,
	2.95658 3.51419,
	2.95208 3.51644,
	2.94983 3.51757,
	2.9487 3.51813,
	2.94251 3.51869,
	2.93801 3.51869,
	2.93689 3.51869,
	2.93351 3.51813,
	2.92901 3.51644,
	2.92001 3.51025,
	2.90201 3.49394,
	2.89301 3.48775,
	2.88401 3.48269,
	2.87951 3.48044,
	2.86151 3.46638,
	2.84351 3.45344,
	2.82551 3.44388,
	2.78951 3.41744,
	2.77151 3.40337,
	2.75351 3.38537,
	2.74001 3.36737,
	2.73663 3.36287,
	2.72763 3.34487,
	2.722 3.33587,
	2.71469 3.32687,
	2.70569 3.31956,
	2.70119 3.31618,
	2.68319 3.30662,
	2.67419 3.30099,
	2.66688 3.29199,
	2.65788 3.27399,
	2.65506 3.26499,
	2.65225 3.24699,
	2.65056 3.22899,
	2.65 3.21099,
	2.6455 3.19299,
	2.63425 3.15699,
	2.61512 3.12099,
	2.61062 3.11199,
	2.60781 3.10298,
	2.60725 3.10073,
	2.61119 3.08273,
	2.61175 3.07823,
	2.60894 3.06923,
	2.59262 3.03323,
	2.58812 3.01523,
	2.58531 2.97923,
	2.58306 2.97023,
	2.57575 2.95223,
	2.55718 2.88022,
	2.53975 2.84422,
	2.53187 2.82622,
	2.53075 2.82172,
	2.52962 2.81947,
	2.53075 2.81497,
	2.52737 2.79697,
	2.52006 2.77897,
	2.51612 2.76997,
	2.51387 2.76097,
	2.51331 2.75872,
	2.51275 2.75759,
	"/>
</Transform>

<Transform dim="0"
 xcoef=" 0 1 0 0 0 0"
 ycoef=" 0 0 1 0 0 0">
<Contour name="Ea4(ER)" hidden="false" closed="true" simplified="true" border="0.580392 0.988235 0.87451" fill="0.733 0.753 0.949" mode="9"
 points="3.84147 4.90723,
	3.84915 4.89571,
	3.8553 4.89341,
	3.85837 4.89264,
	3.87065 4.89648,
	3.8768 4.89955,
	3.88601 4.91184,
	3.89292 4.93641,
	3.9029 4.96098,
	3.90367 4.96405,
	3.91442 4.97633,
	3.91979 4.98171,
	3.92287 4.98401,
	3.9244 4.98555,
	3.9244 4.99783,
	3.9244 5.0009,
	3.91826 5.00474,
	3.91519 5.00628,
	3.9029 4.99783,
	3.89676 4.99323,
	3.89292 4.98094,
	3.8814 4.96866,
	3.87142 4.95637,
	3.8599 4.94562,
	3.85069 4.93334,
	3.84762 4.92719,
	3.84608 4.92412,
	3.84608 4.92259,
	3.84455 4.92105,
	3.84147 4.90876,
	3.84147 4.908,
	"/>
</Transform>

<Transform dim="0"
 xcoef=" 0 1 0 0 0 0"
 ycoef=" 0 0 1 0 0 0">
<Contour name="Ea4(ER)" hidden="false" closed="true" simplified="true" border="0.580392 0.988235 0.87451" fill="0.733 0.753 0.949" mode="9"
 points="4.69377 5.88238,
	4.69991 5.87624,
	4.70145 5.87547,
	4.70759 5.877,
	4.7145 5.88852,
	4.71757 5.90081,
	4.71911 5.90695,
	4.72295 5.91309,
	4.73293 5.92538,
	4.73754 5.93152,
	4.74291 5.94381,
	4.74445 5.94995,
	4.74445 5.97452,
	4.74445 5.9868,
	4.74445 5.99295,
	4.74445 5.99602,
	4.74138 6.00216,
	4.73984 6.00523,
	4.73677 6.006,
	4.7337 6.00523,
	4.72909 5.99295,
	4.72295 5.98066,
	4.72065 5.97452,
	4.71681 5.94995,
	4.7145 5.93766,
	4.70222 5.91309,
	4.69761 5.90081,
	4.69454 5.88852,
	4.69377 5.88315,
	"/>
</Transform>

<Transform dim="0"
 xcoef=" 0 1 0 0 0 0"
 ycoef=" 0 0 1 0 0 0">
<Contour name="Ea4" hidden="false" closed="true" simplified="true" border="0.984 0.208 0.016" fill="1 1 0.69" mode="9"
 points="3.24979 4.30604,
	3.25225 4.29948,
	3.25348 4.2962,
	3.26004 4.29005,
	3.26086 4.28923,
	3.26742 4.28882,
	3.2707 4.28964,
	3.27399 4.29169,
	3.28055 4.29251,
	3.28383 4.29456,
	3.29696 4.29907,
	3.31008 4.30194,
	3.31664 4.30399,
	3.31992 4.30522,
	3.33305 4.30686,
	3.34617 4.30727,
	3.3593 4.30891,
	3.36586 4.31014,
	3.37242 4.3122,
	3.38555 4.31794,
	3.4118 4.3204,
	3.42492 4.32204,
	3.45118 4.33147,
	3.4643 4.33598,
	3.47743 4.33968,
	3.48399 4.34173,
	3.48727 4.34296,
	3.48891 4.34378,
	3.49547 4.34952,
	3.50286 4.36264,
	3.50409 4.36593,
	3.50614 4.37905,
	3.50614 4.38233,
	3.50942 4.39546,
	3.51147 4.40202,
	3.51434 4.40858,
	3.51762 4.42171,
	3.51967 4.42827,
	3.52664 4.4414,
	3.53977 4.45452,
	3.5533 4.48077,
	3.55946 4.4939,
	3.56479 4.50702,
	3.56684 4.51358,
	3.56807 4.52015,
	3.56807 4.52343,
	3.57463 4.53655,
	3.57627 4.53983,
	3.58858 4.55296,
	3.60827 4.57921,
	3.61565 4.59233,
	3.62057 4.5989,
	3.62262 4.60218,
	3.63575 4.6153,
	3.64231 4.62064,
	3.662 4.64689,
	3.67061 4.66001,
	3.68086 4.67314,
	3.69399 4.68585,
	3.70055 4.69118,
	3.71368 4.70349,
	3.73993 4.72359,
	3.75305 4.73548,
	3.76413 4.7486,
	3.77315 4.76173,
	3.77807 4.76829,
	3.78997 4.78142,
	3.80268 4.79454,
	3.80924 4.8007,
	3.82237 4.81013,
	3.83549 4.82079,
	3.84083 4.82736,
	3.84739 4.83187,
	3.85395 4.83474,
	3.85723 4.83556,
	3.86051 4.83761,
	3.872 4.85073,
	3.87856 4.8573,
	3.88184 4.86058,
	3.90809 4.87411,
	3.93434 4.88642,
	3.94091 4.8897,
	3.94747 4.89421,
	3.95403 4.90036,
	3.95936 4.90693,
	3.96593 4.91144,
	3.99218 4.92538,
	4.01843 4.94056,
	4.0213 4.94384,
	4.02335 4.95697,
	4.02212 4.96353,
	4.02171 4.96517,
	4.02335 4.97173,
	4.02909 4.98486,
	4.03319 4.99142,
	4.03893 4.99798,
	4.06518 5.01767,
	4.07749 5.03079,
	4.08856 5.04392,
	4.09102 5.0472,
	4.10415 5.05828,
	4.11727 5.06771,
	4.1304 5.07632,
	4.15665 5.09601,
	4.16321 5.10052,
	4.17634 5.10708,
	4.1829 5.10585,
	4.18618 5.10544,
	4.18782 5.10503,
	4.18864 5.10462,
	4.20177 5.11119,
	4.20833 5.11611,
	4.2112 5.11939,
	4.2194 5.13251,
	4.22392 5.13908,
	4.22474 5.14072,
	4.2313 5.14646,
	4.2838 5.17394,
	4.29692 5.18091,
	4.32317 5.19814,
	4.34942 5.21209,
	4.36255 5.21906,
	4.37567 5.22849,
	4.3888 5.23587,
	4.40192 5.2449,
	4.40849 5.25023,
	4.41177 5.25351,
	4.41423 5.25679,
	4.44048 5.27033,
	4.45361 5.28304,
	4.45812 5.28961,
	4.46099 5.29617,
	4.46468 5.30929,
	4.46386 5.31586,
	4.46345 5.31914,
	4.46222 5.32242,
	4.46304 5.32898,
	4.46304 5.33226,
	4.47575 5.35851,
	4.49134 5.38476,
	4.50323 5.39789,
	4.50939 5.41101,
	4.51431 5.42414,
	4.52784 5.45039,
	4.52866 5.45367,
	4.52866 5.45449,
	4.52948 5.4549,
	4.52948 5.45654,
	4.53236 5.4631,
	4.53482 5.46638,
	4.53564 5.46802,
	4.5422 5.47459,
	4.54548 5.47787,
	4.55163 5.48238,
	4.56476 5.49551,
	4.57214 5.50863,
	4.57501 5.51519,
	4.57665 5.52176,
	4.57788 5.52504,
	4.57829 5.52668,
	4.57952 5.52832,
	4.57952 5.52996,
	4.58157 5.53324,
	4.5824 5.53652,
	4.5865 5.54308,
	4.58773 5.54472,
	4.58814 5.54637,
	4.59265 5.55293,
	4.59306 5.55457,
	4.59511 5.55785,
	4.59552 5.55949,
	4.60824 5.57262,
	4.61152 5.57385,
	4.61808 5.57877,
	4.62136 5.57959,
	4.62218 5.57959,
	4.62259 5.58041,
	4.62874 5.58082,
	4.63572 5.58451,
	4.66197 5.60338,
	4.68822 5.62389,
	4.70134 5.63414,
	4.7079 5.63947,
	4.7198 5.6526,
	4.72923 5.66572,
	4.73744 5.67885,
	4.74113 5.68541,
	4.74277 5.68869,
	4.76163 5.71494,
	4.7883 5.76744,
	4.79978 5.79369,
	4.80962 5.81994,
	4.81249 5.83307,
	4.8129 5.83963,
	4.81167 5.85275,
	4.80675 5.86588,
	4.80593 5.86916,
	4.80634 5.88229,
	4.80757 5.88885,
	4.80962 5.89541,
	4.81003 5.89869,
	4.81003 5.90033,
	4.81167 5.90361,
	4.81742 5.91018,
	4.82029 5.91346,
	4.82685 5.91797,
	4.83218 5.92453,
	4.83916 5.93766,
	4.83957 5.94422,
	4.83505 5.97047,
	4.83218 5.9836,
	4.82972 5.99016,
	4.82316 6.00328,
	4.81906 6.00985,
	4.81249 6.01641,
	4.80593 6.02092,
	4.80265 6.02297,
	4.79937 6.02584,
	4.79773 6.02666,
	4.79076 6.03979,
	4.78912 6.04307,
	4.78378 6.04963,
	4.7805 6.05291,
	4.77886 6.05455,
	4.76574 6.06153,
	4.75917 6.06563,
	4.75589 6.0685,
	4.75261 6.07055,
	4.74605 6.07629,
	4.73949 6.07916,
	4.73292 6.07998,
	4.72964 6.07957,
	4.71652 6.0726,
	4.71324 6.07014,
	4.71078 6.06686,
	4.70708 6.0603,
	4.70052 6.05455,
	4.69765 6.05127,
	4.69396 6.04471,
	4.69314 6.04307,
	4.69273 6.03979,
	4.6915 6.03651,
	4.68945 6.03322,
	4.68781 6.03158,
	4.68494 6.02502,
	4.6837 6.0119,
	4.68535 5.99877,
	4.68617 5.99713,
	4.68658 5.99057,
	4.6874 5.98729,
	4.68699 5.96104,
	4.6874 5.94791,
	4.68699 5.93479,
	4.68576 5.92166,
	4.68452 5.9151,
	4.68042 5.90197,
	4.67509 5.88885,
	4.66894 5.87572,
	4.66607 5.86916,
	4.66525 5.86752,
	4.66402 5.8544,
	4.66361 5.84127,
	4.6632 5.83471,
	4.66402 5.82814,
	4.66361 5.82158,
	4.6632 5.8183,
	4.65704 5.80518,
	4.65622 5.80354,
	4.65048 5.79697,
	4.63531 5.77072,
	4.63284 5.76744,
	4.62956 5.76088,
	4.62751 5.75432,
	4.6271 5.74119,
	4.6271 5.73463,
	4.62587 5.72807,
	4.62505 5.72478,
	4.62136 5.71822,
	4.60865 5.69197,
	4.607 5.68869,
	4.60331 5.67557,
	4.59101 5.64932,
	4.58937 5.64603,
	4.58486 5.63947,
	4.57337 5.62635,
	4.56763 5.61978,
	4.56435 5.6165,
	4.55368 5.60338,
	4.55204 5.60174,
	4.54548 5.58861,
	4.54302 5.58205,
	4.54261 5.57549,
	4.53974 5.56892,
	4.534 5.56236,
	4.53072 5.55949,
	4.51759 5.55416,
	4.51431 5.55252,
	4.50118 5.54144,
	4.48806 5.53447,
	4.4815 5.52914,
	4.47575 5.52258,
	4.47247 5.51929,
	4.46796 5.51273,
	4.46099 5.49961,
	4.45935 5.49633,
	4.45443 5.48976,
	4.44827 5.4832,
	4.44376 5.47664,
	4.44007 5.47008,
	4.43843 5.46679,
	4.4331 5.46023,
	4.42982 5.45736,
	4.40357 5.44218,
	4.39044 5.43111,
	4.38511 5.42455,
	4.37608 5.41142,
	4.37198 5.40486,
	4.37034 5.40158,
	4.36706 5.39871,
	4.31456 5.37246,
	4.28831 5.35933,
	4.27519 5.35359,
	4.26862 5.35072,
	4.26534 5.34867,
	4.26206 5.3458,
	4.25632 5.33267,
	4.25468 5.32611,
	4.25386 5.31955,
	4.25345 5.31627,
	4.25222 5.31298,
	4.25017 5.3097,
	4.2436 5.30519,
	4.21735 5.29084,
	4.21079 5.28632,
	4.19767 5.27402,
	4.17716 5.24777,
	4.17388 5.24449,
	4.16075 5.23793,
	4.14763 5.23505,
	4.14434 5.23464,
	4.1427 5.23423,
	4.14188 5.23382,
	4.12876 5.2371,
	4.11563 5.24162,
	4.10907 5.24285,
	4.10579 5.24326,
	4.09923 5.24244,
	4.09595 5.24244,
	4.08282 5.23875,
	4.0697 5.23177,
	4.06313 5.22726,
	4.05657 5.22152,
	4.05329 5.21824,
	4.04016 5.20962,
	4.02704 5.20265,
	4.02048 5.19896,
	4.0172 5.19691,
	4.01063 5.19035,
	3.98438 5.17681,
	3.9811 5.17517,
	3.97454 5.17394,
	3.96798 5.17353,
	3.96469 5.17271,
	3.93844 5.15958,
	3.93188 5.1563,
	3.92532 5.15425,
	3.91219 5.15179,
	3.90563 5.14974,
	3.87938 5.13703,
	3.86626 5.13087,
	3.85313 5.12841,
	3.84657 5.12636,
	3.84001 5.12513,
	3.81376 5.11242,
	3.80063 5.10462,
	3.79407 5.09847,
	3.78874 5.09191,
	3.78217 5.08658,
	3.75592 5.07345,
	3.7428 5.07181,
	3.73624 5.07099,
	3.70999 5.05828,
	3.70342 5.05746,
	3.69686 5.0554,
	3.67061 5.05294,
	3.65749 5.05253,
	3.65092 5.05253,
	3.64764 5.05253,
	3.63452 5.04679,
	3.62139 5.04228,
	3.61483 5.04064,
	3.58858 5.03859,
	3.57545 5.03818,
	3.56889 5.03777,
	3.56233 5.03572,
	3.56069 5.03613,
	3.54756 5.03285,
	3.541 5.03079,
	3.51475 5.01931,
	3.4885 5.01152,
	3.47537 5.00454,
	3.46881 5.00085,
	3.46553 4.9988,
	3.46102 4.99224,
	3.45733 4.98568,
	3.4442 4.97911,
	3.43764 4.97624,
	3.42451 4.97214,
	3.41139 4.96927,
	3.40811 4.96886,
	3.40155 4.96968,
	3.39498 4.96845,
	3.3917 4.96763,
	3.39006 4.96763,
	3.37694 4.96107,
	3.37037 4.95738,
	3.35725 4.94712,
	3.331 4.92333,
	3.31828 4.91021,
	3.31664 4.90857,
	3.29039 4.85607,
	3.28383 4.84294,
	3.28055 4.83638,
	3.2785 4.82982,
	3.27645 4.81669,
	3.28014 4.79044,
	3.28137 4.77732,
	3.28383 4.77075,
	3.31008 4.71825,
	3.3351 4.692,
	3.3474 4.67888,
	3.3675 4.65263,
	3.37324 4.64606,
	3.37981 4.63991,
	3.39293 4.62966,
	3.39539 4.62638,
	3.40155 4.61325,
	3.4036 4.60669,
	3.40606 4.58044,
	3.40647 4.57716,
	3.39293 4.55091,
	3.38883 4.54435,
	3.3835 4.53778,
	3.38022 4.5345,
	3.37365 4.52958,
	3.3675 4.52302,
	3.36299 4.51645,
	3.34946 4.4902,
	3.34084 4.47708,
	3.33756 4.47503,
	3.331 4.47298,
	3.32936 4.47257,
	3.32854 4.47216,
	3.32526 4.47298,
	3.31213 4.466,
	3.30762 4.45944,
	3.29449 4.43319,
	3.29121 4.42663,
	3.28957 4.42335,
	3.28711 4.41022,
	3.28588 4.40366,
	3.28588 4.40038,
	3.25963 4.34788,
	3.25348 4.33475,
	3.25184 4.32819,
	3.25143 4.32491,
	3.25225 4.31835,
	3.25143 4.31178,
	3.25102 4.3085,
	3.2502 4.30686,
	3.24979 4.30645,
	"/>
</Transform>

<Transform dim="0"
 xcoef=" 0 1 0 0 0 0"
 ycoef=" 0 0 1 0 0 0">
<Contour name="Ea2(ER)" hidden="false" closed="true" simplified="true" border="0.607843 0.768627 0.956863" fill="0.733333 0.752941 0.94902" mode="9"
 points="2.83903 3.02323,
	2.84351 3.0113,
	2.85171 2.99937,
	2.85768 2.99564,
	2.86066 2.9934,
	2.86663 2.99564,
	2.87259 2.99937,
	2.87557 3.00086,
	2.87856 3.00682,
	2.88079 3.01876,
	2.88079 3.02472,
	2.8793 3.03069,
	2.87781 3.03367,
	2.87483 3.05754,
	2.87557 3.0635,
	2.87632 3.06648,
	2.87557 3.06947,
	2.86961 3.0717,
	2.86812 3.07245,
	2.86215 3.06798,
	2.85693 3.05604,
	2.84276 3.03218,
	2.83978 3.02621,
	2.83903 3.02398,
	"/>
</Transform>

<Transform dim="0"
 xcoef=" 0 1 0 0 0 0"
 ycoef=" 0 0 1 0 0 0">
<Contour name="Ea2(v1213)" hidden="false" closed="true" simplified="true" border="0.611765 0.27451 0.643137" fill="0.458824 0.729412 1" mode="9"
 points="2.85968 3.10387,
	2.86069 3.09657,
	2.86362 3.08999,
	2.8682 3.08476,
	2.87396 3.08141,
	2.88034 3.08025,
	2.88673 3.08141,
	2.89249 3.08476,
	2.89706 3.08999,
	2.9 3.09657,
	2.90101 3.10387,
	2.9 3.11117,
	2.89706 3.11775,
	2.89249 3.12298,
	2.88673 3.12633,
	2.88034 3.12749,
	2.87396 3.12633,
	2.8682 3.12298,
	2.86362 3.11775,
	"/>
</Transform>

<Transform dim="0"
 xcoef=" 0 1 0 0 0 0"
 ycoef=" 0 0 1 0 0 0">
<Contour name="Ea4(AZ1)" hidden="false" closed="true" simplified="true" border="1 0.501961 0.752941" fill="1 0.501961 1" mode="9"
 points="3.28649 4.30322,
	3.29022 4.25552,
	3.29096 4.24359,
	3.29171 4.2421,
	3.38712 4.26297,
	3.39905 4.26595,
	3.41097 4.26595,
	3.41694 4.2667,
	3.42886 4.27117,
	3.45272 4.28757,
	3.45495 4.28981,
	3.45644 4.29577,
	3.45123 4.31962,
	3.44824 4.33155,
	3.44675 4.33751,
	3.44601 4.34049,
	3.44526 4.34199,
	3.43334 4.33826,
	3.42141 4.32931,
	3.40948 4.32559,
	3.39756 4.32335,
	3.39159 4.32261,
	3.37967 4.3241,
	3.3737 4.32559,
	3.36178 4.32559,
	3.34985 4.32186,
	3.326 4.31664,
	3.31407 4.31291,
	3.29022 4.30993,
	3.28724 4.30919,
	3.28649 4.30397,
	"/>
</Transform>

<Transform dim="0"
 xcoef=" 0 1 0 0 0 0"
 ycoef=" 0 0 1 0 0 0">
<Contour name="Ea4(v458)" hidden="false" closed="true" simplified="true" border="0.612 0.275 0.643" fill="0.459 0.729 1" mode="9"
 points="3.28063 4.37054,
	3.2813 4.36546,
	3.28325 4.36076,
	3.28635 4.35679,
	3.29036 4.35384,
	3.29499 4.35212,
	3.29989 4.35177,
	3.30469 4.35281,
	3.30905 4.35517,
	3.31264 4.35867,
	3.31519 4.36304,
	3.31651 4.36798,
	3.31651 4.3731,
	3.31519 4.37803,
	3.31264 4.38241,
	3.30905 4.3859,
	3.30469 4.38826,
	3.29989 4.3893,
	3.29499 4.38895,
	3.29036 4.38724,
	3.28635 4.38428,
	3.28325 4.38031,
	3.2813 4.37561,
	"/>
</Transform>

</Section>